77.0	201.0	73.0	217.0	96.0	199.0	158.0	163.0	142.0	178.0	172.0	213.0	171.0	236.0	163.0	254.0	181.0	186.0	200.0	158.0	195.0	195.0	205.0	170.0	225.0	175.0	266.0	178.0	255.0	249.0	264.0	207.0	284.0	220.0	299.0	220.0	365.0	187.0	0
69.0	200.0	65.0	214.0	95.0	197.0	156.0	162.0	140.0	178.0	171.0	212.0	169.0	237.0	160.0	255.0	178.0	185.0	201.0	156.0	195.0	196.0	204.0	168.0	229.0	176.0	266.0	177.0	257.0	250.0	263.0	206.0	286.0	221.0	302.0	222.0	370.0	184.0	0
77.0	201.0	73.0	216.0	102.0	197.0	157.0	164.0	140.0	179.0	176.0	212.0	173.0	234.0	164.0	253.0	182.0	186.0	199.0	157.0	197.0	196.0	204.0	170.0	226.0	175.0	269.0	178.0	255.0	248.0	264.0	206.0	284.0	220.0	296.0	220.0	359.0	184.0	0
71.0	202.0	68.0	215.0	95.0	199.0	157.0	163.0	139.0	178.0	173.0	213.0	172.0	237.0	163.0	253.0	180.0	186.0	201.0	157.0	193.0	195.0	204.0	169.0	228.0	176.0	271.0	178.0	257.0	249.0	265.0	207.0	287.0	220.0	301.0	220.0	366.0	184.0	0
80.0	200.0	77.0	216.0	101.0	197.0	159.0	162.0	140.0	177.0	173.0	213.0	169.0	236.0	159.0	252.0	180.0	184.0	201.0	155.0	199.0	196.0	204.0	168.0	224.0	174.0	265.0	177.0	252.0	249.0	261.0	206.0	282.0	220.0	296.0	220.0	360.0	186.0	0
76.0	200.0	73.0	215.0	93.0	197.0	156.0	161.0	140.0	178.0	173.0	213.0	171.0	238.0	161.0	256.0	181.0	185.0	199.0	154.0	197.0	197.0	205.0	168.0	227.0	173.0	271.0	176.0	256.0	253.0	266.0	208.0	287.0	221.0	301.0	222.0	365.0	182.0	0
69.0	201.0	65.0	216.0	93.0	197.0	154.0	161.0	137.0	176.0	173.0	213.0	170.0	238.0	159.0	257.0	180.0	185.0	196.0	155.0	195.0	196.0	203.0	169.0	227.0	174.0	270.0	176.0	258.0	252.0	267.0	206.0	292.0	221.0	307.0	221.0	371.0	180.0	0
70.0	200.0	67.0	217.0	95.0	197.0	155.0	162.0	138.0	178.0	175.0	213.0	172.0	237.0	162.0	256.0	178.0	183.0	200.0	156.0	198.0	196.0	204.0	168.0	226.0	174.0	270.0	176.0	259.0	252.0	266.0	206.0	289.0	221.0	306.0	221.0	372.0	184.0	0
76.0	201.0	70.0	215.0	100.0	198.0	156.0	165.0	139.0	180.0	174.0	212.0	171.0	235.0	163.0	253.0	179.0	186.0	199.0	158.0	196.0	196.0	202.0	169.0	222.0	174.0	265.0	177.0	256.0	248.0	266.0	207.0	285.0	219.0	298.0	219.0	365.0	185.0	0
73.0	201.0	67.0	216.0	92.0	198.0	156.0	163.0	138.0	178.0	174.0	214.0	172.0	237.0	163.0	253.0	179.0	185.0	201.0	157.0	196.0	196.0	205.0	168.0	228.0	174.0	269.0	176.0	259.0	249.0	267.0	206.0	287.0	221.0	302.0	221.0	367.0	184.0	0
76.0	199.0	72.0	213.0	98.0	197.0	158.0	166.0	141.0	180.0	174.0	213.0	171.0	235.0	165.0	252.0	181.0	187.0	201.0	160.0	197.0	197.0	203.0	171.0	225.0	177.0	268.0	178.0	256.0	248.0	264.0	207.0	286.0	219.0	299.0	219.0	360.0	182.0	0
76.0	197.0	72.0	211.0	99.0	195.0	160.0	163.0	141.0	178.0	174.0	211.0	171.0	235.0	165.0	253.0	178.0	185.0	202.0	158.0	199.0	197.0	206.0	170.0	226.0	175.0	266.0	178.0	258.0	249.0	264.0	205.0	286.0	219.0	298.0	218.0	364.0	182.0	0
71.0	201.0	67.0	214.0	94.0	198.0	160.0	163.0	143.0	178.0	173.0	212.0	171.0	235.0	163.0	252.0	182.0	186.0	203.0	157.0	196.0	196.0	207.0	170.0	227.0	176.0	263.0	178.0	257.0	248.0	266.0	206.0	284.0	218.0	297.0	219.0	369.0	187.0	0
76.0	201.0	74.0	217.0	96.0	198.0	161.0	162.0	143.0	178.0	173.0	214.0	169.0	236.0	160.0	253.0	179.0	184.0	202.0	156.0	197.0	196.0	206.0	170.0	225.0	175.0	262.0	177.0	254.0	250.0	263.0	208.0	283.0	222.0	295.0	222.0	365.0	187.0	0
78.0	201.0	75.0	216.0	98.0	199.0	157.0	163.0	141.0	178.0	174.0	213.0	171.0	236.0	162.0	253.0	185.0	187.0	197.0	157.0	195.0	195.0	202.0	169.0	221.0	174.0	264.0	178.0	254.0	250.0	262.0	205.0	286.0	221.0	296.0	220.0	360.0	185.0	0
76.0	200.0	70.0	214.0	97.0	197.0	161.0	164.0	142.0	179.0	174.0	214.0	171.0	235.0	163.0	253.0	183.0	187.0	203.0	158.0	199.0	198.0	206.0	170.0	225.0	175.0	265.0	178.0	255.0	250.0	265.0	208.0	283.0	220.0	297.0	220.0	366.0	185.0	0
68.0	201.0	65.0	216.0	91.0	198.0	155.0	161.0	137.0	177.0	173.0	213.0	171.0	237.0	161.0	255.0	181.0	185.0	200.0	156.0	195.0	196.0	204.0	168.0	227.0	174.0	275.0	178.0	257.0	251.0	265.0	206.0	288.0	221.0	302.0	220.0	371.0	185.0	0
73.0	200.0	68.0	215.0	99.0	197.0	159.0	162.0	141.0	179.0	173.0	212.0	172.0	236.0	163.0	254.0	181.0	186.0	198.0	156.0	195.0	195.0	204.0	169.0	225.0	174.0	268.0	176.0	256.0	249.0	266.0	206.0	286.0	219.0	301.0	220.0	368.0	185.0	0
75.0	200.0	72.0	213.0	97.0	197.0	156.0	165.0	140.0	180.0	174.0	213.0	171.0	234.0	163.0	250.0	178.0	186.0	199.0	159.0	198.0	197.0	203.0	171.0	225.0	176.0	269.0	178.0	257.0	248.0	264.0	205.0	286.0	218.0	300.0	218.0	366.0	184.0	0
78.0	199.0	75.0	214.0	101.0	197.0	159.0	164.0	141.0	179.0	174.0	213.0	171.0	236.0	161.0	254.0	180.0	185.0	199.0	159.0	198.0	197.0	202.0	171.0	225.0	176.0	266.0	178.0	253.0	251.0	262.0	205.0	284.0	220.0	297.0	219.0	360.0	183.0	0
73.0	201.0	70.0	214.0	98.0	198.0	157.0	163.0	139.0	179.0	175.0	213.0	173.0	236.0	165.0	253.0	179.0	186.0	198.0	157.0	196.0	197.0	204.0	170.0	226.0	175.0	266.0	177.0	255.0	249.0	264.0	206.0	284.0	220.0	299.0	220.0	365.0	184.0	0
75.0	201.0	71.0	215.0	95.0	199.0	154.0	162.0	138.0	179.0	172.0	213.0	170.0	237.0	162.0	253.0	178.0	185.0	198.0	156.0	197.0	197.0	201.0	169.0	223.0	175.0	269.0	178.0	257.0	251.0	266.0	207.0	288.0	221.0	303.0	221.0	367.0	182.0	0
78.0	200.0	75.0	216.0	99.0	197.0	160.0	164.0	143.0	178.0	174.0	212.0	171.0	234.0	162.0	252.0	180.0	186.0	200.0	158.0	196.0	196.0	202.0	169.0	226.0	176.0	264.0	178.0	254.0	247.0	264.0	208.0	283.0	219.0	296.0	219.0	359.0	184.0	0
72.0	201.0	68.0	217.0	94.0	198.0	156.0	162.0	139.0	177.0	172.0	213.0	171.0	237.0	163.0	255.0	178.0	184.0	201.0	157.0	196.0	196.0	205.0	169.0	225.0	175.0	270.0	178.0	260.0	249.0	263.0	206.0	288.0	221.0	302.0	221.0	369.0	184.0	0
69.0	201.0	65.0	216.0	93.0	198.0	157.0	161.0	138.0	178.0	174.0	213.0	171.0	236.0	161.0	255.0	179.0	185.0	200.0	155.0	199.0	197.0	207.0	168.0	228.0	174.0	270.0	176.0	259.0	251.0	266.0	207.0	288.0	221.0	305.0	221.0	373.0	185.0	0
72.0	200.0	68.0	216.0	94.0	197.0	157.0	162.0	138.0	178.0	171.0	214.0	169.0	237.0	160.0	255.0	177.0	184.0	199.0	156.0	194.0	196.0	203.0	168.0	227.0	174.0	269.0	177.0	258.0	251.0	266.0	207.0	287.0	222.0	303.0	222.0	371.0	182.0	0
76.0	201.0	71.0	216.0	97.0	198.0	158.0	164.0	141.0	179.0	174.0	212.0	172.0	235.0	164.0	253.0	178.0	185.0	203.0	156.0	196.0	195.0	207.0	169.0	227.0	174.0	267.0	177.0	255.0	249.0	263.0	207.0	284.0	221.0	300.0	221.0	368.0	185.0	0
70.0	200.0	66.0	215.0	98.0	197.0	159.0	163.0	141.0	178.0	176.0	213.0	173.0	237.0	163.0	254.0	183.0	187.0	200.0	156.0	199.0	198.0	205.0	170.0	228.0	176.0	267.0	177.0	258.0	251.0	271.0	209.0	288.0	221.0	304.0	221.0	372.0	181.0	0
74.0	201.0	70.0	216.0	100.0	198.0	156.0	162.0	140.0	178.0	174.0	213.0	170.0	236.0	160.0	254.0	177.0	183.0	200.0	156.0	198.0	197.0	204.0	168.0	224.0	174.0	265.0	176.0	256.0	249.0	265.0	208.0	284.0	220.0	298.0	221.0	365.0	184.0	0
78.0	201.0	75.0	215.0	98.0	198.0	157.0	164.0	140.0	179.0	174.0	212.0	171.0	236.0	164.0	252.0	181.0	185.0	198.0	158.0	196.0	196.0	203.0	171.0	226.0	176.0	264.0	179.0	255.0	248.0	262.0	206.0	281.0	219.0	295.0	220.0	361.0	186.0	0
79.0	200.0	75.0	214.0	100.0	198.0	158.0	164.0	141.0	179.0	176.0	213.0	173.0	236.0	164.0	253.0	179.0	185.0	200.0	158.0	198.0	197.0	204.0	170.0	224.0	176.0	264.0	178.0	255.0	245.0	261.0	205.0	282.0	219.0	296.0	218.0	359.0	185.0	0
71.0	202.0	67.0	216.0	95.0	199.0	156.0	162.0	139.0	178.0	171.0	214.0	168.0	237.0	160.0	254.0	179.0	185.0	200.0	156.0	195.0	196.0	204.0	168.0	225.0	173.0	271.0	177.0	258.0	251.0	267.0	208.0	287.0	221.0	303.0	221.0	370.0	184.0	0
72.0	201.0	67.0	215.0	96.0	198.0	155.0	163.0	140.0	178.0	173.0	213.0	169.0	237.0	161.0	255.0	176.0	185.0	200.0	157.0	194.0	196.0	205.0	169.0	227.0	175.0	269.0	177.0	257.0	250.0	266.0	208.0	285.0	222.0	302.0	222.0	370.0	184.0	0
73.0	203.0	67.0	216.0	94.0	199.0	156.0	163.0	138.0	179.0	173.0	213.0	172.0	237.0	164.0	253.0	179.0	185.0	201.0	157.0	196.0	196.0	205.0	170.0	225.0	175.0	268.0	177.0	260.0	248.0	267.0	206.0	289.0	220.0	304.0	220.0	373.0	185.0	0
81.0	201.0	77.0	214.0	100.0	198.0	158.0	166.0	142.0	180.0	174.0	212.0	172.0	233.0	166.0	249.0	179.0	187.0	201.0	160.0	195.0	197.0	205.0	172.0	224.0	176.0	264.0	178.0	255.0	247.0	263.0	207.0	283.0	219.0	296.0	219.0	361.0	185.0	0
76.0	200.0	71.0	216.0	97.0	198.0	159.0	164.0	141.0	179.0	173.0	213.0	171.0	235.0	162.0	253.0	181.0	186.0	200.0	158.0	197.0	196.0	205.0	170.0	225.0	176.0	268.0	178.0	259.0	249.0	265.0	205.0	286.0	219.0	301.0	219.0	367.0	185.0	0
81.0	201.0	78.0	216.0	102.0	198.0	156.0	165.0	141.0	180.0	175.0	212.0	174.0	235.0	168.0	252.0	179.0	185.0	198.0	159.0	197.0	197.0	202.0	170.0	224.0	176.0	264.0	177.0	256.0	245.0	262.0	205.0	284.0	219.0	296.0	219.0	358.0	183.0	0
71.0	201.0	68.0	216.0	96.0	198.0	157.0	165.0	142.0	179.0	175.0	213.0	170.0	234.0	161.0	251.0	184.0	187.0	200.0	159.0	195.0	197.0	204.0	171.0	224.0	176.0	267.0	178.0	261.0	248.0	270.0	209.0	290.0	220.0	301.0	220.0	368.0	182.0	0
76.0	200.0	71.0	214.0	100.0	197.0	157.0	164.0	141.0	179.0	174.0	212.0	171.0	235.0	163.0	251.0	179.0	186.0	202.0	159.0	196.0	196.0	205.0	170.0	226.0	176.0	265.0	178.0	256.0	247.0	262.0	205.0	283.0	218.0	297.0	219.0	366.0	186.0	0
75.0	201.0	71.0	216.0	97.0	198.0	157.0	164.0	141.0	178.0	175.0	213.0	172.0	235.0	164.0	253.0	179.0	185.0	200.0	158.0	196.0	196.0	204.0	170.0	227.0	176.0	269.0	177.0	256.0	248.0	266.0	208.0	286.0	220.0	300.0	221.0	365.0	184.0	0
70.0	201.0	67.0	215.0	95.0	198.0	155.0	164.0	140.0	178.0	173.0	214.0	170.0	236.0	161.0	253.0	178.0	186.0	198.0	157.0	194.0	196.0	203.0	169.0	225.0	175.0	268.0	177.0	258.0	251.0	261.0	205.0	287.0	221.0	302.0	221.0	367.0	183.0	0
76.0	200.0	73.0	215.0	100.0	197.0	159.0	164.0	144.0	178.0	175.0	213.0	173.0	235.0	164.0	252.0	181.0	185.0	200.0	158.0	198.0	197.0	203.0	170.0	226.0	177.0	265.0	180.0	254.0	248.0	261.0	206.0	282.0	220.0	296.0	219.0	361.0	185.0	0
72.0	201.0	69.0	216.0	98.0	198.0	155.0	163.0	139.0	179.0	173.0	214.0	171.0	237.0	163.0	253.0	177.0	185.0	199.0	156.0	198.0	198.0	204.0	169.0	227.0	175.0	267.0	177.0	258.0	250.0	265.0	206.0	288.0	221.0	300.0	221.0	368.0	183.0	0
74.0	200.0	71.0	215.0	94.0	198.0	156.0	163.0	137.0	179.0	173.0	212.0	171.0	236.0	161.0	253.0	181.0	185.0	200.0	158.0	197.0	196.0	204.0	170.0	224.0	175.0	270.0	178.0	254.0	249.0	265.0	207.0	284.0	220.0	298.0	220.0	365.0	185.0	0
71.0	200.0	68.0	217.0	92.0	197.0	157.0	160.0	137.0	177.0	172.0	214.0	168.0	237.0	160.0	257.0	179.0	184.0	202.0	155.0	194.0	195.0	205.0	167.0	228.0	174.0	273.0	177.0	260.0	252.0	267.0	208.0	290.0	221.0	306.0	222.0	373.0	185.0	0
78.0	201.0	75.0	216.0	98.0	198.0	159.0	164.0	141.0	179.0	175.0	213.0	173.0	236.0	165.0	253.0	178.0	185.0	199.0	159.0	196.0	196.0	202.0	169.0	226.0	176.0	268.0	178.0	260.0	246.0	265.0	206.0	287.0	219.0	300.0	218.0	364.0	185.0	0
77.0	200.0	71.0	215.0	97.0	198.0	160.0	163.0	141.0	178.0	175.0	213.0	173.0	236.0	163.0	253.0	181.0	186.0	201.0	157.0	195.0	195.0	205.0	169.0	226.0	174.0	267.0	178.0	256.0	249.0	265.0	207.0	284.0	221.0	299.0	221.0	364.0	186.0	0
77.0	201.0	73.0	215.0	98.0	199.0	159.0	164.0	141.0	179.0	174.0	212.0	171.0	234.0	160.0	252.0	181.0	186.0	202.0	159.0	196.0	197.0	205.0	170.0	223.0	175.0	264.0	178.0	255.0	248.0	267.0	209.0	283.0	219.0	298.0	219.0	364.0	187.0	0
79.0	200.0	74.0	214.0	103.0	198.0	158.0	164.0	142.0	179.0	175.0	213.0	171.0	234.0	161.0	251.0	182.0	185.0	199.0	159.0	195.0	195.0	204.0	170.0	225.0	175.0	270.0	179.0	253.0	249.0	267.0	208.0	284.0	220.0	298.0	219.0	361.0	185.0	0
76.0	201.0	74.0	217.0	96.0	198.0	154.0	164.0	138.0	178.0	173.0	212.0	171.0	234.0	163.0	252.0	178.0	185.0	200.0	159.0	197.0	196.0	204.0	170.0	228.0	176.0	269.0	178.0	259.0	247.0	262.0	204.0	286.0	219.0	301.0	219.0	364.0	185.0	0
74.0	199.0	70.0	215.0	93.0	197.0	160.0	161.0	143.0	175.0	173.0	213.0	169.0	236.0	159.0	254.0	181.0	184.0	204.0	156.0	199.0	198.0	208.0	169.0	227.0	174.0	269.0	178.0	252.0	252.0	266.0	209.0	285.0	222.0	300.0	222.0	365.0	183.0	0
76.0	201.0	73.0	215.0	96.0	199.0	157.0	164.0	139.0	179.0	176.0	214.0	171.0	237.0	164.0	253.0	178.0	185.0	201.0	158.0	197.0	197.0	203.0	169.0	223.0	175.0	263.0	177.0	257.0	249.0	263.0	206.0	285.0	220.0	299.0	220.0	362.0	183.0	0
76.0	200.0	72.0	215.0	95.0	197.0	160.0	162.0	141.0	179.0	175.0	213.0	171.0	237.0	161.0	254.0	179.0	184.0	203.0	157.0	197.0	196.0	206.0	169.0	225.0	175.0	267.0	179.0	257.0	250.0	265.0	207.0	286.0	221.0	300.0	221.0	363.0	182.0	0
69.0	200.0	65.0	216.0	91.0	197.0	154.0	162.0	138.0	177.0	170.0	212.0	168.0	236.0	159.0	254.0	175.0	184.0	199.0	156.0	195.0	196.0	203.0	169.0	224.0	174.0	273.0	177.0	258.0	251.0	267.0	206.0	292.0	221.0	305.0	221.0	372.0	183.0	0
78.0	200.0	74.0	214.0	99.0	197.0	162.0	163.0	143.0	178.0	175.0	213.0	171.0	235.0	162.0	253.0	180.0	186.0	201.0	157.0	199.0	197.0	205.0	170.0	223.0	176.0	261.0	177.0	259.0	248.0	263.0	206.0	283.0	219.0	297.0	218.0	363.0	186.0	0
75.0	200.0	70.0	216.0	96.0	198.0	159.0	162.0	139.0	179.0	174.0	213.0	173.0	236.0	164.0	254.0	180.0	185.0	202.0	156.0	196.0	196.0	207.0	168.0	229.0	175.0	269.0	177.0	254.0	250.0	266.0	207.0	284.0	220.0	300.0	221.0	367.0	185.0	0
75.0	201.0	73.0	217.0	99.0	198.0	158.0	165.0	143.0	179.0	173.0	212.0	169.0	234.0	160.0	251.0	180.0	186.0	200.0	159.0	199.0	198.0	204.0	170.0	224.0	176.0	265.0	178.0	253.0	248.0	263.0	207.0	281.0	219.0	295.0	220.0	362.0	187.0	0
74.0	200.0	68.0	215.0	97.0	198.0	154.0	164.0	137.0	180.0	172.0	214.0	171.0	236.0	163.0	253.0	176.0	186.0	198.0	158.0	191.0	196.0	202.0	170.0	222.0	174.0	271.0	177.0	256.0	249.0	263.0	206.0	286.0	221.0	301.0	220.0	366.0	182.0	0
75.0	201.0	69.0	215.0	97.0	198.0	156.0	165.0	136.0	180.0	174.0	212.0	172.0	235.0	163.0	252.0	183.0	186.0	199.0	159.0	195.0	194.0	203.0	169.0	227.0	175.0	271.0	179.0	257.0	247.0	263.0	206.0	285.0	220.0	301.0	220.0	365.0	185.0	0
79.0	201.0	77.0	215.0	100.0	199.0	155.0	166.0	137.0	181.0	175.0	212.0	170.0	233.0	162.0	249.0	177.0	184.0	200.0	160.0	196.0	196.0	203.0	170.0	227.0	177.0	270.0	180.0	254.0	247.0	264.0	205.0	283.0	219.0	298.0	219.0	362.0	185.0	0
70.0	201.0	65.0	213.0	95.0	198.0	157.0	163.0	141.0	178.0	175.0	213.0	172.0	236.0	163.0	254.0	182.0	186.0	201.0	157.0	198.0	197.0	206.0	170.0	230.0	177.0	272.0	179.0	258.0	250.0	263.0	204.0	287.0	220.0	301.0	220.0	371.0	184.0	0
74.0	199.0	71.0	215.0	96.0	197.0	157.0	163.0	142.0	178.0	173.0	213.0	170.0	235.0	160.0	253.0	180.0	185.0	201.0	158.0	197.0	194.0	205.0	169.0	227.0	174.0	268.0	178.0	254.0	249.0	267.0	207.0	286.0	219.0	300.0	220.0	366.0	185.0	0
73.0	198.0	69.0	215.0	96.0	196.0	157.0	161.0	136.0	178.0	174.0	214.0	171.0	237.0	163.0	254.0	183.0	186.0	200.0	156.0	197.0	197.0	206.0	169.0	228.0	175.0	271.0	177.0	258.0	249.0	266.0	206.0	287.0	219.0	302.0	219.0	374.0	184.0	0
74.0	201.0	70.0	217.0	99.0	198.0	158.0	164.0	142.0	179.0	173.0	212.0	172.0	237.0	164.0	254.0	181.0	185.0	200.0	158.0	197.0	195.0	204.0	170.0	227.0	176.0	268.0	178.0	256.0	249.0	265.0	206.0	286.0	219.0	297.0	218.0	362.0	188.0	0
72.0	200.0	68.0	215.0	97.0	197.0	157.0	164.0	142.0	178.0	174.0	213.0	170.0	235.0	162.0	251.0	182.0	186.0	204.0	159.0	197.0	196.0	206.0	169.0	228.0	175.0	268.0	178.0	258.0	247.0	265.0	206.0	287.0	220.0	299.0	220.0	365.0	186.0	0
76.0	201.0	72.0	216.0	98.0	198.0	158.0	161.0	139.0	177.0	173.0	212.0	170.0	237.0	159.0	254.0	182.0	186.0	200.0	156.0	195.0	195.0	204.0	168.0	227.0	175.0	268.0	178.0	253.0	250.0	265.0	208.0	282.0	221.0	298.0	221.0	363.0	186.0	0
74.0	199.0	68.0	213.0	99.0	197.0	158.0	164.0	141.0	179.0	174.0	213.0	172.0	234.0	162.0	252.0	181.0	186.0	202.0	158.0	194.0	195.0	208.0	170.0	230.0	175.0	269.0	178.0	251.0	248.0	264.0	206.0	281.0	218.0	296.0	220.0	364.0	187.0	0
74.0	200.0	71.0	214.0	97.0	198.0	156.0	165.0	141.0	179.0	175.0	211.0	173.0	234.0	165.0	252.0	181.0	186.0	200.0	159.0	196.0	195.0	206.0	171.0	226.0	176.0	266.0	177.0	252.0	247.0	263.0	205.0	283.0	217.0	298.0	218.0	365.0	185.0	0
76.0	200.0	72.0	215.0	97.0	198.0	155.0	165.0	140.0	178.0	175.0	211.0	171.0	235.0	162.0	252.0	182.0	186.0	202.0	158.0	197.0	197.0	206.0	170.0	228.0	176.0	269.0	178.0	255.0	248.0	261.0	205.0	284.0	220.0	297.0	219.0	362.0	184.0	0
76.0	201.0	73.0	216.0	97.0	198.0	157.0	164.0	140.0	179.0	174.0	212.0	173.0	235.0	165.0	252.0	181.0	186.0	201.0	158.0	194.0	195.0	205.0	170.0	228.0	176.0	266.0	179.0	257.0	246.0	262.0	205.0	283.0	218.0	296.0	219.0	366.0	185.0	0
70.0	199.0	67.0	215.0	97.0	197.0	157.0	163.0	142.0	178.0	172.0	212.0	168.0	236.0	159.0	253.0	181.0	185.0	203.0	157.0	195.0	195.0	205.0	169.0	226.0	174.0	270.0	178.0	254.0	248.0	265.0	207.0	284.0	219.0	297.0	220.0	371.0	187.0	0
76.0	200.0	73.0	214.0	98.0	198.0	158.0	164.0	141.0	179.0	174.0	212.0	171.0	234.0	161.0	251.0	179.0	186.0	199.0	159.0	200.0	198.0	205.0	171.0	227.0	177.0	261.0	179.0	257.0	247.0	262.0	205.0	284.0	219.0	299.0	219.0	361.0	185.0	0
75.0	198.0	70.0	213.0	100.0	196.0	159.0	163.0	141.0	179.0	174.0	214.0	170.0	237.0	161.0	253.0	182.0	186.0	202.0	157.0	199.0	197.0	207.0	170.0	227.0	175.0	268.0	178.0	254.0	249.0	264.0	207.0	283.0	220.0	297.0	220.0	364.0	184.0	0
80.0	201.0	75.0	216.0	102.0	198.0	160.0	164.0	144.0	178.0	175.0	213.0	172.0	235.0	162.0	252.0	180.0	184.0	201.0	158.0	196.0	196.0	205.0	170.0	225.0	176.0	267.0	178.0	255.0	249.0	265.0	207.0	286.0	221.0	297.0	220.0	362.0	185.0	0
72.0	200.0	69.0	214.0	94.0	198.0	157.0	164.0	139.0	179.0	174.0	214.0	172.0	236.0	163.0	253.0	179.0	186.0	200.0	158.0	198.0	198.0	204.0	170.0	225.0	176.0	268.0	178.0	258.0	248.0	264.0	207.0	285.0	219.0	299.0	218.0	366.0	184.0	0
76.0	199.0	72.0	215.0	99.0	197.0	160.0	165.0	143.0	179.0	174.0	213.0	172.0	235.0	163.0	253.0	178.0	186.0	199.0	159.0	196.0	197.0	203.0	171.0	223.0	176.0	265.0	178.0	256.0	248.0	264.0	207.0	285.0	220.0	298.0	219.0	362.0	183.0	0
78.0	200.0	75.0	216.0	100.0	197.0	157.0	164.0	140.0	179.0	173.0	214.0	171.0	235.0	162.0	253.0	182.0	186.0	201.0	158.0	196.0	196.0	205.0	169.0	224.0	175.0	265.0	178.0	256.0	248.0	260.0	205.0	283.0	220.0	298.0	220.0	363.0	187.0	0
71.0	200.0	68.0	216.0	91.0	197.0	158.0	163.0	140.0	178.0	172.0	212.0	170.0	236.0	163.0	256.0	178.0	185.0	203.0	157.0	196.0	196.0	206.0	169.0	225.0	175.0	267.0	177.0	257.0	249.0	266.0	207.0	287.0	220.0	300.0	220.0	367.0	186.0	0
75.0	203.0	71.0	217.0	94.0	200.0	156.0	163.0	138.0	178.0	176.0	214.0	173.0	237.0	165.0	253.0	179.0	185.0	199.0	157.0	199.0	198.0	203.0	169.0	222.0	173.0	266.0	177.0	258.0	248.0	264.0	207.0	287.0	221.0	299.0	220.0	362.0	183.0	0
78.0	199.0	75.0	215.0	99.0	196.0	162.0	164.0	143.0	178.0	176.0	212.0	172.0	235.0	163.0	252.0	183.0	185.0	201.0	159.0	198.0	197.0	206.0	171.0	226.0	176.0	267.0	178.0	255.0	248.0	261.0	205.0	282.0	219.0	295.0	219.0	361.0	186.0	0
68.0	198.0	62.0	214.0	95.0	196.0	156.0	163.0	140.0	179.0	173.0	213.0	170.0	237.0	158.0	254.0	181.0	187.0	201.0	155.0	198.0	198.0	206.0	170.0	227.0	176.0	270.0	178.0	257.0	252.0	266.0	207.0	288.0	221.0	302.0	220.0	374.0	182.0	0
76.0	202.0	73.0	216.0	96.0	199.0	157.0	164.0	140.0	179.0	174.0	211.0	172.0	235.0	163.0	252.0	179.0	186.0	198.0	159.0	194.0	195.0	202.0	170.0	226.0	176.0	268.0	178.0	259.0	247.0	266.0	207.0	286.0	219.0	301.0	219.0	366.0	184.0	0
75.0	201.0	73.0	216.0	95.0	198.0	159.0	162.0	143.0	177.0	174.0	213.0	170.0	237.0	160.0	252.0	182.0	185.0	204.0	156.0	196.0	196.0	209.0	170.0	229.0	176.0	266.0	178.0	257.0	249.0	265.0	208.0	286.0	222.0	299.0	222.0	364.0	185.0	0
73.0	201.0	70.0	215.0	96.0	197.0	156.0	163.0	139.0	180.0	173.0	212.0	169.0	235.0	160.0	252.0	178.0	186.0	199.0	158.0	194.0	196.0	203.0	169.0	225.0	174.0	269.0	177.0	256.0	250.0	266.0	208.0	286.0	220.0	300.0	220.0	366.0	182.0	0
72.0	201.0	68.0	217.0	95.0	198.0	158.0	162.0	140.0	178.0	173.0	213.0	170.0	237.0	161.0	255.0	179.0	184.0	202.0	156.0	196.0	195.0	204.0	168.0	227.0	173.0	267.0	177.0	255.0	251.0	268.0	208.0	287.0	221.0	300.0	220.0	369.0	187.0	0
79.0	203.0	75.0	216.0	100.0	200.0	158.0	164.0	140.0	181.0	176.0	211.0	173.0	233.0	164.0	250.0	179.0	185.0	201.0	159.0	197.0	196.0	206.0	171.0	224.0	176.0	265.0	178.0	256.0	246.0	260.0	204.0	284.0	220.0	298.0	220.0	363.0	187.0	0
71.0	201.0	67.0	215.0	94.0	197.0	157.0	163.0	140.0	179.0	172.0	213.0	169.0	235.0	160.0	253.0	182.0	185.0	201.0	156.0	199.0	198.0	205.0	169.0	230.0	176.0	268.0	177.0	258.0	250.0	264.0	206.0	287.0	222.0	300.0	221.0	368.0	184.0	0
67.0	199.0	62.0	215.0	89.0	196.0	156.0	161.0	138.0	176.0	173.0	213.0	171.0	236.0	162.0	257.0	180.0	185.0	201.0	155.0	198.0	196.0	206.0	167.0	230.0	174.0	271.0	176.0	261.0	252.0	271.0	206.0	294.0	221.0	308.0	221.0	377.0	181.0	0
76.0	200.0	72.0	216.0	97.0	198.0	157.0	162.0	137.0	180.0	174.0	216.0	170.0	239.0	161.0	255.0	175.0	186.0	200.0	156.0	196.0	198.0	203.0	168.0	225.0	173.0	266.0	175.0	255.0	253.0	264.0	208.0	285.0	222.0	302.0	222.0	364.0	181.0	0
70.0	201.0	64.0	215.0	92.0	199.0	154.0	162.0	136.0	179.0	173.0	213.0	171.0	236.0	162.0	255.0	180.0	186.0	200.0	156.0	195.0	195.0	204.0	168.0	227.0	175.0	271.0	177.0	258.0	249.0	267.0	206.0	287.0	219.0	303.0	219.0	374.0	185.0	0
79.0	200.0	75.0	212.0	102.0	197.0	160.0	164.0	143.0	179.0	174.0	212.0	171.0	235.0	162.0	250.0	179.0	185.0	203.0	159.0	195.0	196.0	206.0	170.0	227.0	176.0	267.0	180.0	253.0	247.0	260.0	206.0	282.0	219.0	294.0	219.0	358.0	187.0	0
70.0	202.0	66.0	218.0	95.0	198.0	155.0	162.0	138.0	178.0	173.0	213.0	170.0	237.0	162.0	254.0	180.0	185.0	200.0	155.0	197.0	197.0	204.0	168.0	225.0	174.0	269.0	177.0	257.0	250.0	266.0	208.0	287.0	221.0	302.0	221.0	370.0	184.0	0
72.0	201.0	68.0	214.0	96.0	199.0	155.0	164.0	140.0	179.0	172.0	213.0	168.0	235.0	162.0	251.0	179.0	185.0	201.0	159.0	197.0	198.0	205.0	170.0	225.0	175.0	265.0	178.0	258.0	249.0	264.0	206.0	287.0	220.0	300.0	219.0	365.0	184.0	0
73.0	199.0	68.0	214.0	96.0	198.0	159.0	162.0	144.0	177.0	174.0	214.0	171.0	236.0	163.0	254.0	180.0	184.0	201.0	157.0	197.0	196.0	206.0	169.0	225.0	174.0	266.0	176.0	260.0	251.0	266.0	207.0	287.0	221.0	302.0	221.0	368.0	183.0	0
78.0	201.0	75.0	217.0	99.0	198.0	157.0	163.0	140.0	179.0	176.0	212.0	172.0	236.0	162.0	253.0	179.0	185.0	199.0	157.0	195.0	196.0	204.0	169.0	224.0	175.0	265.0	177.0	256.0	249.0	266.0	207.0	286.0	220.0	300.0	220.0	364.0	184.0	0
75.0	200.0	71.0	216.0	96.0	197.0	159.0	164.0	141.0	179.0	173.0	214.0	169.0	236.0	160.0	253.0	180.0	186.0	201.0	158.0	196.0	196.0	205.0	170.0	225.0	175.0	264.0	177.0	256.0	251.0	263.0	207.0	285.0	221.0	298.0	221.0	365.0	185.0	0
74.0	201.0	70.0	216.0	96.0	197.0	157.0	162.0	140.0	178.0	174.0	212.0	172.0	236.0	162.0	253.0	180.0	184.0	201.0	156.0	200.0	197.0	207.0	169.0	226.0	175.0	269.0	178.0	258.0	250.0	265.0	206.0	286.0	220.0	299.0	219.0	366.0	184.0	0
68.0	201.0	65.0	215.0	92.0	199.0	154.0	163.0	139.0	178.0	172.0	214.0	169.0	238.0	160.0	254.0	178.0	185.0	199.0	157.0	198.0	197.0	204.0	169.0	227.0	175.0	269.0	176.0	259.0	253.0	268.0	207.0	289.0	222.0	306.0	223.0	370.0	182.0	0
77.0	200.0	74.0	215.0	100.0	197.0	160.0	164.0	143.0	179.0	174.0	212.0	171.0	234.0	162.0	250.0	182.0	186.0	203.0	159.0	199.0	197.0	207.0	171.0	227.0	177.0	266.0	180.0	254.0	247.0	262.0	206.0	284.0	220.0	297.0	220.0	360.0	185.0	0
75.0	200.0	71.0	214.0	94.0	198.0	156.0	164.0	139.0	180.0	174.0	214.0	171.0	236.0	165.0	252.0	180.0	187.0	198.0	157.0	196.0	197.0	204.0	170.0	225.0	175.0	267.0	178.0	255.0	247.0	263.0	206.0	283.0	219.0	299.0	219.0	365.0	186.0	0
74.0	201.0	70.0	217.0	95.0	198.0	157.0	162.0	139.0	178.0	173.0	214.0	170.0	238.0	160.0	255.0	179.0	185.0	196.0	156.0	197.0	196.0	199.0	168.0	222.0	173.0	267.0	177.0	257.0	250.0	267.0	206.0	289.0	221.0	304.0	220.0	369.0	183.0	0
77.0	201.0	72.0	215.0	97.0	198.0	158.0	164.0	141.0	179.0	173.0	214.0	171.0	236.0	163.0	254.0	180.0	185.0	201.0	158.0	195.0	196.0	205.0	170.0	225.0	176.0	265.0	179.0	255.0	249.0	262.0	207.0	283.0	220.0	296.0	220.0	362.0	186.0	0
72.0	199.0	68.0	214.0	95.0	197.0	157.0	163.0	141.0	178.0	174.0	214.0	169.0	236.0	160.0	254.0	181.0	185.0	204.0	158.0	197.0	197.0	208.0	170.0	231.0	176.0	270.0	178.0	257.0	250.0	265.0	207.0	287.0	221.0	299.0	220.0	366.0	185.0	0
77.0	200.0	73.0	215.0	100.0	197.0	157.0	165.0	142.0	178.0	174.0	212.0	171.0	234.0	162.0	252.0	181.0	186.0	205.0	160.0	196.0	195.0	207.0	171.0	226.0	176.0	266.0	179.0	254.0	249.0	263.0	207.0	283.0	220.0	297.0	219.0	361.0	186.0	0
75.0	200.0	71.0	215.0	98.0	197.0	158.0	165.0	144.0	177.0	173.0	212.0	172.0	235.0	162.0	253.0	184.0	187.0	198.0	159.0	196.0	197.0	202.0	171.0	225.0	177.0	270.0	180.0	254.0	248.0	264.0	206.0	284.0	219.0	299.0	220.0	362.0	186.0	0
70.0	199.0	66.0	215.0	92.0	196.0	149.0	162.0	131.0	178.0	166.0	212.0	163.0	236.0	153.0	253.0	171.0	184.0	193.0	162.0	187.0	195.0	217.0	174.0	246.0	250.0	262.0	178.0	254.0	207.0	276.0	221.0	291.0	221.0	356.0	185.0	372.0	195.0	0
72.0	201.0	69.0	217.0	94.0	199.0	156.0	163.0	141.0	178.0	175.0	212.0	170.0	235.0	161.0	254.0	179.0	184.0	202.0	158.0	199.0	197.0	205.0	170.0	227.0	175.0	267.0	177.0	259.0	250.0	265.0	206.0	287.0	221.0	303.0	221.0	369.0	185.0	0
78.0	201.0	74.0	217.0	98.0	198.0	156.0	165.0	142.0	178.0	173.0	213.0	171.0	235.0	163.0	252.0	181.0	186.0	202.0	159.0	195.0	195.0	205.0	170.0	225.0	175.0	268.0	179.0	253.0	248.0	265.0	207.0	282.0	219.0	295.0	220.0	361.0	187.0	0
77.0	200.0	73.0	216.0	94.0	198.0	158.0	163.0	140.0	178.0	173.0	213.0	169.0	236.0	161.0	252.0	180.0	185.0	202.0	157.0	196.0	196.0	204.0	169.0	227.0	175.0	263.0	177.0	255.0	250.0	264.0	207.0	285.0	221.0	298.0	222.0	364.0	186.0	0
78.0	200.0	74.0	215.0	97.0	198.0	161.0	164.0	142.0	179.0	176.0	213.0	174.0	236.0	165.0	253.0	179.0	185.0	202.0	158.0	199.0	197.0	205.0	169.0	224.0	175.0	264.0	178.0	257.0	248.0	261.0	206.0	283.0	221.0	298.0	220.0	366.0	186.0	0
77.0	202.0	72.0	216.0	99.0	198.0	159.0	163.0	142.0	179.0	174.0	213.0	171.0	235.0	161.0	252.0	180.0	185.0	200.0	157.0	195.0	195.0	204.0	169.0	226.0	175.0	267.0	177.0	254.0	250.0	264.0	207.0	285.0	221.0	297.0	221.0	364.0	186.0	0
72.0	201.0	67.0	216.0	93.0	198.0	153.0	163.0	136.0	178.0	173.0	213.0	170.0	238.0	162.0	254.0	178.0	185.0	199.0	157.0	195.0	195.0	202.0	168.0	225.0	174.0	270.0	177.0	259.0	251.0	266.0	207.0	289.0	220.0	301.0	219.0	369.0	184.0	0
73.0	200.0	70.0	213.0	95.0	197.0	157.0	163.0	140.0	179.0	174.0	212.0	170.0	234.0	162.0	251.0	180.0	186.0	202.0	158.0	196.0	195.0	205.0	169.0	224.0	175.0	267.0	177.0	255.0	249.0	264.0	207.0	283.0	220.0	298.0	219.0	366.0	183.0	0
75.0	201.0	72.0	214.0	98.0	198.0	157.0	168.0	141.0	181.0	176.0	211.0	174.0	232.0	167.0	248.0	180.0	187.0	200.0	162.0	197.0	197.0	203.0	172.0	225.0	177.0	264.0	179.0	259.0	244.0	265.0	206.0	284.0	217.0	300.0	217.0	362.0	183.0	0
76.0	200.0	73.0	215.0	98.0	197.0	156.0	164.0	139.0	179.0	174.0	213.0	171.0	236.0	162.0	252.0	177.0	185.0	201.0	157.0	195.0	197.0	205.0	170.0	226.0	175.0	267.0	177.0	252.0	247.0	262.0	206.0	281.0	220.0	296.0	221.0	365.0	185.0	0
73.0	201.0	70.0	216.0	96.0	198.0	155.0	164.0	139.0	178.0	172.0	212.0	170.0	235.0	162.0	252.0	179.0	186.0	197.0	157.0	196.0	198.0	202.0	170.0	224.0	175.0	269.0	177.0	254.0	250.0	267.0	209.0	283.0	219.0	298.0	219.0	360.0	181.0	0
73.0	201.0	69.0	216.0	95.0	198.0	156.0	163.0	139.0	178.0	173.0	212.0	172.0	236.0	163.0	253.0	179.0	184.0	201.0	158.0	198.0	195.0	203.0	169.0	226.0	175.0	271.0	178.0	258.0	249.0	265.0	207.0	287.0	220.0	301.0	220.0	367.0	184.0	0
74.0	200.0	70.0	215.0	98.0	198.0	159.0	164.0	142.0	178.0	175.0	212.0	172.0	235.0	161.0	253.0	181.0	185.0	202.0	158.0	196.0	195.0	206.0	170.0	228.0	176.0	270.0	178.0	254.0	249.0	267.0	207.0	286.0	220.0	301.0	219.0	364.0	186.0	0
75.0	201.0	71.0	216.0	99.0	198.0	159.0	164.0	143.0	179.0	175.0	213.0	171.0	235.0	164.0	251.0	181.0	187.0	202.0	158.0	198.0	197.0	205.0	170.0	226.0	175.0	264.0	177.0	256.0	249.0	264.0	206.0	287.0	220.0	303.0	221.0	367.0	184.0	0
74.0	201.0	70.0	217.0	94.0	199.0	155.0	164.0	138.0	178.0	172.0	213.0	170.0	235.0	163.0	252.0	178.0	185.0	198.0	158.0	195.0	196.0	203.0	169.0	225.0	175.0	269.0	178.0	255.0	248.0	266.0	207.0	286.0	220.0	301.0	220.0	365.0	185.0	0
74.0	199.0	70.0	214.0	100.0	197.0	161.0	163.0	143.0	180.0	174.0	213.0	170.0	236.0	160.0	253.0	182.0	188.0	199.0	158.0	196.0	197.0	204.0	170.0	225.0	176.0	267.0	178.0	257.0	249.0	264.0	208.0	284.0	221.0	298.0	220.0	362.0	183.0	0
75.0	200.0	74.0	216.0	96.0	197.0	158.0	162.0	140.0	177.0	173.0	215.0	169.0	237.0	159.0	255.0	183.0	186.0	199.0	157.0	196.0	197.0	202.0	170.0	226.0	175.0	269.0	179.0	254.0	251.0	259.0	207.0	284.0	220.0	296.0	219.0	364.0	186.0	0
72.0	200.0	67.0	215.0	92.0	198.0	156.0	163.0	139.0	179.0	173.0	213.0	169.0	236.0	160.0	253.0	178.0	185.0	201.0	157.0	196.0	196.0	206.0	170.0	225.0	175.0	268.0	177.0	255.0	250.0	266.0	207.0	286.0	220.0	300.0	221.0	368.0	186.0	0
74.0	200.0	68.0	215.0	95.0	198.0	159.0	161.0	140.0	178.0	173.0	213.0	170.0	236.0	161.0	254.0	182.0	184.0	199.0	156.0	197.0	195.0	204.0	168.0	227.0	174.0	273.0	178.0	258.0	249.0	265.0	206.0	288.0	221.0	300.0	221.0	365.0	185.0	0
81.0	200.0	78.0	215.0	99.0	198.0	159.0	164.0	141.0	180.0	174.0	212.0	172.0	235.0	164.0	251.0	180.0	185.0	201.0	157.0	199.0	196.0	206.0	170.0	227.0	176.0	263.0	179.0	255.0	248.0	259.0	205.0	283.0	220.0	295.0	220.0	361.0	187.0	0
73.0	200.0	68.0	215.0	94.0	198.0	157.0	163.0	140.0	177.0	175.0	214.0	172.0	237.0	162.0	256.0	179.0	185.0	200.0	157.0	197.0	196.0	204.0	168.0	224.0	173.0	266.0	176.0	257.0	252.0	263.0	206.0	289.0	221.0	303.0	221.0	365.0	181.0	0
77.0	202.0	73.0	217.0	96.0	199.0	155.0	164.0	140.0	178.0	175.0	214.0	173.0	238.0	164.0	254.0	179.0	185.0	200.0	157.0	200.0	197.0	204.0	169.0	225.0	175.0	266.0	177.0	260.0	250.0	266.0	207.0	287.0	219.0	300.0	219.0	366.0	182.0	0
74.0	200.0	71.0	214.0	97.0	197.0	157.0	165.0	141.0	179.0	173.0	213.0	169.0	236.0	160.0	252.0	181.0	186.0	201.0	159.0	197.0	197.0	203.0	170.0	225.0	176.0	265.0	178.0	257.0	249.0	264.0	207.0	284.0	220.0	299.0	220.0	362.0	182.0	0
74.0	201.0	71.0	216.0	97.0	198.0	155.0	164.0	139.0	178.0	175.0	213.0	173.0	236.0	164.0	254.0	181.0	186.0	199.0	158.0	197.0	196.0	203.0	170.0	223.0	175.0	265.0	178.0	256.0	250.0	263.0	205.0	286.0	220.0	299.0	219.0	361.0	183.0	0
74.0	201.0	70.0	216.0	96.0	198.0	159.0	161.0	141.0	177.0	174.0	213.0	171.0	237.0	161.0	254.0	177.0	184.0	200.0	156.0	196.0	196.0	205.0	169.0	228.0	175.0	267.0	178.0	256.0	251.0	263.0	207.0	282.0	220.0	298.0	221.0	364.0	184.0	0
74.0	201.0	70.0	216.0	98.0	198.0	157.0	163.0	139.0	178.0	175.0	213.0	173.0	237.0	163.0	255.0	181.0	185.0	199.0	156.0	196.0	195.0	203.0	169.0	224.0	174.0	269.0	177.0	259.0	250.0	263.0	205.0	288.0	220.0	302.0	220.0	369.0	183.0	0
79.0	202.0	76.0	216.0	102.0	198.0	156.0	165.0	141.0	180.0	174.0	212.0	171.0	235.0	162.0	252.0	179.0	186.0	197.0	158.0	197.0	197.0	202.0	170.0	222.0	175.0	263.0	178.0	256.0	248.0	260.0	206.0	282.0	220.0	294.0	219.0	360.0	185.0	0
76.0	201.0	72.0	216.0	94.0	198.0	155.0	163.0	137.0	178.0	171.0	213.0	169.0	236.0	160.0	253.0	176.0	184.0	197.0	157.0	195.0	197.0	201.0	168.0	229.0	175.0	270.0	178.0	254.0	250.0	265.0	208.0	284.0	220.0	297.0	220.0	367.0	185.0	0
74.0	201.0	69.0	215.0	97.0	199.0	159.0	162.0	142.0	178.0	174.0	214.0	171.0	238.0	162.0	255.0	181.0	184.0	201.0	155.0	198.0	197.0	206.0	170.0	226.0	175.0	266.0	178.0	254.0	251.0	265.0	208.0	284.0	220.0	299.0	221.0	365.0	184.0	0
76.0	201.0	72.0	216.0	100.0	197.0	161.0	163.0	145.0	178.0	175.0	213.0	170.0	233.0	161.0	250.0	184.0	187.0	202.0	158.0	197.0	196.0	205.0	170.0	227.0	176.0	270.0	179.0	253.0	248.0	265.0	208.0	284.0	220.0	298.0	221.0	365.0	188.0	0
73.0	200.0	70.0	215.0	96.0	197.0	157.0	164.0	142.0	179.0	173.0	213.0	171.0	236.0	162.0	251.0	182.0	186.0	200.0	158.0	196.0	196.0	205.0	170.0	228.0	176.0	268.0	179.0	256.0	250.0	264.0	206.0	288.0	220.0	302.0	220.0	363.0	183.0	0
72.0	200.0	69.0	215.0	97.0	197.0	156.0	163.0	140.0	178.0	173.0	213.0	170.0	236.0	161.0	254.0	179.0	185.0	202.0	157.0	197.0	196.0	205.0	169.0	227.0	175.0	269.0	177.0	258.0	249.0	266.0	207.0	287.0	221.0	302.0	221.0	369.0	185.0	0
68.0	201.0	64.0	217.0	93.0	198.0	155.0	162.0	138.0	178.0	173.0	213.0	170.0	237.0	162.0	255.0	177.0	183.0	200.0	156.0	199.0	196.0	205.0	169.0	227.0	175.0	271.0	178.0	257.0	249.0	268.0	207.0	288.0	220.0	301.0	220.0	374.0	186.0	0
71.0	202.0	67.0	216.0	91.0	199.0	154.0	163.0	135.0	179.0	173.0	214.0	171.0	237.0	163.0	255.0	178.0	185.0	198.0	156.0	197.0	197.0	203.0	169.0	226.0	174.0	269.0	177.0	261.0	250.0	267.0	206.0	288.0	220.0	304.0	221.0	372.0	184.0	0
73.0	200.0	69.0	216.0	97.0	197.0	157.0	162.0	140.0	178.0	174.0	212.0	171.0	235.0	163.0	254.0	182.0	185.0	199.0	157.0	196.0	196.0	204.0	169.0	228.0	175.0	269.0	178.0	255.0	249.0	266.0	207.0	284.0	220.0	299.0	220.0	365.0	184.0	0
73.0	201.0	71.0	216.0	95.0	198.0	157.0	165.0	142.0	178.0	173.0	212.0	172.0	234.0	162.0	252.0	179.0	185.0	199.0	159.0	195.0	195.0	202.0	170.0	225.0	176.0	264.0	177.0	254.0	249.0	268.0	207.0	288.0	220.0	302.0	220.0	367.0	182.0	0
75.0	201.0	72.0	215.0	100.0	197.0	157.0	165.0	143.0	179.0	175.0	212.0	173.0	235.0	164.0	252.0	182.0	186.0	200.0	159.0	194.0	195.0	203.0	171.0	225.0	177.0	269.0	179.0	257.0	249.0	264.0	206.0	287.0	220.0	300.0	220.0	363.0	183.0	0
75.0	201.0	72.0	217.0	97.0	197.0	159.0	164.0	142.0	178.0	175.0	213.0	170.0	235.0	161.0	253.0	181.0	186.0	201.0	158.0	198.0	196.0	205.0	170.0	224.0	175.0	267.0	178.0	257.0	249.0	267.0	208.0	288.0	220.0	301.0	220.0	364.0	186.0	0
77.0	200.0	73.0	216.0	97.0	198.0	159.0	162.0	141.0	179.0	173.0	213.0	169.0	236.0	161.0	254.0	180.0	186.0	201.0	157.0	195.0	196.0	206.0	170.0	228.0	175.0	270.0	177.0	253.0	249.0	263.0	207.0	286.0	222.0	301.0	222.0	368.0	184.0	0
77.0	200.0	75.0	215.0	95.0	197.0	157.0	162.0	138.0	177.0	174.0	212.0	171.0	236.0	162.0	255.0	179.0	184.0	199.0	156.0	197.0	196.0	203.0	168.0	226.0	175.0	265.0	177.0	254.0	249.0	262.0	206.0	284.0	220.0	299.0	221.0	361.0	183.0	0
75.0	200.0	72.0	215.0	100.0	196.0	161.0	162.0	142.0	179.0	176.0	213.0	172.0	235.0	162.0	253.0	184.0	185.0	203.0	157.0	199.0	197.0	207.0	170.0	228.0	175.0	271.0	178.0	250.0	250.0	266.0	207.0	284.0	221.0	300.0	221.0	367.0	185.0	0
75.0	201.0	73.0	217.0	95.0	198.0	155.0	164.0	138.0	179.0	175.0	213.0	172.0	236.0	163.0	253.0	179.0	185.0	197.0	158.0	194.0	196.0	202.0	170.0	224.0	175.0	266.0	177.0	255.0	250.0	264.0	205.0	287.0	219.0	301.0	220.0	365.0	185.0	0
76.0	200.0	71.0	214.0	99.0	197.0	159.0	164.0	143.0	179.0	175.0	212.0	172.0	235.0	164.0	252.0	180.0	186.0	201.0	158.0	194.0	196.0	205.0	171.0	229.0	177.0	266.0	179.0	252.0	248.0	263.0	207.0	282.0	220.0	297.0	220.0	363.0	184.0	0
74.0	202.0	69.0	216.0	95.0	199.0	155.0	163.0	139.0	178.0	174.0	214.0	171.0	236.0	162.0	254.0	178.0	185.0	201.0	157.0	195.0	196.0	205.0	170.0	228.0	175.0	267.0	178.0	258.0	250.0	267.0	207.0	286.0	221.0	303.0	221.0	372.0	185.0	0
74.0	200.0	69.0	215.0	98.0	197.0	156.0	164.0	141.0	177.0	173.0	213.0	169.0	235.0	161.0	252.0	182.0	186.0	198.0	157.0	195.0	195.0	203.0	169.0	227.0	175.0	269.0	177.0	254.0	250.0	267.0	206.0	287.0	219.0	301.0	219.0	362.0	183.0	0
73.0	200.0	68.0	215.0	94.0	198.0	157.0	162.0	140.0	178.0	173.0	214.0	171.0	237.0	160.0	254.0	178.0	184.0	201.0	156.0	196.0	196.0	205.0	168.0	228.0	174.0	272.0	178.0	257.0	251.0	265.0	208.0	285.0	220.0	300.0	220.0	369.0	184.0	0
79.0	200.0	76.0	215.0	98.0	198.0	159.0	164.0	141.0	179.0	174.0	212.0	171.0	235.0	163.0	251.0	177.0	185.0	200.0	158.0	196.0	197.0	204.0	171.0	225.0	176.0	266.0	179.0	254.0	248.0	263.0	206.0	283.0	219.0	297.0	219.0	361.0	186.0	0
76.0	201.0	72.0	217.0	93.0	199.0	157.0	163.0	141.0	179.0	175.0	214.0	170.0	236.0	161.0	252.0	180.0	186.0	200.0	157.0	199.0	197.0	205.0	170.0	226.0	175.0	270.0	177.0	259.0	251.0	268.0	208.0	289.0	220.0	300.0	220.0	363.0	183.0	0
76.0	200.0	71.0	216.0	97.0	197.0	160.0	162.0	141.0	179.0	174.0	214.0	170.0	236.0	161.0	253.0	181.0	185.0	200.0	156.0	196.0	196.0	205.0	169.0	225.0	174.0	266.0	176.0	254.0	249.0	264.0	208.0	284.0	220.0	297.0	220.0	366.0	186.0	0
71.0	201.0	69.0	218.0	95.0	197.0	155.0	163.0	138.0	178.0	171.0	213.0	170.0	237.0	161.0	255.0	177.0	185.0	199.0	156.0	196.0	197.0	203.0	169.0	225.0	174.0	270.0	176.0	261.0	252.0	269.0	208.0	290.0	221.0	305.0	221.0	370.0	181.0	0
72.0	201.0	68.0	216.0	96.0	198.0	157.0	162.0	140.0	177.0	173.0	214.0	169.0	236.0	161.0	254.0	182.0	185.0	199.0	157.0	196.0	195.0	205.0	169.0	227.0	175.0	271.0	178.0	259.0	248.0	266.0	207.0	286.0	220.0	301.0	220.0	368.0	186.0	0
76.0	201.0	71.0	216.0	97.0	199.0	159.0	164.0	142.0	179.0	173.0	213.0	172.0	235.0	163.0	252.0	183.0	187.0	200.0	159.0	196.0	195.0	205.0	171.0	226.0	177.0	267.0	178.0	254.0	248.0	262.0	205.0	287.0	220.0	300.0	220.0	363.0	188.0	0
78.0	201.0	76.0	217.0	98.0	198.0	155.0	164.0	136.0	179.0	173.0	212.0	172.0	236.0	165.0	253.0	176.0	185.0	200.0	157.0	196.0	196.0	205.0	169.0	226.0	174.0	267.0	177.0	257.0	249.0	262.0	206.0	285.0	219.0	297.0	219.0	360.0	185.0	0
72.0	200.0	67.0	214.0	93.0	197.0	158.0	163.0	140.0	178.0	172.0	213.0	171.0	237.0	162.0	256.0	178.0	184.0	201.0	156.0	196.0	196.0	204.0	168.0	228.0	174.0	270.0	177.0	259.0	250.0	268.0	207.0	288.0	220.0	302.0	219.0	369.0	184.0	0
74.0	200.0	71.0	217.0	97.0	197.0	157.0	162.0	138.0	178.0	176.0	213.0	173.0	237.0	164.0	254.0	180.0	185.0	200.0	156.0	200.0	198.0	205.0	168.0	227.0	175.0	267.0	178.0	256.0	251.0	265.0	207.0	286.0	220.0	299.0	221.0	366.0	182.0	0
76.0	201.0	71.0	216.0	99.0	198.0	158.0	163.0	143.0	178.0	172.0	213.0	169.0	235.0	160.0	252.0	178.0	185.0	200.0	157.0	196.0	197.0	205.0	169.0	225.0	174.0	271.0	178.0	254.0	250.0	262.0	205.0	285.0	220.0	299.0	220.0	367.0	187.0	0
76.0	200.0	72.0	214.0	96.0	197.0	156.0	164.0	137.0	180.0	173.0	212.0	170.0	235.0	161.0	251.0	180.0	186.0	202.0	158.0	196.0	197.0	205.0	170.0	226.0	175.0	269.0	177.0	258.0	250.0	266.0	206.0	288.0	220.0	303.0	220.0	367.0	183.0	0
76.0	200.0	73.0	216.0	98.0	199.0	158.0	164.0	139.0	180.0	174.0	214.0	172.0	237.0	164.0	254.0	183.0	186.0	200.0	158.0	195.0	196.0	204.0	170.0	224.0	174.0	264.0	178.0	257.0	247.0	261.0	206.0	284.0	220.0	298.0	218.0	369.0	186.0	0
73.0	200.0	68.0	216.0	95.0	198.0	159.0	161.0	140.0	177.0	172.0	214.0	169.0	239.0	160.0	256.0	182.0	186.0	203.0	155.0	196.0	196.0	207.0	168.0	230.0	174.0	269.0	177.0	257.0	252.0	266.0	208.0	288.0	222.0	303.0	222.0	370.0	185.0	0
72.0	200.0	69.0	216.0	96.0	197.0	159.0	163.0	140.0	178.0	175.0	214.0	171.0	237.0	161.0	255.0	180.0	184.0	199.0	156.0	199.0	196.0	203.0	169.0	225.0	175.0	268.0	177.0	258.0	250.0	267.0	208.0	288.0	221.0	301.0	220.0	364.0	183.0	0
75.0	200.0	72.0	215.0	96.0	197.0	157.0	164.0	139.0	179.0	173.0	214.0	169.0	236.0	159.0	253.0	180.0	186.0	202.0	158.0	196.0	197.0	206.0	170.0	225.0	175.0	265.0	177.0	259.0	251.0	265.0	208.0	287.0	222.0	300.0	221.0	364.0	183.0	0
72.0	200.0	69.0	214.0	96.0	198.0	158.0	164.0	141.0	179.0	172.0	212.0	171.0	235.0	162.0	252.0	179.0	186.0	202.0	158.0	195.0	196.0	206.0	171.0	227.0	176.0	263.0	177.0	256.0	249.0	264.0	207.0	284.0	220.0	300.0	220.0	366.0	185.0	0
80.0	200.0	76.0	214.0	100.0	197.0	159.0	164.0	141.0	179.0	174.0	213.0	172.0	235.0	164.0	251.0	180.0	186.0	200.0	158.0	195.0	196.0	204.0	170.0	224.0	176.0	264.0	178.0	253.0	249.0	263.0	207.0	282.0	219.0	294.0	219.0	361.0	185.0	0
77.0	200.0	73.0	214.0	101.0	197.0	158.0	164.0	142.0	178.0	173.0	213.0	170.0	236.0	161.0	253.0	179.0	185.0	201.0	159.0	198.0	197.0	205.0	171.0	224.0	176.0	265.0	178.0	255.0	248.0	260.0	207.0	284.0	222.0	297.0	221.0	362.0	185.0	0
75.0	200.0	71.0	214.0	98.0	198.0	156.0	165.0	141.0	180.0	174.0	213.0	171.0	236.0	163.0	251.0	179.0	186.0	201.0	159.0	195.0	197.0	204.0	170.0	226.0	176.0	268.0	179.0	260.0	247.0	264.0	205.0	286.0	219.0	301.0	219.0	366.0	182.0	0
76.0	199.0	73.0	215.0	100.0	197.0	157.0	164.0	139.0	179.0	175.0	213.0	174.0	235.0	164.0	254.0	182.0	186.0	198.0	157.0	196.0	195.0	204.0	170.0	227.0	175.0	269.0	177.0	256.0	249.0	265.0	206.0	288.0	220.0	301.0	220.0	361.0	181.0	0
69.0	200.0	66.0	217.0	93.0	196.0	155.0	161.0	140.0	177.0	173.0	212.0	169.0	238.0	159.0	254.0	179.0	185.0	200.0	155.0	197.0	196.0	206.0	168.0	226.0	174.0	267.0	176.0	257.0	253.0	268.0	209.0	287.0	222.0	302.0	222.0	369.0	183.0	0
77.0	202.0	74.0	214.0	100.0	199.0	156.0	165.0	139.0	180.0	176.0	213.0	173.0	235.0	164.0	251.0	178.0	185.0	198.0	159.0	196.0	196.0	201.0	170.0	223.0	175.0	265.0	177.0	258.0	248.0	264.0	205.0	288.0	220.0	301.0	219.0	364.0	183.0	0
79.0	200.0	74.0	215.0	98.0	198.0	160.0	164.0	142.0	178.0	175.0	211.0	172.0	235.0	162.0	252.0	182.0	185.0	201.0	157.0	197.0	195.0	205.0	170.0	225.0	175.0	263.0	178.0	253.0	248.0	263.0	206.0	283.0	220.0	297.0	220.0	363.0	187.0	0
73.0	199.0	69.0	216.0	95.0	197.0	157.0	162.0	138.0	179.0	173.0	212.0	170.0	235.0	159.0	253.0	178.0	184.0	201.0	156.0	199.0	197.0	204.0	168.0	226.0	174.0	266.0	176.0	258.0	250.0	268.0	209.0	285.0	221.0	299.0	221.0	368.0	183.0	0
77.0	201.0	75.0	217.0	97.0	199.0	156.0	163.0	138.0	179.0	173.0	213.0	172.0	236.0	162.0	253.0	180.0	186.0	197.0	157.0	197.0	196.0	202.0	169.0	226.0	175.0	273.0	178.0	257.0	249.0	266.0	207.0	287.0	219.0	301.0	219.0	364.0	185.0	0
76.0	201.0	71.0	216.0	97.0	198.0	156.0	164.0	140.0	179.0	174.0	213.0	173.0	236.0	165.0	252.0	179.0	186.0	201.0	158.0	197.0	198.0	206.0	170.0	227.0	176.0	268.0	178.0	257.0	247.0	265.0	206.0	284.0	218.0	297.0	218.0	365.0	186.0	0
74.0	201.0	69.0	216.0	95.0	198.0	158.0	162.0	140.0	178.0	175.0	214.0	171.0	235.0	162.0	252.0	180.0	186.0	199.0	156.0	195.0	197.0	203.0	168.0	229.0	175.0	271.0	177.0	258.0	249.0	263.0	206.0	288.0	221.0	300.0	220.0	369.0	185.0	0
71.0	200.0	66.0	217.0	93.0	197.0	157.0	161.0	138.0	177.0	173.0	214.0	171.0	237.0	162.0	256.0	177.0	185.0	199.0	155.0	194.0	196.0	203.0	168.0	224.0	173.0	270.0	177.0	255.0	252.0	267.0	207.0	288.0	222.0	302.0	221.0	368.0	184.0	0
71.0	199.0	68.0	214.0	94.0	196.0	153.0	163.0	137.0	178.0	173.0	212.0	171.0	236.0	163.0	256.0	179.0	186.0	202.0	156.0	195.0	196.0	205.0	169.0	225.0	174.0	270.0	177.0	261.0	251.0	268.0	208.0	287.0	220.0	303.0	220.0	371.0	182.0	0
75.0	201.0	72.0	216.0	96.0	198.0	155.0	164.0	139.0	179.0	173.0	211.0	171.0	234.0	165.0	252.0	181.0	186.0	197.0	159.0	196.0	196.0	203.0	170.0	225.0	176.0	269.0	178.0	255.0	247.0	265.0	206.0	284.0	219.0	299.0	219.0	364.0	185.0	0
75.0	201.0	71.0	215.0	96.0	199.0	159.0	163.0	141.0	179.0	175.0	213.0	172.0	237.0	163.0	254.0	179.0	185.0	199.0	157.0	196.0	196.0	204.0	169.0	226.0	175.0	265.0	177.0	259.0	250.0	263.0	206.0	287.0	220.0	299.0	219.0	364.0	182.0	0
80.0	200.0	76.0	213.0	102.0	197.0	158.0	167.0	142.0	180.0	174.0	211.0	171.0	232.0	164.0	249.0	183.0	187.0	200.0	161.0	193.0	195.0	204.0	171.0	226.0	177.0	268.0	180.0	256.0	245.0	262.0	204.0	283.0	218.0	297.0	218.0	365.0	187.0	0
71.0	202.0	67.0	217.0	93.0	198.0	155.0	162.0	140.0	177.0	172.0	212.0	170.0	236.0	162.0	254.0	180.0	185.0	199.0	156.0	195.0	195.0	203.0	169.0	226.0	175.0	267.0	176.0	262.0	250.0	268.0	207.0	290.0	221.0	303.0	221.0	369.0	183.0	0
77.0	202.0	74.0	216.0	98.0	199.0	158.0	164.0	141.0	178.0	173.0	211.0	170.0	235.0	162.0	252.0	183.0	185.0	200.0	157.0	194.0	195.0	204.0	170.0	228.0	176.0	267.0	179.0	258.0	247.0	265.0	207.0	285.0	220.0	297.0	219.0	361.0	187.0	0
82.0	201.0	81.0	214.0	103.0	198.0	162.0	166.0	145.0	180.0	175.0	212.0	172.0	233.0	164.0	247.0	182.0	186.0	201.0	161.0	197.0	196.0	205.0	173.0	226.0	178.0	262.0	180.0	253.0	245.0	261.0	205.0	279.0	218.0	292.0	219.0	356.0	189.0	0
77.0	202.0	74.0	214.0	100.0	199.0	157.0	166.0	142.0	181.0	173.0	211.0	169.0	233.0	162.0	248.0	182.0	187.0	198.0	161.0	194.0	197.0	202.0	173.0	223.0	177.0	264.0	180.0	255.0	244.0	259.0	205.0	281.0	218.0	294.0	218.0	360.0	188.0	0
74.0	201.0	69.0	215.0	95.0	199.0	156.0	163.0	138.0	180.0	173.0	212.0	173.0	235.0	164.0	254.0	180.0	185.0	200.0	157.0	194.0	194.0	203.0	168.0	225.0	175.0	263.0	177.0	258.0	248.0	268.0	206.0	288.0	220.0	300.0	219.0	368.0	184.0	0
78.0	200.0	74.0	215.0	100.0	197.0	160.0	164.0	140.0	180.0	175.0	213.0	172.0	235.0	162.0	252.0	182.0	186.0	202.0	158.0	196.0	196.0	206.0	170.0	227.0	176.0	267.0	179.0	255.0	249.0	265.0	207.0	286.0	221.0	297.0	221.0	361.0	185.0	0
75.0	200.0	72.0	215.0	100.0	197.0	158.0	163.0	142.0	178.0	172.0	212.0	169.0	235.0	158.0	252.0	181.0	187.0	199.0	157.0	194.0	196.0	203.0	170.0	227.0	176.0	273.0	180.0	251.0	250.0	264.0	208.0	283.0	221.0	300.0	222.0	368.0	184.0	0
76.0	200.0	72.0	214.0	104.0	197.0	163.0	165.0	143.0	180.0	175.0	212.0	172.0	235.0	164.0	251.0	181.0	186.0	202.0	158.0	197.0	196.0	205.0	170.0	224.0	175.0	265.0	178.0	255.0	247.0	260.0	206.0	281.0	220.0	295.0	220.0	359.0	185.0	0
79.0	202.0	75.0	216.0	100.0	198.0	158.0	164.0	144.0	179.0	176.0	214.0	172.0	235.0	164.0	252.0	179.0	185.0	202.0	157.0	197.0	197.0	205.0	170.0	225.0	175.0	264.0	178.0	255.0	247.0	262.0	207.0	282.0	220.0	295.0	220.0	363.0	187.0	0
77.0	200.0	74.0	215.0	96.0	198.0	158.0	164.0	143.0	177.0	173.0	212.0	170.0	235.0	161.0	252.0	182.0	186.0	201.0	158.0	195.0	195.0	204.0	170.0	227.0	176.0	270.0	179.0	254.0	248.0	266.0	207.0	283.0	219.0	297.0	219.0	363.0	185.0	0
73.0	201.0	71.0	217.0	95.0	197.0	154.0	162.0	136.0	178.0	172.0	213.0	170.0	238.0	160.0	256.0	179.0	184.0	196.0	155.0	196.0	196.0	201.0	169.0	224.0	173.0	268.0	176.0	258.0	254.0	266.0	207.0	290.0	221.0	304.0	221.0	366.0	180.0	0
76.0	200.0	70.0	215.0	97.0	197.0	157.0	163.0	141.0	179.0	175.0	215.0	169.0	235.0	161.0	251.0	178.0	186.0	198.0	156.0	195.0	198.0	204.0	170.0	226.0	176.0	270.0	178.0	255.0	251.0	261.0	205.0	286.0	220.0	299.0	220.0	367.0	184.0	0
71.0	200.0	66.0	215.0	95.0	197.0	157.0	163.0	141.0	178.0	172.0	213.0	168.0	236.0	160.0	254.0	175.0	184.0	203.0	155.0	196.0	198.0	207.0	169.0	226.0	174.0	270.0	178.0	260.0	252.0	266.0	206.0	290.0	221.0	302.0	220.0	371.0	185.0	0
75.0	201.0	72.0	216.0	99.0	197.0	158.0	164.0	141.0	179.0	172.0	212.0	170.0	235.0	163.0	252.0	178.0	185.0	198.0	158.0	197.0	196.0	202.0	170.0	223.0	175.0	266.0	178.0	255.0	247.0	264.0	206.0	284.0	219.0	296.0	218.0	364.0	187.0	0
71.0	201.0	69.0	217.0	95.0	199.0	156.0	163.0	141.0	178.0	174.0	212.0	170.0	235.0	162.0	252.0	181.0	185.0	199.0	157.0	198.0	196.0	204.0	170.0	226.0	175.0	267.0	178.0	255.0	249.0	264.0	206.0	285.0	221.0	300.0	221.0	365.0	186.0	0
73.0	200.0	68.0	215.0	94.0	197.0	157.0	163.0	141.0	178.0	175.0	213.0	172.0	236.0	163.0	254.0	179.0	184.0	202.0	158.0	198.0	195.0	204.0	169.0	226.0	175.0	267.0	178.0	255.0	247.0	265.0	205.0	286.0	220.0	300.0	220.0	364.0	185.0	0
75.0	201.0	70.0	216.0	97.0	198.0	157.0	163.0	138.0	179.0	174.0	214.0	171.0	238.0	160.0	254.0	177.0	185.0	200.0	156.0	198.0	197.0	204.0	168.0	227.0	174.0	268.0	177.0	258.0	251.0	264.0	206.0	287.0	220.0	300.0	220.0	366.0	185.0	0
74.0	202.0	71.0	218.0	96.0	199.0	156.0	162.0	139.0	178.0	175.0	214.0	173.0	239.0	164.0	255.0	180.0	185.0	199.0	156.0	195.0	195.0	202.0	168.0	222.0	173.0	268.0	176.0	257.0	250.0	264.0	205.0	290.0	221.0	302.0	220.0	367.0	183.0	0
73.0	200.0	68.0	215.0	94.0	197.0	156.0	162.0	138.0	179.0	171.0	212.0	169.0	235.0	160.0	254.0	179.0	185.0	204.0	156.0	196.0	196.0	206.0	168.0	227.0	174.0	272.0	178.0	259.0	250.0	266.0	207.0	288.0	221.0	302.0	221.0	375.0	184.0	0
74.0	202.0	72.0	217.0	95.0	199.0	158.0	164.0	141.0	179.0	174.0	213.0	172.0	236.0	165.0	253.0	176.0	185.0	199.0	158.0	196.0	196.0	202.0	170.0	224.0	175.0	269.0	177.0	258.0	248.0	265.0	207.0	286.0	220.0	300.0	220.0	365.0	184.0	0
74.0	199.0	70.0	215.0	97.0	197.0	158.0	164.0	141.0	178.0	175.0	213.0	172.0	235.0	163.0	254.0	181.0	186.0	202.0	157.0	197.0	197.0	207.0	170.0	228.0	176.0	269.0	177.0	258.0	250.0	266.0	206.0	288.0	221.0	302.0	220.0	368.0	184.0	0
76.0	200.0	72.0	214.0	97.0	198.0	157.0	164.0	141.0	178.0	175.0	214.0	172.0	236.0	164.0	253.0	179.0	185.0	199.0	158.0	197.0	197.0	204.0	170.0	227.0	175.0	267.0	178.0	256.0	248.0	265.0	207.0	283.0	219.0	298.0	218.0	364.0	183.0	0
74.0	200.0	71.0	215.0	96.0	197.0	158.0	163.0	141.0	178.0	175.0	213.0	171.0	236.0	162.0	252.0	184.0	186.0	200.0	158.0	195.0	196.0	204.0	169.0	228.0	175.0	271.0	179.0	253.0	248.0	262.0	206.0	282.0	219.0	297.0	220.0	365.0	186.0	0
75.0	199.0	71.0	214.0	96.0	197.0	159.0	163.0	141.0	178.0	174.0	213.0	170.0	237.0	160.0	255.0	180.0	184.0	201.0	157.0	199.0	197.0	205.0	169.0	225.0	174.0	267.0	177.0	255.0	251.0	267.0	208.0	285.0	220.0	299.0	220.0	365.0	184.0	0
72.0	201.0	69.0	215.0	97.0	198.0	157.0	164.0	140.0	180.0	175.0	213.0	173.0	235.0	165.0	252.0	179.0	185.0	198.0	158.0	196.0	196.0	203.0	170.0	227.0	176.0	270.0	178.0	257.0	247.0	268.0	207.0	287.0	219.0	302.0	219.0	367.0	183.0	0
79.0	201.0	75.0	214.0	103.0	198.0	162.0	163.0	145.0	179.0	174.0	212.0	172.0	234.0	164.0	251.0	184.0	186.0	201.0	158.0	195.0	195.0	206.0	170.0	226.0	176.0	266.0	178.0	255.0	248.0	264.0	207.0	282.0	220.0	297.0	221.0	361.0	187.0	0
73.0	201.0	68.0	216.0	94.0	199.0	158.0	162.0	138.0	178.0	173.0	213.0	170.0	237.0	160.0	255.0	178.0	184.0	200.0	156.0	196.0	196.0	203.0	168.0	226.0	174.0	269.0	177.0	254.0	249.0	266.0	208.0	283.0	221.0	297.0	221.0	366.0	186.0	0
73.0	200.0	70.0	215.0	99.0	197.0	157.0	163.0	142.0	177.0	175.0	213.0	170.0	235.0	161.0	254.0	178.0	185.0	201.0	158.0	199.0	197.0	204.0	169.0	226.0	175.0	266.0	178.0	259.0	249.0	262.0	205.0	286.0	220.0	300.0	220.0	366.0	184.0	0
73.0	200.0	70.0	215.0	99.0	197.0	158.0	163.0	139.0	179.0	176.0	214.0	171.0	236.0	162.0	253.0	178.0	185.0	200.0	158.0	198.0	198.0	203.0	170.0	225.0	175.0	268.0	176.0	257.0	250.0	268.0	209.0	287.0	220.0	302.0	220.0	365.0	180.0	0
71.0	200.0	68.0	215.0	95.0	197.0	156.0	164.0	139.0	179.0	174.0	212.0	171.0	234.0	162.0	252.0	180.0	186.0	201.0	157.0	193.0	196.0	205.0	170.0	228.0	176.0	270.0	178.0	258.0	249.0	264.0	205.0	289.0	220.0	304.0	220.0	371.0	182.0	0
77.0	201.0	72.0	215.0	98.0	198.0	158.0	164.0	143.0	178.0	175.0	213.0	171.0	236.0	162.0	253.0	181.0	186.0	200.0	158.0	199.0	198.0	204.0	170.0	225.0	176.0	268.0	179.0	253.0	249.0	262.0	205.0	283.0	220.0	298.0	220.0	363.0	184.0	0
71.0	200.0	68.0	216.0	90.0	197.0	157.0	163.0	142.0	176.0	173.0	213.0	170.0	235.0	161.0	252.0	183.0	187.0	202.0	158.0	194.0	195.0	205.0	170.0	229.0	176.0	273.0	180.0	258.0	245.0	265.0	206.0	285.0	219.0	299.0	219.0	366.0	185.0	0
71.0	201.0	67.0	218.0	95.0	198.0	153.0	163.0	138.0	178.0	172.0	213.0	170.0	237.0	161.0	255.0	179.0	185.0	199.0	155.0	192.0	195.0	203.0	168.0	228.0	174.0	275.0	177.0	258.0	253.0	269.0	206.0	291.0	222.0	307.0	222.0	376.0	184.0	0
78.0	201.0	75.0	216.0	100.0	197.0	153.0	165.0	139.0	179.0	174.0	213.0	171.0	235.0	163.0	252.0	180.0	185.0	198.0	159.0	198.0	197.0	202.0	170.0	223.0	176.0	263.0	178.0	259.0	247.0	264.0	205.0	286.0	219.0	298.0	218.0	361.0	184.0	0
74.0	202.0	70.0	216.0	97.0	199.0	158.0	165.0	141.0	180.0	175.0	214.0	174.0	235.0	165.0	252.0	181.0	187.0	201.0	159.0	194.0	196.0	205.0	171.0	226.0	176.0	265.0	178.0	258.0	248.0	266.0	206.0	287.0	220.0	302.0	219.0	367.0	184.0	0
75.0	201.0	73.0	215.0	96.0	198.0	160.0	164.0	142.0	178.0	176.0	212.0	172.0	234.0	163.0	251.0	181.0	186.0	198.0	159.0	197.0	197.0	202.0	171.0	224.0	176.0	266.0	179.0	257.0	247.0	265.0	206.0	285.0	219.0	301.0	219.0	365.0	185.0	0
74.0	201.0	70.0	215.0	95.0	199.0	156.0	162.0	138.0	178.0	174.0	213.0	173.0	237.0	165.0	254.0	180.0	186.0	202.0	156.0	193.0	195.0	205.0	169.0	225.0	174.0	267.0	178.0	260.0	251.0	267.0	205.0	288.0	219.0	301.0	219.0	368.0	186.0	0
74.0	201.0	71.0	216.0	94.0	198.0	156.0	162.0	141.0	177.0	175.0	214.0	171.0	237.0	163.0	255.0	178.0	184.0	201.0	156.0	196.0	197.0	204.0	167.0	227.0	174.0	269.0	176.0	257.0	250.0	268.0	207.0	288.0	220.0	302.0	220.0	369.0	185.0	0
71.0	199.0	66.0	214.0	96.0	197.0	157.0	163.0	139.0	180.0	176.0	214.0	172.0	235.0	162.0	254.0	184.0	186.0	202.0	158.0	198.0	196.0	205.0	169.0	228.0	175.0	268.0	178.0	256.0	248.0	267.0	207.0	286.0	220.0	302.0	220.0	367.0	185.0	0
75.0	200.0	72.0	216.0	100.0	197.0	158.0	163.0	141.0	179.0	175.0	214.0	172.0	236.0	164.0	253.0	180.0	185.0	202.0	158.0	196.0	195.0	206.0	169.0	227.0	175.0	264.0	177.0	258.0	248.0	263.0	206.0	285.0	220.0	299.0	219.0	365.0	185.0	0
74.0	200.0	71.0	215.0	98.0	197.0	156.0	163.0	139.0	179.0	174.0	213.0	171.0	235.0	162.0	253.0	180.0	185.0	201.0	157.0	197.0	196.0	205.0	169.0	225.0	174.0	267.0	177.0	256.0	250.0	265.0	208.0	286.0	221.0	300.0	221.0	367.0	183.0	0
78.0	201.0	75.0	217.0	100.0	198.0	157.0	165.0	140.0	179.0	174.0	212.0	172.0	234.0	163.0	251.0	180.0	186.0	198.0	159.0	194.0	195.0	201.0	170.0	226.0	176.0	262.0	177.0	254.0	246.0	264.0	207.0	282.0	219.0	297.0	219.0	360.0	186.0	0
69.0	201.0	65.0	216.0	91.0	198.0	153.0	162.0	136.0	177.0	173.0	214.0	169.0	237.0	159.0	254.0	179.0	185.0	198.0	156.0	193.0	195.0	202.0	168.0	228.0	175.0	273.0	176.0	260.0	252.0	268.0	207.0	291.0	221.0	307.0	221.0	375.0	183.0	0
80.0	201.0	76.0	216.0	99.0	198.0	157.0	166.0	141.0	180.0	173.0	212.0	171.0	234.0	161.0	251.0	182.0	187.0	196.0	159.0	196.0	196.0	201.0	171.0	224.0	176.0	268.0	178.0	255.0	248.0	262.0	205.0	284.0	219.0	298.0	219.0	362.0	186.0	0
76.0	200.0	71.0	215.0	95.0	197.0	159.0	162.0	142.0	177.0	174.0	212.0	172.0	236.0	162.0	254.0	177.0	184.0	201.0	157.0	194.0	195.0	205.0	168.0	226.0	174.0	271.0	177.0	258.0	249.0	267.0	207.0	285.0	219.0	298.0	218.0	367.0	184.0	0
76.0	199.0	72.0	215.0	93.0	197.0	160.0	163.0	144.0	177.0	171.0	213.0	169.0	237.0	162.0	254.0	183.0	185.0	201.0	157.0	196.0	195.0	204.0	169.0	224.0	175.0	266.0	179.0	253.0	248.0	263.0	208.0	281.0	221.0	295.0	220.0	362.0	186.0	0
71.0	200.0	66.0	215.0	94.0	198.0	156.0	163.0	139.0	178.0	173.0	212.0	171.0	236.0	161.0	254.0	181.0	186.0	200.0	157.0	197.0	196.0	206.0	169.0	227.0	175.0	267.0	177.0	257.0	250.0	266.0	207.0	288.0	221.0	302.0	221.0	369.0	185.0	0
79.0	201.0	76.0	215.0	99.0	198.0	157.0	164.0	140.0	179.0	174.0	212.0	170.0	235.0	162.0	252.0	180.0	185.0	200.0	158.0	196.0	196.0	204.0	169.0	223.0	175.0	268.0	177.0	256.0	248.0	263.0	207.0	284.0	221.0	296.0	220.0	362.0	185.0	0
79.0	202.0	74.0	217.0	100.0	199.0	159.0	163.0	141.0	179.0	173.0	213.0	172.0	235.0	163.0	252.0	179.0	186.0	200.0	157.0	196.0	196.0	204.0	170.0	227.0	176.0	266.0	178.0	254.0	249.0	264.0	208.0	284.0	221.0	296.0	221.0	361.0	185.0	0
77.0	201.0	75.0	215.0	101.0	198.0	159.0	164.0	143.0	179.0	174.0	212.0	170.0	234.0	163.0	251.0	180.0	185.0	200.0	158.0	197.0	197.0	204.0	170.0	225.0	176.0	263.0	178.0	252.0	249.0	262.0	207.0	283.0	220.0	298.0	220.0	361.0	184.0	0
77.0	200.0	72.0	215.0	98.0	196.0	160.0	163.0	142.0	178.0	174.0	213.0	171.0	236.0	162.0	253.0	182.0	185.0	201.0	157.0	197.0	195.0	205.0	169.0	225.0	174.0	263.0	176.0	256.0	251.0	264.0	208.0	286.0	221.0	296.0	221.0	363.0	183.0	0
78.0	200.0	73.0	213.0	99.0	198.0	158.0	163.0	141.0	180.0	173.0	212.0	171.0	235.0	162.0	251.0	184.0	188.0	199.0	158.0	195.0	196.0	204.0	170.0	227.0	175.0	266.0	176.0	257.0	249.0	263.0	206.0	285.0	220.0	300.0	219.0	367.0	183.0	0
78.0	200.0	74.0	214.0	98.0	197.0	157.0	165.0	141.0	179.0	173.0	212.0	172.0	235.0	164.0	251.0	180.0	185.0	200.0	159.0	193.0	195.0	203.0	170.0	224.0	176.0	268.0	178.0	256.0	247.0	264.0	206.0	284.0	220.0	299.0	220.0	365.0	183.0	0
76.0	201.0	70.0	215.0	98.0	198.0	159.0	163.0	142.0	178.0	173.0	214.0	169.0	236.0	160.0	254.0	178.0	184.0	200.0	157.0	197.0	196.0	203.0	168.0	224.0	173.0	264.0	175.0	255.0	251.0	265.0	208.0	286.0	220.0	297.0	220.0	364.0	184.0	0
72.0	200.0	69.0	215.0	94.0	197.0	156.0	164.0	138.0	179.0	172.0	213.0	171.0	236.0	162.0	253.0	180.0	187.0	201.0	159.0	196.0	198.0	205.0	171.0	226.0	177.0	267.0	178.0	259.0	250.0	266.0	207.0	288.0	220.0	301.0	220.0	363.0	182.0	0
65.0	201.0	60.0	217.0	90.0	197.0	154.0	160.0	137.0	177.0	171.0	214.0	169.0	237.0	160.0	258.0	177.0	183.0	202.0	154.0	196.0	196.0	206.0	167.0	228.0	173.0	273.0	178.0	260.0	251.0	266.0	206.0	290.0	221.0	304.0	222.0	376.0	185.0	0
75.0	201.0	72.0	217.0	94.0	198.0	157.0	163.0	139.0	179.0	175.0	214.0	173.0	237.0	163.0	255.0	181.0	186.0	198.0	157.0	198.0	196.0	202.0	169.0	223.0	174.0	269.0	177.0	256.0	250.0	265.0	207.0	289.0	222.0	303.0	222.0	366.0	183.0	0
76.0	201.0	73.0	216.0	98.0	198.0	157.0	164.0	139.0	179.0	176.0	213.0	172.0	235.0	162.0	252.0	180.0	185.0	201.0	158.0	198.0	197.0	206.0	170.0	225.0	175.0	264.0	178.0	257.0	248.0	263.0	207.0	286.0	220.0	299.0	220.0	363.0	184.0	0
74.0	201.0	70.0	216.0	97.0	197.0	158.0	162.0	141.0	178.0	173.0	212.0	170.0	235.0	160.0	253.0	179.0	186.0	198.0	157.0	194.0	195.0	203.0	169.0	222.0	173.0	267.0	177.0	258.0	250.0	264.0	205.0	288.0	221.0	303.0	220.0	373.0	186.0	0
78.0	201.0	74.0	217.0	97.0	198.0	161.0	162.0	142.0	177.0	175.0	213.0	172.0	235.0	163.0	253.0	184.0	186.0	201.0	157.0	195.0	195.0	206.0	169.0	227.0	175.0	265.0	177.0	257.0	249.0	268.0	208.0	285.0	219.0	299.0	220.0	369.0	185.0	0
76.0	201.0	71.0	216.0	97.0	198.0	159.0	163.0	139.0	180.0	173.0	213.0	170.0	236.0	161.0	252.0	180.0	186.0	201.0	157.0	195.0	196.0	205.0	169.0	226.0	175.0	269.0	177.0	255.0	249.0	265.0	207.0	287.0	221.0	302.0	222.0	366.0	184.0	0
78.0	201.0	72.0	215.0	97.0	198.0	156.0	165.0	139.0	180.0	175.0	213.0	173.0	236.0	165.0	252.0	177.0	186.0	200.0	158.0	196.0	196.0	204.0	170.0	225.0	175.0	266.0	178.0	256.0	248.0	263.0	205.0	285.0	219.0	301.0	219.0	361.0	184.0	0
77.0	201.0	75.0	216.0	96.0	198.0	157.0	164.0	140.0	178.0	173.0	212.0	170.0	236.0	163.0	253.0	180.0	186.0	201.0	158.0	195.0	197.0	205.0	170.0	226.0	176.0	266.0	179.0	257.0	248.0	265.0	208.0	283.0	220.0	296.0	220.0	363.0	185.0	0
72.0	200.0	67.0	215.0	90.0	198.0	157.0	162.0	140.0	176.0	171.0	213.0	167.0	240.0	160.0	256.0	177.0	184.0	204.0	156.0	195.0	195.0	208.0	169.0	228.0	174.0	272.0	178.0	257.0	253.0	267.0	208.0	285.0	222.0	300.0	221.0	368.0	183.0	0
73.0	201.0	69.0	213.0	93.0	198.0	158.0	165.0	140.0	180.0	174.0	212.0	170.0	235.0	162.0	252.0	181.0	187.0	201.0	159.0	197.0	198.0	204.0	170.0	226.0	176.0	266.0	179.0	253.0	247.0	264.0	207.0	284.0	219.0	298.0	219.0	363.0	185.0	0
78.0	200.0	73.0	215.0	102.0	197.0	156.0	164.0	141.0	179.0	174.0	213.0	170.0	234.0	162.0	252.0	179.0	185.0	199.0	158.0	199.0	198.0	204.0	170.0	224.0	176.0	271.0	178.0	257.0	248.0	265.0	205.0	287.0	219.0	301.0	219.0	366.0	185.0	0
80.0	201.0	76.0	215.0	101.0	198.0	157.0	165.0	141.0	179.0	176.0	212.0	173.0	234.0	165.0	252.0	180.0	186.0	199.0	159.0	196.0	197.0	204.0	171.0	224.0	175.0	263.0	177.0	256.0	247.0	265.0	207.0	284.0	220.0	298.0	219.0	363.0	185.0	0
73.0	201.0	69.0	215.0	98.0	199.0	156.0	163.0	139.0	180.0	174.0	213.0	172.0	236.0	162.0	251.0	178.0	186.0	199.0	156.0	194.0	196.0	205.0	170.0	226.0	174.0	266.0	176.0	256.0	251.0	268.0	207.0	287.0	221.0	302.0	221.0	368.0	182.0	0
77.0	201.0	74.0	215.0	95.0	198.0	158.0	165.0	143.0	178.0	174.0	212.0	172.0	235.0	164.0	251.0	183.0	186.0	200.0	159.0	196.0	197.0	202.0	170.0	225.0	176.0	268.0	178.0	257.0	249.0	262.0	205.0	283.0	219.0	298.0	219.0	365.0	186.0	0
75.0	200.0	72.0	215.0	96.0	198.0	156.0	165.0	139.0	180.0	177.0	212.0	175.0	235.0	166.0	253.0	178.0	185.0	199.0	159.0	197.0	197.0	203.0	171.0	223.0	176.0	264.0	177.0	260.0	246.0	266.0	206.0	287.0	218.0	300.0	217.0	364.0	181.0	0
72.0	200.0	68.0	214.0	99.0	197.0	158.0	164.0	140.0	179.0	175.0	213.0	173.0	235.0	166.0	254.0	179.0	186.0	201.0	158.0	200.0	198.0	206.0	170.0	228.0	175.0	272.0	177.0	262.0	249.0	266.0	206.0	289.0	220.0	304.0	218.0	367.0	181.0	0
72.0	201.0	68.0	215.0	94.0	197.0	154.0	165.0	140.0	178.0	174.0	213.0	171.0	235.0	163.0	252.0	178.0	185.0	199.0	159.0	196.0	198.0	203.0	170.0	225.0	176.0	266.0	179.0	255.0	249.0	261.0	205.0	284.0	219.0	299.0	219.0	363.0	185.0	0
75.0	201.0	71.0	216.0	97.0	197.0	156.0	163.0	138.0	179.0	174.0	213.0	172.0	236.0	164.0	254.0	181.0	186.0	200.0	156.0	197.0	196.0	205.0	168.0	227.0	174.0	268.0	177.0	258.0	251.0	265.0	206.0	288.0	221.0	301.0	220.0	369.0	184.0	0
76.0	200.0	73.0	216.0	98.0	197.0	157.0	163.0	141.0	179.0	175.0	214.0	173.0	236.0	164.0	253.0	180.0	185.0	199.0	158.0	195.0	195.0	203.0	169.0	225.0	175.0	265.0	177.0	256.0	248.0	267.0	207.0	286.0	219.0	300.0	219.0	365.0	185.0	0
78.0	200.0	73.0	213.0	103.0	198.0	158.0	165.0	143.0	179.0	174.0	213.0	170.0	234.0	161.0	251.0	180.0	186.0	200.0	160.0	198.0	198.0	205.0	171.0	226.0	176.0	263.0	177.0	255.0	249.0	263.0	206.0	283.0	219.0	298.0	220.0	363.0	184.0	0
67.0	200.0	62.0	216.0	91.0	197.0	157.0	161.0	136.0	178.0	172.0	215.0	169.0	239.0	158.0	256.0	181.0	185.0	200.0	154.0	195.0	195.0	205.0	167.0	228.0	173.0	272.0	176.0	259.0	255.0	269.0	207.0	292.0	223.0	304.0	222.0	373.0	182.0	0
72.0	201.0	69.0	217.0	93.0	198.0	157.0	161.0	137.0	178.0	172.0	213.0	170.0	238.0	159.0	257.0	178.0	184.0	199.0	155.0	196.0	196.0	204.0	167.0	227.0	174.0	269.0	177.0	260.0	254.0	264.0	207.0	291.0	223.0	302.0	222.0	373.0	184.0	0
74.0	200.0	72.0	217.0	94.0	197.0	156.0	163.0	139.0	178.0	174.0	213.0	172.0	237.0	163.0	255.0	180.0	186.0	201.0	157.0	195.0	196.0	205.0	169.0	225.0	175.0	277.0	179.0	256.0	250.0	264.0	206.0	285.0	221.0	299.0	221.0	365.0	184.0	0
79.0	201.0	74.0	214.0	101.0	197.0	158.0	164.0	138.0	180.0	174.0	212.0	171.0	235.0	163.0	251.0	180.0	187.0	199.0	158.0	197.0	197.0	203.0	170.0	224.0	176.0	265.0	177.0	255.0	248.0	263.0	207.0	284.0	220.0	299.0	220.0	365.0	183.0	0
79.0	200.0	74.0	215.0	100.0	198.0	160.0	164.0	144.0	179.0	175.0	214.0	171.0	236.0	162.0	252.0	180.0	186.0	201.0	158.0	197.0	197.0	206.0	171.0	226.0	176.0	265.0	178.0	255.0	248.0	263.0	207.0	282.0	219.0	296.0	219.0	362.0	187.0	0
77.0	201.0	74.0	216.0	95.0	198.0	157.0	162.0	137.0	178.0	174.0	212.0	172.0	236.0	165.0	254.0	179.0	185.0	201.0	157.0	197.0	196.0	204.0	169.0	224.0	174.0	262.0	177.0	257.0	250.0	263.0	206.0	286.0	219.0	300.0	219.0	364.0	184.0	0
75.0	199.0	70.0	215.0	98.0	197.0	159.0	164.0	143.0	178.0	174.0	214.0	171.0	237.0	161.0	253.0	178.0	185.0	203.0	158.0	197.0	197.0	206.0	170.0	223.0	174.0	263.0	178.0	255.0	249.0	262.0	206.0	283.0	220.0	297.0	220.0	365.0	186.0	0
77.0	202.0	74.0	216.0	96.0	199.0	157.0	164.0	140.0	179.0	172.0	213.0	170.0	236.0	163.0	253.0	178.0	186.0	199.0	157.0	193.0	196.0	202.0	169.0	224.0	175.0	265.0	178.0	255.0	248.0	261.0	205.0	281.0	220.0	296.0	219.0	366.0	187.0	0
79.0	200.0	77.0	217.0	97.0	198.0	159.0	163.0	142.0	177.0	176.0	214.0	172.0	235.0	163.0	253.0	183.0	186.0	202.0	158.0	199.0	197.0	205.0	170.0	225.0	175.0	265.0	178.0	252.0	249.0	262.0	208.0	280.0	220.0	295.0	220.0	360.0	186.0	0
75.0	200.0	71.0	215.0	99.0	197.0	155.0	165.0	137.0	181.0	175.0	212.0	173.0	234.0	164.0	253.0	179.0	186.0	200.0	158.0	197.0	197.0	206.0	171.0	227.0	176.0	266.0	178.0	257.0	248.0	263.0	204.0	287.0	220.0	302.0	220.0	364.0	183.0	0
73.0	201.0	69.0	216.0	93.0	198.0	158.0	163.0	141.0	178.0	172.0	213.0	170.0	236.0	163.0	254.0	180.0	185.0	200.0	157.0	194.0	196.0	203.0	169.0	227.0	175.0	266.0	178.0	254.0	248.0	266.0	208.0	282.0	219.0	298.0	220.0	365.0	185.0	0
73.0	199.0	68.0	213.0	99.0	196.0	160.0	162.0	144.0	176.0	172.0	212.0	168.0	234.0	159.0	253.0	182.0	185.0	204.0	157.0	196.0	196.0	208.0	169.0	230.0	175.0	271.0	178.0	256.0	251.0	266.0	207.0	285.0	221.0	298.0	221.0	368.0	184.0	0
80.0	200.0	77.0	215.0	99.0	198.0	157.0	165.0	141.0	179.0	174.0	211.0	171.0	233.0	163.0	249.0	179.0	186.0	199.0	159.0	196.0	196.0	203.0	169.0	224.0	175.0	266.0	177.0	253.0	248.0	264.0	207.0	282.0	219.0	297.0	218.0	359.0	185.0	0
80.0	201.0	78.0	217.0	102.0	197.0	159.0	162.0	142.0	177.0	173.0	213.0	170.0	235.0	160.0	252.0	181.0	185.0	200.0	156.0	199.0	198.0	204.0	169.0	225.0	175.0	268.0	179.0	252.0	248.0	260.0	208.0	281.0	220.0	294.0	221.0	360.0	187.0	0
74.0	201.0	68.0	215.0	96.0	198.0	156.0	164.0	139.0	180.0	176.0	214.0	174.0	237.0	165.0	254.0	179.0	186.0	200.0	157.0	198.0	197.0	204.0	170.0	224.0	174.0	268.0	176.0	256.0	249.0	265.0	206.0	286.0	220.0	300.0	220.0	365.0	183.0	0
76.0	202.0	72.0	216.0	98.0	198.0	155.0	165.0	140.0	180.0	174.0	211.0	172.0	235.0	164.0	252.0	182.0	186.0	199.0	159.0	196.0	196.0	203.0	171.0	226.0	176.0	268.0	178.0	256.0	248.0	266.0	206.0	284.0	219.0	299.0	219.0	363.0	185.0	0
77.0	199.0	72.0	214.0	98.0	197.0	159.0	164.0	144.0	178.0	173.0	214.0	169.0	236.0	159.0	253.0	182.0	186.0	201.0	158.0	198.0	197.0	204.0	170.0	228.0	176.0	266.0	178.0	254.0	250.0	264.0	208.0	284.0	220.0	297.0	220.0	363.0	185.0	0
77.0	200.0	72.0	215.0	97.0	197.0	158.0	162.0	140.0	178.0	174.0	213.0	170.0	236.0	162.0	255.0	182.0	185.0	200.0	156.0	198.0	196.0	204.0	168.0	225.0	174.0	269.0	177.0	255.0	251.0	264.0	206.0	286.0	221.0	301.0	221.0	368.0	183.0	0
81.0	199.0	77.0	215.0	100.0	197.0	161.0	163.0	145.0	178.0	173.0	212.0	171.0	234.0	162.0	252.0	179.0	185.0	201.0	157.0	197.0	197.0	206.0	169.0	226.0	175.0	267.0	179.0	252.0	248.0	261.0	207.0	280.0	219.0	292.0	219.0	357.0	187.0	0
74.0	201.0	70.0	215.0	97.0	198.0	155.0	164.0	139.0	179.0	172.0	213.0	170.0	235.0	162.0	253.0	177.0	184.0	200.0	157.0	193.0	194.0	204.0	170.0	226.0	175.0	270.0	178.0	256.0	248.0	265.0	207.0	284.0	219.0	299.0	220.0	366.0	186.0	0
75.0	200.0	71.0	215.0	99.0	197.0	158.0	164.0	141.0	179.0	176.0	213.0	174.0	235.0	165.0	252.0	179.0	185.0	201.0	158.0	197.0	196.0	205.0	170.0	226.0	175.0	268.0	178.0	253.0	248.0	263.0	207.0	282.0	218.0	297.0	219.0	361.0	185.0	0
75.0	200.0	72.0	214.0	98.0	197.0	157.0	164.0	142.0	179.0	174.0	212.0	170.0	233.0	161.0	250.0	179.0	186.0	199.0	159.0	197.0	197.0	203.0	171.0	226.0	177.0	268.0	179.0	254.0	247.0	263.0	206.0	282.0	218.0	297.0	218.0	361.0	186.0	0
77.0	202.0	74.0	215.0	97.0	200.0	156.0	166.0	140.0	180.0	174.0	213.0	171.0	235.0	164.0	251.0	178.0	186.0	199.0	160.0	195.0	197.0	202.0	170.0	226.0	177.0	265.0	179.0	254.0	247.0	262.0	205.0	284.0	218.0	298.0	219.0	365.0	186.0	0
76.0	202.0	69.0	215.0	97.0	199.0	159.0	163.0	141.0	179.0	173.0	214.0	171.0	236.0	163.0	253.0	181.0	186.0	202.0	157.0	197.0	196.0	205.0	170.0	228.0	176.0	268.0	179.0	255.0	248.0	265.0	208.0	284.0	221.0	298.0	221.0	362.0	188.0	0
72.0	201.0	69.0	216.0	95.0	198.0	155.0	163.0	139.0	177.0	172.0	213.0	169.0	235.0	161.0	253.0	181.0	185.0	201.0	157.0	195.0	195.0	204.0	169.0	229.0	174.0	271.0	176.0	257.0	250.0	270.0	207.0	289.0	220.0	304.0	220.0	372.0	185.0	0
76.0	201.0	71.0	216.0	98.0	198.0	158.0	163.0	141.0	178.0	172.0	213.0	168.0	235.0	159.0	253.0	179.0	185.0	202.0	157.0	197.0	196.0	206.0	169.0	227.0	175.0	271.0	178.0	256.0	249.0	264.0	207.0	285.0	221.0	299.0	221.0	364.0	187.0	0
77.0	200.0	74.0	215.0	99.0	198.0	159.0	164.0	142.0	179.0	174.0	212.0	172.0	235.0	164.0	252.0	181.0	186.0	202.0	158.0	197.0	198.0	206.0	171.0	224.0	176.0	264.0	178.0	256.0	247.0	261.0	207.0	282.0	220.0	295.0	219.0	364.0	186.0	0
83.0	200.0	79.0	214.0	100.0	198.0	160.0	164.0	143.0	179.0	175.0	212.0	171.0	234.0	163.0	249.0	181.0	185.0	201.0	159.0	198.0	197.0	206.0	171.0	228.0	177.0	266.0	180.0	254.0	247.0	263.0	207.0	281.0	219.0	295.0	219.0	360.0	184.0	0
76.0	201.0	73.0	216.0	97.0	198.0	156.0	164.0	140.0	180.0	175.0	213.0	170.0	235.0	162.0	252.0	180.0	185.0	201.0	158.0	198.0	197.0	204.0	170.0	222.0	174.0	265.0	178.0	256.0	250.0	263.0	207.0	284.0	220.0	298.0	220.0	362.0	186.0	0
71.0	201.0	67.0	215.0	97.0	197.0	159.0	162.0	140.0	179.0	175.0	214.0	173.0	236.0	162.0	255.0	183.0	187.0	201.0	157.0	198.0	196.0	205.0	169.0	227.0	175.0	269.0	178.0	257.0	249.0	265.0	207.0	284.0	220.0	299.0	220.0	371.0	186.0	0
76.0	201.0	71.0	215.0	96.0	198.0	158.0	164.0	141.0	178.0	174.0	213.0	171.0	236.0	162.0	253.0	182.0	186.0	201.0	158.0	200.0	198.0	203.0	169.0	224.0	175.0	268.0	178.0	259.0	249.0	266.0	206.0	286.0	219.0	298.0	220.0	365.0	184.0	0
78.0	202.0	74.0	217.0	101.0	199.0	158.0	163.0	143.0	178.0	174.0	213.0	170.0	233.0	162.0	252.0	181.0	184.0	200.0	157.0	196.0	195.0	203.0	169.0	222.0	174.0	272.0	179.0	255.0	249.0	262.0	205.0	286.0	220.0	299.0	220.0	365.0	188.0	0
77.0	201.0	72.0	216.0	95.0	199.0	158.0	164.0	140.0	179.0	175.0	213.0	172.0	235.0	165.0	251.0	177.0	185.0	200.0	158.0	198.0	197.0	203.0	170.0	226.0	176.0	266.0	178.0	253.0	245.0	262.0	205.0	284.0	219.0	297.0	219.0	361.0	187.0	0
77.0	200.0	73.0	215.0	100.0	198.0	158.0	165.0	143.0	179.0	172.0	212.0	169.0	234.0	160.0	250.0	178.0	186.0	200.0	159.0	195.0	197.0	204.0	171.0	224.0	176.0	268.0	179.0	253.0	248.0	263.0	207.0	282.0	220.0	297.0	221.0	363.0	186.0	0
75.0	200.0	71.0	214.0	98.0	198.0	160.0	165.0	145.0	180.0	178.0	213.0	173.0	235.0	165.0	252.0	180.0	186.0	202.0	159.0	199.0	198.0	207.0	171.0	226.0	176.0	266.0	178.0	258.0	249.0	262.0	206.0	286.0	219.0	298.0	219.0	364.0	184.0	0
77.0	200.0	73.0	215.0	97.0	198.0	154.0	164.0	138.0	179.0	174.0	214.0	171.0	236.0	160.0	252.0	179.0	185.0	200.0	159.0	198.0	197.0	204.0	171.0	223.0	176.0	263.0	178.0	255.0	249.0	264.0	207.0	285.0	221.0	299.0	220.0	364.0	184.0	0
72.0	200.0	68.0	216.0	94.0	198.0	155.0	164.0	139.0	179.0	173.0	214.0	172.0	237.0	164.0	254.0	179.0	186.0	199.0	157.0	194.0	197.0	203.0	170.0	228.0	177.0	268.0	178.0	256.0	251.0	265.0	206.0	286.0	219.0	302.0	220.0	364.0	184.0	0
81.0	200.0	79.0	214.0	105.0	198.0	161.0	165.0	143.0	181.0	175.0	211.0	172.0	232.0	164.0	249.0	180.0	186.0	199.0	160.0	197.0	196.0	203.0	171.0	225.0	176.0	266.0	179.0	253.0	245.0	264.0	207.0	281.0	219.0	295.0	219.0	358.0	186.0	0
77.0	201.0	74.0	217.0	98.0	198.0	159.0	163.0	140.0	179.0	174.0	213.0	171.0	236.0	162.0	251.0	178.0	185.0	200.0	158.0	198.0	197.0	204.0	169.0	222.0	174.0	267.0	177.0	257.0	248.0	264.0	206.0	287.0	220.0	301.0	220.0	361.0	183.0	0
63.0	200.0	58.0	218.0	86.0	197.0	152.0	159.0	132.0	176.0	171.0	214.0	168.0	239.0	158.0	258.0	173.0	182.0	200.0	152.0	196.0	196.0	204.0	165.0	228.0	172.0	276.0	174.0	264.0	254.0	274.0	208.0	296.0	223.0	312.0	223.0	385.0	183.0	0
76.0	199.0	73.0	214.0	95.0	196.0	159.0	165.0	139.0	180.0	171.0	212.0	170.0	234.0	161.0	251.0	180.0	186.0	201.0	159.0	195.0	196.0	205.0	172.0	229.0	178.0	269.0	179.0	254.0	248.0	266.0	208.0	285.0	220.0	299.0	220.0	365.0	185.0	0
75.0	201.0	71.0	215.0	98.0	198.0	156.0	164.0	142.0	179.0	173.0	212.0	171.0	235.0	164.0	252.0	180.0	186.0	200.0	158.0	197.0	196.0	205.0	170.0	226.0	176.0	266.0	177.0	256.0	249.0	264.0	206.0	283.0	219.0	298.0	219.0	362.0	184.0	0
72.0	201.0	69.0	215.0	95.0	198.0	156.0	163.0	139.0	179.0	174.0	213.0	171.0	236.0	161.0	253.0	178.0	185.0	200.0	157.0	196.0	197.0	204.0	169.0	225.0	175.0	266.0	176.0	257.0	249.0	267.0	207.0	289.0	221.0	302.0	221.0	366.0	185.0	0
71.0	199.0	67.0	215.0	94.0	197.0	154.0	162.0	135.0	179.0	175.0	214.0	171.0	238.0	162.0	258.0	180.0	185.0	199.0	155.0	197.0	196.0	203.0	168.0	226.0	173.0	269.0	176.0	261.0	252.0	267.0	205.0	292.0	221.0	305.0	220.0	373.0	182.0	0
76.0	201.0	73.0	216.0	97.0	198.0	158.0	165.0	142.0	179.0	174.0	212.0	171.0	235.0	163.0	252.0	182.0	186.0	201.0	158.0	197.0	197.0	204.0	171.0	225.0	176.0	269.0	178.0	258.0	249.0	265.0	207.0	285.0	221.0	299.0	221.0	366.0	184.0	0
77.0	201.0	72.0	215.0	100.0	198.0	156.0	164.0	139.0	179.0	174.0	214.0	171.0	236.0	163.0	252.0	181.0	186.0	200.0	158.0	197.0	198.0	204.0	171.0	223.0	175.0	271.0	177.0	256.0	250.0	266.0	207.0	287.0	220.0	301.0	220.0	367.0	182.0	0
75.0	201.0	71.0	216.0	97.0	198.0	157.0	164.0	140.0	178.0	174.0	212.0	171.0	234.0	163.0	252.0	182.0	186.0	201.0	159.0	197.0	198.0	205.0	171.0	227.0	176.0	268.0	179.0	256.0	247.0	264.0	207.0	283.0	220.0	297.0	220.0	367.0	187.0	0
74.0	201.0	72.0	216.0	94.0	198.0	156.0	164.0	138.0	178.0	174.0	212.0	171.0	236.0	160.0	253.0	179.0	185.0	200.0	157.0	198.0	197.0	203.0	169.0	225.0	175.0	270.0	177.0	257.0	248.0	265.0	206.0	285.0	220.0	300.0	220.0	370.0	187.0	0
74.0	201.0	72.0	216.0	98.0	199.0	157.0	164.0	139.0	180.0	174.0	212.0	172.0	235.0	164.0	252.0	179.0	186.0	199.0	157.0	196.0	196.0	203.0	170.0	226.0	175.0	268.0	177.0	254.0	250.0	263.0	206.0	285.0	221.0	299.0	221.0	365.0	184.0	0
61.0	200.0	57.0	216.0	85.0	197.0	151.0	158.0	132.0	176.0	171.0	215.0	169.0	241.0	160.0	259.0	176.0	184.0	198.0	151.0	195.0	196.0	204.0	165.0	226.0	170.0	274.0	174.0	263.0	256.0	272.0	209.0	294.0	223.0	310.0	224.0	386.0	181.0	0
76.0	200.0	71.0	213.0	98.0	197.0	161.0	164.0	144.0	179.0	175.0	212.0	174.0	235.0	165.0	252.0	183.0	186.0	202.0	159.0	199.0	196.0	206.0	170.0	225.0	175.0	268.0	178.0	256.0	247.0	266.0	207.0	282.0	219.0	296.0	219.0	362.0	185.0	0
79.0	201.0	73.0	214.0	100.0	199.0	157.0	165.0	140.0	179.0	174.0	214.0	174.0	236.0	164.0	253.0	177.0	186.0	201.0	159.0	196.0	197.0	204.0	171.0	223.0	175.0	267.0	178.0	256.0	249.0	264.0	206.0	286.0	220.0	300.0	219.0	360.0	184.0	0
69.0	201.0	66.0	216.0	91.0	198.0	157.0	163.0	140.0	177.0	173.0	213.0	172.0	236.0	163.0	254.0	179.0	186.0	199.0	156.0	194.0	196.0	204.0	168.0	227.0	174.0	273.0	178.0	258.0	249.0	266.0	206.0	288.0	221.0	303.0	220.0	370.0	183.0	0
76.0	200.0	73.0	214.0	97.0	198.0	157.0	163.0	140.0	179.0	173.0	213.0	170.0	236.0	162.0	252.0	183.0	186.0	201.0	158.0	196.0	196.0	206.0	170.0	228.0	176.0	269.0	178.0	258.0	249.0	266.0	207.0	285.0	220.0	299.0	219.0	364.0	185.0	0
75.0	200.0	69.0	214.0	96.0	197.0	157.0	163.0	139.0	179.0	173.0	214.0	169.0	236.0	160.0	254.0	179.0	186.0	199.0	157.0	197.0	197.0	204.0	170.0	228.0	176.0	271.0	177.0	257.0	249.0	271.0	209.0	288.0	219.0	303.0	219.0	371.0	184.0	0
75.0	201.0	71.0	216.0	96.0	198.0	154.0	164.0	137.0	179.0	175.0	213.0	171.0	236.0	161.0	253.0	180.0	186.0	202.0	157.0	198.0	196.0	205.0	169.0	226.0	175.0	268.0	178.0	257.0	250.0	265.0	206.0	288.0	220.0	301.0	220.0	365.0	184.0	0
74.0	200.0	69.0	215.0	99.0	197.0	160.0	163.0	144.0	178.0	176.0	214.0	173.0	237.0	163.0	255.0	183.0	186.0	199.0	157.0	198.0	196.0	205.0	169.0	223.0	174.0	266.0	177.0	257.0	251.0	264.0	205.0	287.0	219.0	299.0	220.0	365.0	184.0	0
77.0	200.0	74.0	214.0	101.0	197.0	159.0	165.0	143.0	179.0	175.0	212.0	171.0	234.0	161.0	251.0	184.0	187.0	202.0	159.0	195.0	196.0	207.0	171.0	225.0	176.0	264.0	179.0	254.0	248.0	260.0	206.0	282.0	220.0	296.0	220.0	360.0	185.0	0
73.0	200.0	69.0	215.0	98.0	197.0	156.0	163.0	136.0	180.0	173.0	213.0	170.0	236.0	160.0	253.0	178.0	185.0	200.0	156.0	196.0	196.0	204.0	169.0	227.0	174.0	272.0	177.0	255.0	248.0	265.0	206.0	286.0	219.0	300.0	219.0	371.0	187.0	0
73.0	201.0	71.0	216.0	100.0	197.0	157.0	162.0	140.0	177.0	173.0	213.0	169.0	237.0	160.0	253.0	180.0	184.0	199.0	156.0	197.0	197.0	204.0	168.0	225.0	174.0	265.0	177.0	259.0	250.0	261.0	206.0	286.0	220.0	299.0	220.0	367.0	184.0	0
71.0	200.0	67.0	216.0	97.0	197.0	157.0	163.0	140.0	178.0	170.0	212.0	169.0	236.0	160.0	254.0	179.0	185.0	200.0	157.0	196.0	196.0	205.0	168.0	225.0	173.0	267.0	177.0	255.0	250.0	263.0	206.0	285.0	221.0	300.0	221.0	368.0	185.0	0
77.0	200.0	72.0	214.0	100.0	197.0	160.0	163.0	140.0	179.0	173.0	212.0	170.0	235.0	161.0	251.0	182.0	186.0	203.0	157.0	197.0	197.0	206.0	170.0	229.0	177.0	267.0	180.0	256.0	250.0	261.0	206.0	283.0	221.0	297.0	221.0	367.0	185.0	0
73.0	202.0	70.0	217.0	95.0	199.0	157.0	162.0	141.0	178.0	175.0	212.0	173.0	236.0	162.0	253.0	179.0	185.0	200.0	156.0	198.0	197.0	204.0	168.0	226.0	174.0	266.0	176.0	258.0	250.0	267.0	207.0	286.0	220.0	302.0	221.0	365.0	184.0	0
78.0	201.0	75.0	216.0	99.0	198.0	158.0	165.0	140.0	180.0	175.0	212.0	173.0	234.0	165.0	252.0	180.0	186.0	199.0	159.0	196.0	196.0	204.0	172.0	224.0	176.0	264.0	178.0	254.0	247.0	265.0	207.0	281.0	218.0	294.0	218.0	360.0	186.0	0
79.0	201.0	75.0	217.0	101.0	198.0	158.0	164.0	140.0	180.0	175.0	212.0	173.0	234.0	167.0	252.0	178.0	185.0	201.0	158.0	196.0	196.0	204.0	170.0	224.0	176.0	267.0	178.0	255.0	247.0	260.0	206.0	283.0	220.0	297.0	220.0	362.0	185.0	0
74.0	200.0	69.0	215.0	97.0	197.0	159.0	163.0	141.0	178.0	174.0	212.0	171.0	235.0	163.0	252.0	182.0	185.0	200.0	158.0	199.0	197.0	204.0	169.0	226.0	175.0	266.0	178.0	254.0	249.0	264.0	207.0	284.0	220.0	299.0	220.0	363.0	183.0	0
75.0	200.0	69.0	215.0	98.0	197.0	158.0	164.0	141.0	179.0	173.0	212.0	169.0	236.0	160.0	253.0	180.0	187.0	201.0	158.0	197.0	198.0	204.0	170.0	226.0	176.0	266.0	177.0	254.0	250.0	265.0	208.0	285.0	220.0	298.0	220.0	362.0	185.0	0
75.0	200.0	70.0	214.0	97.0	196.0	158.0	162.0	140.0	178.0	174.0	213.0	170.0	235.0	160.0	252.0	182.0	185.0	199.0	157.0	196.0	195.0	205.0	168.0	227.0	174.0	268.0	177.0	256.0	249.0	263.0	207.0	285.0	220.0	298.0	220.0	364.0	185.0	0
73.0	201.0	69.0	217.0	94.0	198.0	156.0	163.0	141.0	177.0	174.0	213.0	170.0	238.0	161.0	255.0	177.0	185.0	197.0	157.0	197.0	197.0	201.0	169.0	222.0	174.0	265.0	176.0	256.0	250.0	266.0	208.0	286.0	220.0	301.0	220.0	367.0	183.0	0
74.0	202.0	71.0	217.0	99.0	198.0	159.0	163.0	139.0	179.0	175.0	212.0	174.0	235.0	164.0	253.0	180.0	185.0	200.0	157.0	197.0	196.0	203.0	169.0	226.0	176.0	268.0	178.0	260.0	247.0	263.0	204.0	286.0	219.0	302.0	219.0	366.0	185.0	0
72.0	201.0	69.0	215.0	93.0	199.0	156.0	163.0	140.0	178.0	173.0	213.0	170.0	237.0	160.0	255.0	178.0	184.0	200.0	157.0	195.0	195.0	204.0	169.0	226.0	175.0	267.0	177.0	255.0	250.0	268.0	208.0	288.0	221.0	301.0	220.0	369.0	184.0	0
73.0	199.0	69.0	216.0	98.0	197.0	159.0	162.0	142.0	178.0	172.0	214.0	170.0	237.0	161.0	255.0	179.0	184.0	203.0	156.0	196.0	196.0	206.0	169.0	228.0	174.0	265.0	177.0	254.0	250.0	265.0	207.0	284.0	220.0	300.0	220.0	369.0	186.0	0
75.0	200.0	71.0	216.0	96.0	198.0	156.0	162.0	140.0	177.0	175.0	214.0	171.0	237.0	163.0	256.0	182.0	185.0	203.0	156.0	199.0	196.0	207.0	168.0	226.0	173.0	266.0	177.0	259.0	251.0	264.0	207.0	285.0	221.0	299.0	221.0	366.0	184.0	0
71.0	201.0	66.0	215.0	92.0	198.0	155.0	163.0	136.0	178.0	172.0	214.0	168.0	237.0	157.0	253.0	181.0	185.0	200.0	156.0	194.0	195.0	205.0	169.0	227.0	174.0	271.0	177.0	256.0	251.0	266.0	206.0	289.0	221.0	303.0	221.0	372.0	183.0	0
73.0	200.0	68.0	214.0	95.0	198.0	156.0	163.0	139.0	178.0	174.0	213.0	169.0	236.0	161.0	254.0	179.0	184.0	201.0	157.0	197.0	196.0	205.0	168.0	224.0	173.0	270.0	177.0	259.0	251.0	268.0	207.0	290.0	221.0	302.0	220.0	368.0	182.0	0
74.0	201.0	70.0	216.0	95.0	198.0	160.0	163.0	141.0	178.0	174.0	213.0	172.0	236.0	162.0	254.0	182.0	184.0	201.0	157.0	196.0	194.0	206.0	170.0	226.0	175.0	266.0	178.0	255.0	250.0	266.0	206.0	288.0	221.0	303.0	222.0	368.0	186.0	0
71.0	201.0	68.0	218.0	94.0	198.0	156.0	162.0	139.0	177.0	172.0	214.0	170.0	237.0	160.0	255.0	182.0	185.0	200.0	155.0	193.0	193.0	203.0	168.0	226.0	174.0	271.0	177.0	256.0	251.0	267.0	207.0	286.0	221.0	302.0	221.0	369.0	185.0	0
74.0	201.0	70.0	216.0	96.0	198.0	158.0	164.0	141.0	178.0	172.0	212.0	170.0	236.0	162.0	254.0	184.0	187.0	200.0	158.0	194.0	194.0	204.0	170.0	223.0	175.0	263.0	177.0	256.0	250.0	265.0	206.0	287.0	220.0	299.0	220.0	366.0	185.0	0
75.0	200.0	72.0	216.0	97.0	197.0	155.0	164.0	137.0	180.0	172.0	212.0	168.0	235.0	160.0	251.0	180.0	186.0	199.0	158.0	197.0	197.0	203.0	170.0	228.0	177.0	268.0	178.0	255.0	248.0	265.0	205.0	287.0	219.0	301.0	220.0	364.0	185.0	0
76.0	199.0	72.0	216.0	93.0	196.0	157.0	161.0	138.0	177.0	173.0	214.0	170.0	237.0	160.0	256.0	178.0	184.0	201.0	156.0	199.0	197.0	205.0	168.0	222.0	173.0	267.0	177.0	257.0	252.0	265.0	208.0	287.0	222.0	300.0	221.0	365.0	181.0	0
73.0	200.0	68.0	216.0	93.0	197.0	156.0	163.0	140.0	178.0	173.0	213.0	171.0	237.0	164.0	255.0	175.0	184.0	201.0	156.0	198.0	197.0	205.0	168.0	228.0	174.0	271.0	177.0	257.0	250.0	267.0	206.0	291.0	221.0	303.0	220.0	369.0	183.0	0
75.0	200.0	72.0	217.0	95.0	197.0	156.0	162.0	138.0	177.0	173.0	213.0	171.0	236.0	162.0	255.0	176.0	184.0	201.0	156.0	195.0	196.0	203.0	168.0	224.0	174.0	269.0	176.0	257.0	250.0	269.0	209.0	285.0	221.0	302.0	222.0	370.0	181.0	0
73.0	201.0	71.0	216.0	97.0	198.0	157.0	165.0	140.0	179.0	176.0	213.0	173.0	235.0	165.0	253.0	179.0	186.0	201.0	158.0	198.0	196.0	204.0	169.0	227.0	175.0	268.0	177.0	257.0	249.0	267.0	208.0	286.0	220.0	299.0	219.0	362.0	183.0	0
70.0	202.0	66.0	217.0	92.0	199.0	154.0	162.0	135.0	179.0	175.0	214.0	172.0	239.0	162.0	256.0	177.0	185.0	199.0	155.0	199.0	198.0	204.0	168.0	226.0	175.0	266.0	177.0	258.0	252.0	265.0	207.0	290.0	222.0	304.0	222.0	370.0	181.0	0
72.0	199.0	67.0	215.0	96.0	197.0	158.0	165.0	139.0	179.0	173.0	213.0	172.0	236.0	163.0	254.0	183.0	188.0	202.0	159.0	196.0	197.0	205.0	171.0	225.0	176.0	269.0	178.0	259.0	250.0	266.0	208.0	287.0	220.0	302.0	220.0	368.0	183.0	0
75.0	200.0	72.0	216.0	96.0	198.0	158.0	164.0	140.0	179.0	175.0	213.0	172.0	234.0	164.0	251.0	178.0	186.0	201.0	158.0	196.0	197.0	204.0	170.0	226.0	176.0	263.0	178.0	255.0	247.0	262.0	207.0	281.0	219.0	294.0	219.0	359.0	184.0	0
62.0	201.0	58.0	217.0	90.0	198.0	152.0	161.0	135.0	178.0	170.0	215.0	168.0	239.0	159.0	257.0	176.0	185.0	197.0	154.0	196.0	197.0	202.0	166.0	226.0	173.0	273.0	175.0	261.0	253.0	265.0	205.0	292.0	221.0	305.0	222.0	376.0	181.0	0
77.0	201.0	75.0	217.0	99.0	197.0	157.0	163.0	142.0	179.0	173.0	213.0	170.0	235.0	161.0	250.0	180.0	185.0	200.0	158.0	195.0	196.0	205.0	170.0	226.0	175.0	268.0	177.0	256.0	250.0	265.0	207.0	285.0	221.0	300.0	221.0	368.0	185.0	0
78.0	201.0	74.0	215.0	99.0	198.0	160.0	164.0	144.0	179.0	173.0	211.0	172.0	234.0	163.0	251.0	182.0	186.0	200.0	159.0	195.0	195.0	204.0	171.0	226.0	177.0	266.0	179.0	256.0	247.0	264.0	207.0	284.0	220.0	297.0	221.0	361.0	185.0	0
75.0	202.0	71.0	216.0	97.0	199.0	155.0	165.0	139.0	180.0	172.0	213.0	171.0	235.0	162.0	250.0	179.0	186.0	199.0	159.0	194.0	197.0	203.0	170.0	225.0	175.0	269.0	177.0	258.0	248.0	267.0	208.0	288.0	220.0	303.0	220.0	368.0	185.0	0
75.0	200.0	71.0	214.0	97.0	198.0	161.0	163.0	141.0	178.0	172.0	213.0	170.0	236.0	161.0	253.0	179.0	185.0	199.0	156.0	196.0	196.0	204.0	169.0	226.0	176.0	265.0	177.0	252.0	250.0	266.0	207.0	287.0	221.0	301.0	220.0	365.0	183.0	0
76.0	202.0	72.0	218.0	98.0	198.0	156.0	164.0	138.0	179.0	175.0	213.0	170.0	236.0	162.0	252.0	179.0	185.0	200.0	157.0	199.0	198.0	203.0	169.0	225.0	174.0	268.0	177.0	258.0	249.0	267.0	207.0	288.0	220.0	301.0	220.0	365.0	183.0	0
73.0	199.0	70.0	215.0	100.0	196.0	160.0	163.0	143.0	178.0	174.0	211.0	172.0	236.0	162.0	254.0	183.0	186.0	201.0	158.0	196.0	196.0	205.0	170.0	228.0	176.0	268.0	178.0	252.0	251.0	263.0	206.0	286.0	220.0	300.0	220.0	369.0	184.0	0
74.0	201.0	71.0	215.0	93.0	198.0	157.0	164.0	140.0	179.0	175.0	211.0	171.0	235.0	163.0	252.0	182.0	186.0	200.0	158.0	200.0	197.0	205.0	170.0	226.0	176.0	266.0	178.0	257.0	248.0	262.0	205.0	286.0	220.0	300.0	219.0	365.0	185.0	0
68.0	202.0	64.0	216.0	93.0	198.0	152.0	165.0	137.0	179.0	172.0	212.0	169.0	236.0	162.0	254.0	179.0	185.0	200.0	159.0	197.0	196.0	202.0	170.0	223.0	175.0	267.0	177.0	262.0	248.0	265.0	205.0	288.0	219.0	302.0	218.0	372.0	185.0	0
76.0	200.0	72.0	216.0	99.0	197.0	159.0	163.0	143.0	177.0	173.0	212.0	172.0	237.0	162.0	253.0	182.0	185.0	202.0	157.0	196.0	196.0	207.0	170.0	226.0	175.0	266.0	177.0	254.0	251.0	264.0	206.0	286.0	221.0	300.0	221.0	366.0	186.0	0
71.0	201.0	66.0	215.0	95.0	198.0	157.0	163.0	139.0	178.0	173.0	212.0	172.0	235.0	162.0	254.0	179.0	185.0	202.0	156.0	198.0	198.0	205.0	168.0	226.0	175.0	272.0	177.0	257.0	250.0	268.0	208.0	289.0	222.0	303.0	220.0	372.0	183.0	0
77.0	201.0	72.0	215.0	96.0	198.0	157.0	165.0	140.0	179.0	176.0	213.0	172.0	235.0	164.0	252.0	182.0	186.0	200.0	160.0	197.0	197.0	203.0	171.0	223.0	176.0	264.0	179.0	254.0	246.0	259.0	205.0	281.0	219.0	294.0	219.0	362.0	188.0	0
72.0	200.0	68.0	216.0	96.0	196.0	158.0	162.0	139.0	177.0	175.0	213.0	172.0	238.0	162.0	255.0	181.0	186.0	199.0	155.0	197.0	196.0	204.0	168.0	226.0	174.0	267.0	176.0	259.0	250.0	265.0	207.0	286.0	220.0	299.0	220.0	371.0	183.0	0
71.0	201.0	67.0	215.0	98.0	198.0	153.0	165.0	140.0	179.0	174.0	212.0	171.0	235.0	161.0	253.0	182.0	186.0	201.0	158.0	195.0	197.0	206.0	171.0	231.0	177.0	272.0	179.0	257.0	249.0	265.0	205.0	290.0	221.0	304.0	221.0	371.0	186.0	0
73.0	201.0	71.0	216.0	96.0	198.0	156.0	163.0	138.0	178.0	174.0	213.0	172.0	236.0	165.0	253.0	181.0	185.0	201.0	157.0	197.0	197.0	205.0	169.0	227.0	175.0	266.0	178.0	257.0	247.0	264.0	205.0	287.0	220.0	303.0	220.0	368.0	185.0	0
72.0	201.0	69.0	216.0	95.0	198.0	155.0	164.0	138.0	179.0	173.0	213.0	170.0	236.0	161.0	254.0	180.0	185.0	198.0	157.0	197.0	197.0	202.0	169.0	227.0	175.0	271.0	178.0	261.0	250.0	266.0	206.0	289.0	220.0	304.0	220.0	368.0	183.0	0
77.0	201.0	72.0	215.0	98.0	198.0	159.0	165.0	142.0	179.0	174.0	213.0	171.0	234.0	162.0	252.0	181.0	185.0	201.0	159.0	197.0	196.0	204.0	171.0	225.0	175.0	270.0	179.0	255.0	249.0	264.0	207.0	283.0	220.0	298.0	220.0	366.0	186.0	0
76.0	200.0	73.0	215.0	95.0	198.0	158.0	164.0	141.0	179.0	175.0	212.0	170.0	234.0	161.0	252.0	180.0	185.0	202.0	157.0	197.0	196.0	206.0	169.0	224.0	174.0	269.0	178.0	255.0	249.0	265.0	207.0	284.0	220.0	298.0	219.0	361.0	185.0	0
67.0	198.0	62.0	212.0	90.0	196.0	156.0	161.0	137.0	178.0	171.0	214.0	168.0	236.0	159.0	255.0	178.0	185.0	200.0	156.0	196.0	197.0	205.0	169.0	225.0	174.0	270.0	176.0	257.0	252.0	268.0	208.0	287.0	222.0	303.0	222.0	377.0	181.0	0
77.0	200.0	74.0	215.0	96.0	197.0	155.0	166.0	139.0	180.0	173.0	212.0	168.0	235.0	159.0	251.0	179.0	186.0	201.0	159.0	198.0	197.0	205.0	171.0	227.0	177.0	266.0	179.0	259.0	251.0	262.0	205.0	287.0	222.0	300.0	221.0	361.0	182.0	0
75.0	200.0	71.0	217.0	95.0	198.0	156.0	163.0	138.0	179.0	174.0	214.0	170.0	236.0	161.0	254.0	178.0	186.0	201.0	156.0	197.0	197.0	204.0	169.0	226.0	174.0	269.0	176.0	258.0	252.0	267.0	207.0	287.0	221.0	302.0	222.0	371.0	184.0	0
75.0	201.0	72.0	215.0	98.0	199.0	156.0	164.0	139.0	180.0	175.0	213.0	171.0	236.0	162.0	253.0	181.0	187.0	199.0	157.0	197.0	198.0	204.0	169.0	226.0	176.0	268.0	177.0	257.0	250.0	265.0	207.0	286.0	220.0	299.0	220.0	365.0	182.0	0
78.0	201.0	73.0	215.0	99.0	198.0	158.0	164.0	143.0	178.0	173.0	212.0	172.0	235.0	164.0	252.0	181.0	186.0	200.0	158.0	196.0	194.0	204.0	170.0	223.0	174.0	265.0	177.0	254.0	249.0	264.0	206.0	287.0	220.0	298.0	220.0	362.0	183.0	0
75.0	199.0	71.0	213.0	100.0	196.0	159.0	164.0	141.0	178.0	173.0	211.0	169.0	233.0	162.0	251.0	179.0	185.0	198.0	158.0	196.0	196.0	202.0	170.0	227.0	177.0	264.0	179.0	251.0	246.0	262.0	208.0	279.0	220.0	293.0	221.0	359.0	186.0	0
78.0	199.0	76.0	215.0	96.0	197.0	159.0	162.0	143.0	178.0	176.0	213.0	172.0	238.0	164.0	255.0	182.0	184.0	199.0	156.0	200.0	197.0	206.0	169.0	227.0	173.0	268.0	176.0	258.0	252.0	264.0	207.0	287.0	221.0	300.0	221.0	364.0	182.0	0
79.0	201.0	75.0	216.0	99.0	198.0	158.0	165.0	143.0	179.0	176.0	213.0	171.0	235.0	163.0	251.0	179.0	185.0	200.0	159.0	196.0	196.0	204.0	170.0	226.0	176.0	265.0	178.0	257.0	249.0	262.0	205.0	288.0	220.0	302.0	220.0	361.0	183.0	0
69.0	201.0	65.0	216.0	89.0	200.0	159.0	162.0	139.0	179.0	173.0	214.0	172.0	238.0	164.0	255.0	181.0	186.0	201.0	156.0	196.0	196.0	205.0	168.0	228.0	175.0	269.0	178.0	256.0	250.0	265.0	206.0	287.0	221.0	300.0	221.0	369.0	188.0	0
76.0	202.0	72.0	217.0	99.0	199.0	159.0	163.0	140.0	179.0	173.0	212.0	172.0	235.0	163.0	252.0	178.0	186.0	198.0	158.0	195.0	197.0	203.0	169.0	224.0	175.0	268.0	179.0	254.0	246.0	262.0	206.0	283.0	220.0	296.0	219.0	363.0	187.0	0
75.0	201.0	70.0	215.0	99.0	198.0	158.0	164.0	143.0	178.0	172.0	213.0	169.0	234.0	160.0	251.0	183.0	187.0	200.0	158.0	196.0	197.0	205.0	171.0	227.0	177.0	268.0	180.0	253.0	247.0	262.0	207.0	284.0	220.0	297.0	220.0	366.0	188.0	0
72.0	200.0	69.0	215.0	94.0	197.0	157.0	164.0	139.0	178.0	174.0	212.0	171.0	235.0	162.0	252.0	181.0	185.0	203.0	158.0	198.0	197.0	208.0	170.0	229.0	176.0	267.0	177.0	257.0	248.0	269.0	208.0	285.0	220.0	298.0	220.0	366.0	183.0	0
70.0	199.0	66.0	216.0	94.0	197.0	157.0	165.0	140.0	179.0	174.0	212.0	171.0	235.0	162.0	253.0	180.0	186.0	201.0	158.0	198.0	197.0	205.0	171.0	229.0	177.0	271.0	179.0	257.0	249.0	264.0	205.0	288.0	220.0	302.0	220.0	368.0	184.0	0
77.0	200.0	73.0	216.0	98.0	198.0	156.0	164.0	139.0	180.0	173.0	213.0	172.0	236.0	164.0	253.0	182.0	187.0	200.0	158.0	196.0	196.0	205.0	171.0	225.0	175.0	268.0	177.0	257.0	249.0	267.0	208.0	287.0	219.0	301.0	220.0	365.0	184.0	0
76.0	201.0	72.0	215.0	98.0	198.0	155.0	164.0	141.0	178.0	176.0	212.0	172.0	235.0	163.0	253.0	181.0	186.0	200.0	158.0	198.0	197.0	203.0	170.0	224.0	175.0	267.0	177.0	258.0	250.0	265.0	207.0	287.0	220.0	301.0	220.0	365.0	181.0	0
69.0	201.0	66.0	218.0	92.0	198.0	158.0	161.0	138.0	178.0	174.0	213.0	170.0	238.0	160.0	256.0	179.0	184.0	203.0	155.0	201.0	198.0	206.0	168.0	227.0	174.0	267.0	177.0	256.0	251.0	265.0	206.0	288.0	221.0	302.0	221.0	380.0	189.0	0
75.0	202.0	73.0	219.0	98.0	198.0	155.0	162.0	139.0	178.0	173.0	213.0	170.0	237.0	160.0	253.0	178.0	184.0	199.0	155.0	199.0	196.0	203.0	167.0	225.0	173.0	270.0	177.0	257.0	250.0	264.0	207.0	287.0	221.0	302.0	221.0	368.0	185.0	0
77.0	200.0	73.0	216.0	99.0	197.0	158.0	162.0	139.0	177.0	173.0	212.0	171.0	234.0	161.0	253.0	178.0	185.0	203.0	156.0	198.0	197.0	206.0	168.0	228.0	174.0	271.0	178.0	255.0	250.0	265.0	207.0	286.0	221.0	299.0	221.0	365.0	185.0	0
65.0	200.0	61.0	216.0	90.0	198.0	155.0	161.0	137.0	177.0	171.0	214.0	169.0	237.0	161.0	255.0	177.0	185.0	199.0	155.0	193.0	196.0	205.0	168.0	223.0	173.0	271.0	176.0	260.0	251.0	265.0	206.0	290.0	223.0	304.0	222.0	369.0	181.0	0
69.0	202.0	65.0	218.0	91.0	198.0	153.0	161.0	137.0	176.0	172.0	214.0	170.0	238.0	160.0	257.0	178.0	184.0	198.0	154.0	197.0	195.0	202.0	167.0	227.0	173.0	270.0	175.0	261.0	253.0	270.0	208.0	291.0	222.0	305.0	222.0	370.0	183.0	0
76.0	200.0	72.0	215.0	98.0	198.0	160.0	163.0	142.0	179.0	175.0	213.0	172.0	235.0	163.0	252.0	182.0	186.0	200.0	158.0	198.0	196.0	205.0	170.0	226.0	176.0	263.0	178.0	253.0	248.0	263.0	207.0	281.0	219.0	296.0	220.0	360.0	186.0	0
72.0	199.0	68.0	215.0	93.0	196.0	158.0	162.0	140.0	176.0	173.0	214.0	170.0	236.0	161.0	254.0	181.0	186.0	200.0	157.0	198.0	197.0	205.0	170.0	227.0	176.0	268.0	178.0	259.0	249.0	266.0	207.0	287.0	220.0	301.0	220.0	367.0	183.0	0
80.0	202.0	79.0	216.0	101.0	199.0	159.0	164.0	141.0	180.0	175.0	211.0	174.0	233.0	165.0	250.0	179.0	186.0	200.0	159.0	196.0	196.0	204.0	171.0	224.0	176.0	265.0	178.0	257.0	246.0	264.0	206.0	284.0	218.0	298.0	218.0	365.0	186.0	0
75.0	200.0	70.0	214.0	100.0	197.0	157.0	164.0	142.0	178.0	175.0	213.0	171.0	235.0	161.0	251.0	182.0	185.0	201.0	158.0	198.0	197.0	206.0	170.0	225.0	175.0	265.0	178.0	253.0	248.0	264.0	207.0	284.0	218.0	297.0	219.0	365.0	186.0	0
77.0	200.0	72.0	216.0	95.0	198.0	155.0	165.0	138.0	181.0	174.0	212.0	171.0	236.0	163.0	253.0	180.0	186.0	200.0	158.0	197.0	195.0	203.0	170.0	224.0	175.0	266.0	178.0	258.0	248.0	264.0	206.0	286.0	219.0	300.0	219.0	363.0	185.0	0
76.0	200.0	72.0	216.0	98.0	197.0	157.0	164.0	140.0	178.0	174.0	213.0	172.0	236.0	162.0	254.0	176.0	184.0	199.0	157.0	198.0	197.0	206.0	170.0	225.0	175.0	264.0	176.0	256.0	250.0	265.0	206.0	285.0	220.0	300.0	220.0	366.0	183.0	0
72.0	200.0	69.0	215.0	96.0	197.0	156.0	164.0	142.0	178.0	172.0	213.0	172.0	238.0	162.0	255.0	181.0	185.0	203.0	157.0	197.0	196.0	205.0	168.0	227.0	174.0	270.0	177.0	254.0	250.0	263.0	206.0	287.0	221.0	301.0	220.0	367.0	185.0	0
77.0	200.0	73.0	215.0	95.0	198.0	159.0	163.0	142.0	178.0	172.0	212.0	169.0	236.0	161.0	253.0	182.0	185.0	203.0	158.0	196.0	195.0	206.0	170.0	226.0	175.0	267.0	178.0	257.0	248.0	264.0	207.0	285.0	220.0	298.0	220.0	364.0	187.0	0
74.0	201.0	71.0	218.0	97.0	197.0	154.0	163.0	137.0	178.0	174.0	212.0	170.0	236.0	162.0	254.0	177.0	183.0	198.0	157.0	198.0	196.0	202.0	169.0	222.0	174.0	265.0	176.0	258.0	249.0	262.0	204.0	288.0	220.0	299.0	219.0	367.0	184.0	0
78.0	202.0	75.0	215.0	100.0	199.0	158.0	166.0	142.0	179.0	176.0	213.0	174.0	236.0	167.0	251.0	180.0	185.0	201.0	159.0	198.0	198.0	205.0	171.0	224.0	176.0	261.0	177.0	255.0	247.0	261.0	205.0	283.0	219.0	297.0	218.0	363.0	185.0	0
80.0	200.0	77.0	216.0	98.0	197.0	158.0	164.0	141.0	178.0	173.0	213.0	170.0	235.0	161.0	252.0	175.0	184.0	200.0	158.0	195.0	197.0	204.0	170.0	226.0	176.0	266.0	179.0	257.0	248.0	264.0	207.0	283.0	219.0	296.0	219.0	363.0	183.0	0
76.0	200.0	72.0	214.0	96.0	197.0	155.0	164.0	138.0	178.0	172.0	213.0	170.0	236.0	162.0	254.0	181.0	186.0	200.0	159.0	196.0	196.0	203.0	171.0	223.0	176.0	267.0	178.0	255.0	249.0	264.0	207.0	286.0	221.0	300.0	220.0	365.0	182.0	0
71.0	200.0	68.0	214.0	97.0	198.0	157.0	164.0	139.0	181.0	174.0	213.0	172.0	235.0	164.0	252.0	179.0	185.0	202.0	158.0	197.0	196.0	207.0	170.0	228.0	176.0	271.0	179.0	255.0	248.0	267.0	207.0	284.0	219.0	299.0	220.0	367.0	185.0	0
81.0	201.0	76.0	216.0	100.0	199.0	159.0	163.0	142.0	179.0	174.0	213.0	172.0	236.0	164.0	253.0	180.0	185.0	200.0	157.0	198.0	196.0	204.0	169.0	222.0	175.0	265.0	178.0	258.0	248.0	260.0	206.0	285.0	220.0	298.0	219.0	361.0	184.0	0
75.0	202.0	71.0	216.0	95.0	198.0	158.0	164.0	140.0	178.0	173.0	213.0	170.0	236.0	163.0	253.0	180.0	185.0	201.0	158.0	197.0	196.0	204.0	169.0	225.0	175.0	265.0	177.0	258.0	248.0	265.0	207.0	287.0	220.0	300.0	220.0	366.0	186.0	0
77.0	199.0	73.0	216.0	101.0	196.0	162.0	161.0	143.0	178.0	174.0	213.0	171.0	237.0	160.0	255.0	181.0	183.0	203.0	156.0	197.0	195.0	205.0	168.0	225.0	174.0	265.0	178.0	253.0	250.0	262.0	206.0	283.0	220.0	298.0	222.0	366.0	186.0	0
75.0	201.0	70.0	216.0	99.0	197.0	157.0	164.0	142.0	179.0	173.0	213.0	171.0	236.0	162.0	253.0	180.0	185.0	201.0	158.0	199.0	197.0	205.0	170.0	227.0	176.0	268.0	177.0	257.0	249.0	264.0	206.0	287.0	220.0	302.0	219.0	365.0	185.0	0
75.0	200.0	70.0	215.0	98.0	197.0	156.0	163.0	140.0	178.0	173.0	212.0	169.0	235.0	160.0	253.0	182.0	186.0	200.0	157.0	198.0	196.0	204.0	169.0	227.0	175.0	270.0	178.0	257.0	249.0	265.0	207.0	287.0	220.0	301.0	219.0	368.0	184.0	0
79.0	200.0	76.0	215.0	104.0	196.0	160.0	163.0	145.0	178.0	173.0	212.0	171.0	234.0	161.0	250.0	179.0	185.0	200.0	158.0	197.0	198.0	204.0	170.0	225.0	175.0	264.0	177.0	252.0	247.0	262.0	207.0	279.0	219.0	294.0	219.0	362.0	186.0	0
73.0	201.0	69.0	215.0	98.0	197.0	157.0	164.0	140.0	179.0	175.0	212.0	173.0	236.0	165.0	253.0	178.0	184.0	201.0	159.0	198.0	197.0	205.0	170.0	226.0	175.0	266.0	177.0	258.0	248.0	263.0	207.0	284.0	219.0	297.0	219.0	366.0	184.0	0
77.0	201.0	74.0	214.0	102.0	197.0	159.0	166.0	143.0	180.0	173.0	213.0	171.0	234.0	162.0	249.0	183.0	187.0	202.0	161.0	198.0	198.0	206.0	172.0	226.0	177.0	266.0	180.0	254.0	248.0	262.0	207.0	281.0	220.0	295.0	220.0	356.0	185.0	0
71.0	201.0	67.0	216.0	94.0	199.0	157.0	162.0	139.0	178.0	174.0	213.0	171.0	237.0	163.0	255.0	182.0	185.0	202.0	156.0	197.0	195.0	206.0	169.0	227.0	174.0	271.0	178.0	259.0	248.0	267.0	206.0	287.0	220.0	302.0	220.0	373.0	188.0	0
75.0	201.0	71.0	215.0	100.0	198.0	161.0	164.0	145.0	179.0	175.0	212.0	172.0	234.0	164.0	251.0	182.0	185.0	201.0	160.0	200.0	196.0	204.0	170.0	223.0	175.0	264.0	178.0	256.0	247.0	262.0	206.0	285.0	220.0	299.0	219.0	361.0	184.0	0
74.0	200.0	70.0	216.0	97.0	197.0	155.0	162.0	137.0	178.0	173.0	213.0	170.0	237.0	162.0	254.0	181.0	186.0	203.0	157.0	197.0	197.0	205.0	169.0	228.0	175.0	266.0	177.0	260.0	252.0	264.0	207.0	288.0	221.0	301.0	220.0	366.0	183.0	0
74.0	200.0	70.0	215.0	95.0	197.0	160.0	163.0	143.0	177.0	172.0	213.0	169.0	236.0	161.0	254.0	181.0	185.0	202.0	158.0	196.0	195.0	205.0	170.0	227.0	175.0	267.0	178.0	257.0	250.0	265.0	206.0	286.0	221.0	300.0	221.0	366.0	186.0	0
75.0	202.0	72.0	218.0	97.0	198.0	155.0	163.0	137.0	180.0	173.0	212.0	171.0	236.0	162.0	253.0	178.0	186.0	199.0	157.0	197.0	197.0	202.0	169.0	224.0	175.0	268.0	178.0	255.0	249.0	265.0	207.0	285.0	219.0	300.0	219.0	362.0	184.0	0
74.0	200.0	70.0	215.0	94.0	198.0	157.0	163.0	140.0	178.0	174.0	213.0	172.0	236.0	163.0	253.0	182.0	186.0	202.0	156.0	197.0	197.0	206.0	169.0	227.0	174.0	268.0	177.0	257.0	249.0	265.0	207.0	286.0	221.0	300.0	220.0	368.0	184.0	0
77.0	200.0	75.0	216.0	99.0	198.0	158.0	164.0	139.0	179.0	174.0	212.0	171.0	235.0	162.0	252.0	178.0	184.0	201.0	158.0	195.0	196.0	203.0	169.0	225.0	175.0	270.0	177.0	254.0	249.0	264.0	206.0	285.0	220.0	299.0	220.0	363.0	187.0	0
80.0	201.0	77.0	215.0	102.0	198.0	159.0	165.0	141.0	179.0	175.0	212.0	175.0	235.0	166.0	251.0	182.0	187.0	199.0	159.0	194.0	195.0	204.0	171.0	224.0	176.0	269.0	178.0	254.0	245.0	264.0	206.0	283.0	218.0	296.0	218.0	364.0	186.0	0
76.0	199.0	72.0	213.0	96.0	197.0	160.0	164.0	141.0	179.0	173.0	213.0	170.0	236.0	162.0	252.0	181.0	186.0	202.0	158.0	196.0	197.0	205.0	170.0	226.0	175.0	266.0	178.0	255.0	249.0	265.0	209.0	284.0	221.0	296.0	220.0	361.0	184.0	0
77.0	200.0	74.0	215.0	102.0	198.0	159.0	165.0	144.0	180.0	176.0	213.0	172.0	234.0	163.0	251.0	181.0	186.0	201.0	160.0	200.0	197.0	205.0	172.0	227.0	178.0	263.0	180.0	255.0	248.0	262.0	205.0	285.0	219.0	298.0	219.0	362.0	184.0	0
69.0	200.0	65.0	215.0	91.0	197.0	158.0	162.0	141.0	176.0	172.0	212.0	170.0	237.0	160.0	255.0	181.0	184.0	204.0	154.0	197.0	195.0	208.0	167.0	229.0	173.0	271.0	176.0	256.0	252.0	266.0	207.0	288.0	222.0	302.0	222.0	372.0	186.0	0
72.0	200.0	69.0	215.0	92.0	197.0	158.0	164.0	138.0	179.0	171.0	212.0	171.0	235.0	162.0	252.0	178.0	185.0	199.0	158.0	194.0	196.0	203.0	170.0	228.0	176.0	269.0	178.0	256.0	250.0	265.0	206.0	289.0	220.0	303.0	220.0	367.0	182.0	0
72.0	200.0	69.0	216.0	95.0	198.0	156.0	164.0	139.0	178.0	173.0	212.0	169.0	235.0	160.0	252.0	179.0	185.0	201.0	158.0	196.0	196.0	205.0	170.0	226.0	176.0	268.0	177.0	258.0	249.0	265.0	207.0	287.0	220.0	304.0	220.0	367.0	185.0	0
75.0	201.0	72.0	217.0	95.0	198.0	155.0	163.0	139.0	177.0	172.0	213.0	170.0	237.0	160.0	253.0	178.0	185.0	201.0	156.0	197.0	196.0	203.0	168.0	226.0	174.0	270.0	177.0	258.0	250.0	264.0	205.0	287.0	221.0	303.0	221.0	369.0	184.0	0
75.0	201.0	70.0	215.0	96.0	198.0	157.0	163.0	140.0	178.0	173.0	213.0	169.0	236.0	161.0	253.0	182.0	186.0	198.0	157.0	193.0	195.0	203.0	170.0	228.0	176.0	270.0	178.0	256.0	249.0	265.0	206.0	285.0	220.0	300.0	220.0	370.0	185.0	0
68.0	201.0	62.0	215.0	92.0	198.0	154.0	162.0	135.0	178.0	173.0	213.0	171.0	237.0	161.0	256.0	180.0	184.0	197.0	156.0	194.0	195.0	202.0	168.0	227.0	175.0	268.0	177.0	261.0	249.0	264.0	204.0	289.0	221.0	303.0	220.0	372.0	184.0	0
74.0	201.0	71.0	217.0	95.0	198.0	158.0	163.0	140.0	179.0	174.0	213.0	171.0	236.0	161.0	253.0	183.0	187.0	199.0	158.0	195.0	196.0	204.0	171.0	227.0	177.0	263.0	179.0	255.0	249.0	261.0	205.0	285.0	221.0	299.0	220.0	366.0	185.0	0
74.0	199.0	69.0	215.0	97.0	197.0	160.0	163.0	144.0	177.0	175.0	213.0	172.0	237.0	162.0	255.0	181.0	185.0	202.0	157.0	195.0	195.0	206.0	170.0	225.0	176.0	266.0	178.0	258.0	250.0	262.0	207.0	285.0	221.0	297.0	220.0	363.0	183.0	0
77.0	202.0	74.0	218.0	96.0	199.0	157.0	163.0	139.0	179.0	173.0	213.0	171.0	236.0	162.0	254.0	179.0	186.0	200.0	156.0	194.0	195.0	204.0	169.0	223.0	174.0	265.0	177.0	257.0	250.0	263.0	207.0	286.0	220.0	299.0	220.0	364.0	188.0	0
73.0	201.0	71.0	215.0	94.0	198.0	156.0	165.0	141.0	179.0	173.0	213.0	171.0	234.0	163.0	251.0	180.0	186.0	201.0	159.0	198.0	196.0	206.0	171.0	226.0	176.0	267.0	178.0	256.0	246.0	266.0	206.0	283.0	219.0	298.0	220.0	364.0	186.0	0
73.0	202.0	70.0	216.0	95.0	198.0	155.0	163.0	137.0	178.0	170.0	212.0	168.0	235.0	159.0	252.0	178.0	184.0	201.0	156.0	195.0	196.0	206.0	168.0	226.0	175.0	267.0	177.0	255.0	248.0	267.0	208.0	285.0	220.0	299.0	220.0	370.0	187.0	0
79.0	200.0	75.0	215.0	101.0	197.0	158.0	165.0	142.0	179.0	176.0	212.0	173.0	234.0	165.0	251.0	181.0	186.0	202.0	158.0	198.0	195.0	205.0	170.0	227.0	176.0	266.0	179.0	255.0	248.0	263.0	206.0	284.0	220.0	299.0	219.0	359.0	183.0	0
77.0	201.0	71.0	216.0	102.0	198.0	156.0	164.0	140.0	179.0	175.0	213.0	171.0	236.0	162.0	254.0	180.0	185.0	201.0	158.0	197.0	197.0	205.0	170.0	226.0	175.0	262.0	177.0	256.0	249.0	263.0	206.0	285.0	220.0	297.0	220.0	363.0	185.0	0
78.0	200.0	75.0	215.0	100.0	197.0	159.0	163.0	140.0	180.0	173.0	213.0	170.0	234.0	163.0	251.0	177.0	186.0	200.0	158.0	194.0	197.0	205.0	171.0	224.0	176.0	264.0	179.0	252.0	248.0	261.0	209.0	282.0	220.0	295.0	220.0	359.0	185.0	0
75.0	200.0	71.0	215.0	97.0	197.0	157.0	163.0	141.0	178.0	173.0	212.0	170.0	234.0	162.0	251.0	184.0	187.0	200.0	158.0	195.0	196.0	205.0	170.0	227.0	176.0	269.0	179.0	257.0	247.0	263.0	204.0	285.0	220.0	297.0	220.0	364.0	187.0	0
76.0	200.0	71.0	215.0	97.0	198.0	155.0	163.0	140.0	178.0	172.0	213.0	170.0	236.0	161.0	253.0	178.0	185.0	201.0	156.0	194.0	196.0	205.0	168.0	227.0	175.0	269.0	178.0	254.0	249.0	264.0	208.0	284.0	221.0	299.0	221.0	368.0	185.0	0
76.0	200.0	72.0	214.0	98.0	197.0	157.0	164.0	141.0	178.0	174.0	211.0	171.0	234.0	163.0	251.0	182.0	187.0	199.0	159.0	196.0	197.0	204.0	171.0	228.0	178.0	268.0	180.0	256.0	247.0	262.0	205.0	283.0	219.0	296.0	218.0	361.0	185.0	0
77.0	199.0	73.0	213.0	96.0	197.0	158.0	165.0	139.0	180.0	176.0	214.0	172.0	237.0	162.0	253.0	181.0	186.0	201.0	158.0	196.0	198.0	205.0	171.0	227.0	177.0	267.0	178.0	256.0	249.0	261.0	205.0	287.0	221.0	300.0	220.0	361.0	182.0	0
76.0	200.0	71.0	215.0	97.0	198.0	158.0	163.0	140.0	179.0	173.0	213.0	170.0	236.0	162.0	254.0	179.0	186.0	200.0	156.0	196.0	197.0	204.0	169.0	226.0	176.0	265.0	178.0	256.0	250.0	263.0	206.0	284.0	221.0	300.0	221.0	364.0	184.0	0
73.0	200.0	71.0	215.0	95.0	197.0	155.0	164.0	138.0	178.0	170.0	212.0	166.0	235.0	158.0	251.0	182.0	186.0	199.0	158.0	196.0	197.0	202.0	170.0	225.0	176.0	270.0	178.0	256.0	251.0	266.0	207.0	287.0	220.0	302.0	221.0	366.0	184.0	0
76.0	199.0	72.0	214.0	99.0	197.0	159.0	164.0	143.0	178.0	176.0	213.0	172.0	235.0	162.0	252.0	180.0	184.0	202.0	157.0	197.0	196.0	205.0	169.0	226.0	175.0	264.0	177.0	256.0	249.0	267.0	207.0	286.0	219.0	300.0	219.0	361.0	182.0	0
75.0	201.0	70.0	216.0	96.0	198.0	160.0	164.0	141.0	178.0	174.0	213.0	171.0	234.0	162.0	252.0	183.0	186.0	202.0	158.0	197.0	196.0	206.0	170.0	226.0	175.0	268.0	178.0	257.0	248.0	265.0	207.0	285.0	220.0	300.0	220.0	368.0	186.0	0
75.0	201.0	71.0	216.0	99.0	198.0	156.0	164.0	142.0	178.0	174.0	213.0	171.0	236.0	163.0	254.0	176.0	185.0	199.0	157.0	197.0	198.0	203.0	169.0	224.0	174.0	266.0	177.0	259.0	250.0	266.0	208.0	287.0	221.0	299.0	219.0	364.0	183.0	0
67.0	198.0	62.0	215.0	93.0	196.0	158.0	161.0	142.0	177.0	174.0	214.0	171.0	238.0	161.0	257.0	182.0	186.0	203.0	156.0	199.0	196.0	207.0	169.0	227.0	174.0	270.0	178.0	259.0	251.0	264.0	207.0	286.0	221.0	300.0	221.0	373.0	185.0	0
76.0	201.0	73.0	216.0	98.0	198.0	157.0	165.0	142.0	179.0	176.0	212.0	172.0	234.0	163.0	251.0	180.0	184.0	199.0	160.0	200.0	197.0	203.0	171.0	224.0	176.0	263.0	177.0	258.0	247.0	263.0	205.0	286.0	219.0	300.0	219.0	365.0	184.0	0
75.0	200.0	70.0	215.0	97.0	197.0	157.0	163.0	141.0	179.0	172.0	213.0	170.0	238.0	162.0	255.0	181.0	185.0	202.0	157.0	198.0	197.0	206.0	169.0	226.0	175.0	268.0	177.0	257.0	250.0	264.0	207.0	286.0	221.0	301.0	220.0	367.0	185.0	0
69.0	201.0	64.0	216.0	91.0	198.0	154.0	161.0	137.0	178.0	173.0	214.0	171.0	237.0	160.0	255.0	177.0	184.0	201.0	155.0	198.0	197.0	205.0	167.0	227.0	173.0	274.0	176.0	259.0	252.0	270.0	208.0	291.0	221.0	306.0	221.0	371.0	181.0	0
74.0	199.0	70.0	213.0	96.0	197.0	159.0	163.0	141.0	179.0	173.0	214.0	169.0	236.0	161.0	254.0	180.0	185.0	201.0	156.0	194.0	195.0	205.0	169.0	227.0	175.0	268.0	177.0	255.0	250.0	264.0	206.0	285.0	220.0	300.0	220.0	368.0	184.0	0
78.0	200.0	75.0	216.0	97.0	198.0	158.0	163.0	140.0	178.0	176.0	213.0	173.0	236.0	164.0	253.0	178.0	185.0	202.0	158.0	199.0	197.0	205.0	169.0	224.0	175.0	261.0	178.0	252.0	248.0	261.0	207.0	281.0	220.0	294.0	219.0	361.0	188.0	0
81.0	200.0	77.0	215.0	99.0	197.0	158.0	163.0	141.0	178.0	174.0	212.0	170.0	236.0	160.0	252.0	180.0	185.0	202.0	157.0	195.0	196.0	205.0	169.0	227.0	175.0	267.0	177.0	255.0	249.0	263.0	207.0	283.0	220.0	298.0	220.0	364.0	186.0	0
75.0	200.0	71.0	216.0	99.0	198.0	158.0	163.0	141.0	178.0	177.0	213.0	174.0	236.0	165.0	254.0	183.0	186.0	200.0	158.0	197.0	196.0	205.0	170.0	225.0	175.0	263.0	176.0	259.0	250.0	263.0	205.0	289.0	221.0	301.0	220.0	366.0	182.0	0
77.0	200.0	74.0	215.0	102.0	198.0	159.0	164.0	142.0	180.0	173.0	213.0	170.0	235.0	161.0	251.0	182.0	187.0	201.0	158.0	194.0	196.0	205.0	171.0	227.0	177.0	267.0	179.0	252.0	249.0	263.0	207.0	282.0	220.0	295.0	220.0	361.0	186.0	0
71.0	200.0	68.0	215.0	93.0	198.0	158.0	163.0	140.0	178.0	175.0	213.0	173.0	235.0	164.0	254.0	182.0	185.0	202.0	158.0	199.0	196.0	206.0	170.0	227.0	175.0	268.0	177.0	260.0	250.0	266.0	206.0	289.0	220.0	302.0	220.0	369.0	183.0	0
71.0	200.0	66.0	215.0	97.0	197.0	157.0	163.0	140.0	178.0	173.0	213.0	169.0	236.0	160.0	254.0	182.0	185.0	203.0	157.0	197.0	196.0	208.0	170.0	229.0	176.0	267.0	178.0	260.0	250.0	264.0	206.0	286.0	221.0	302.0	220.0	371.0	184.0	0
76.0	200.0	71.0	215.0	98.0	197.0	158.0	162.0	140.0	179.0	174.0	212.0	172.0	236.0	163.0	252.0	179.0	185.0	201.0	156.0	197.0	196.0	206.0	168.0	225.0	173.0	266.0	176.0	256.0	250.0	264.0	206.0	285.0	220.0	298.0	219.0	365.0	186.0	0
79.0	200.0	75.0	216.0	97.0	198.0	159.0	164.0	144.0	178.0	175.0	212.0	172.0	235.0	162.0	252.0	182.0	185.0	201.0	158.0	198.0	196.0	205.0	170.0	225.0	175.0	264.0	178.0	253.0	248.0	263.0	207.0	282.0	220.0	296.0	220.0	361.0	188.0	0
69.0	201.0	67.0	216.0	95.0	198.0	153.0	163.0	137.0	178.0	171.0	211.0	170.0	235.0	161.0	253.0	180.0	184.0	202.0	156.0	196.0	194.0	206.0	168.0	228.0	174.0	271.0	176.0	261.0	249.0	269.0	206.0	290.0	220.0	305.0	220.0	374.0	186.0	0
75.0	199.0	71.0	214.0	96.0	197.0	156.0	163.0	138.0	179.0	172.0	214.0	168.0	237.0	161.0	253.0	178.0	185.0	199.0	157.0	195.0	196.0	203.0	169.0	225.0	176.0	270.0	179.0	256.0	249.0	265.0	206.0	285.0	220.0	297.0	220.0	366.0	183.0	0
71.0	201.0	67.0	217.0	92.0	199.0	155.0	164.0	137.0	179.0	173.0	213.0	171.0	235.0	162.0	253.0	180.0	185.0	200.0	157.0	197.0	196.0	205.0	169.0	228.0	175.0	271.0	178.0	258.0	248.0	265.0	205.0	287.0	220.0	304.0	220.0	369.0	184.0	0
77.0	201.0	73.0	215.0	98.0	199.0	155.0	164.0	138.0	179.0	175.0	213.0	172.0	233.0	163.0	251.0	180.0	186.0	199.0	159.0	195.0	196.0	203.0	170.0	225.0	176.0	266.0	178.0	257.0	248.0	264.0	206.0	285.0	220.0	300.0	219.0	364.0	186.0	0
76.0	200.0	73.0	216.0	99.0	197.0	159.0	162.0	143.0	177.0	172.0	212.0	169.0	235.0	160.0	252.0	182.0	184.0	199.0	156.0	198.0	196.0	205.0	169.0	226.0	175.0	267.0	178.0	252.0	249.0	264.0	207.0	283.0	220.0	297.0	221.0	361.0	186.0	0
68.0	202.0	63.0	217.0	91.0	198.0	156.0	161.0	137.0	178.0	173.0	214.0	170.0	239.0	161.0	257.0	177.0	183.0	199.0	154.0	198.0	196.0	203.0	167.0	230.0	174.0	274.0	175.0	259.0	253.0	269.0	207.0	291.0	222.0	307.0	223.0	374.0	182.0	0
65.0	200.0	61.0	217.0	86.0	198.0	151.0	161.0	132.0	178.0	170.0	213.0	167.0	238.0	158.0	257.0	176.0	185.0	202.0	154.0	197.0	198.0	206.0	168.0	230.0	174.0	273.0	177.0	262.0	254.0	271.0	209.0	291.0	222.0	306.0	222.0	378.0	182.0	0
76.0	200.0	72.0	214.0	99.0	197.0	159.0	163.0	142.0	178.0	175.0	213.0	170.0	236.0	162.0	252.0	182.0	185.0	201.0	158.0	199.0	197.0	204.0	169.0	224.0	175.0	266.0	179.0	255.0	250.0	261.0	206.0	286.0	221.0	298.0	220.0	360.0	184.0	0
74.0	202.0	71.0	216.0	98.0	199.0	156.0	164.0	139.0	179.0	176.0	215.0	172.0	237.0	164.0	254.0	178.0	185.0	200.0	158.0	196.0	197.0	202.0	169.0	224.0	175.0	267.0	176.0	259.0	249.0	265.0	206.0	288.0	221.0	301.0	220.0	368.0	183.0	0
76.0	201.0	73.0	214.0	99.0	198.0	158.0	166.0	143.0	179.0	175.0	213.0	171.0	236.0	163.0	252.0	184.0	186.0	201.0	160.0	199.0	198.0	206.0	172.0	225.0	177.0	262.0	178.0	257.0	247.0	261.0	205.0	285.0	220.0	296.0	218.0	359.0	186.0	0
75.0	200.0	73.0	216.0	94.0	197.0	159.0	163.0	142.0	178.0	174.0	213.0	170.0	235.0	162.0	252.0	179.0	185.0	200.0	158.0	199.0	198.0	205.0	170.0	226.0	176.0	271.0	178.0	255.0	249.0	264.0	207.0	284.0	221.0	298.0	221.0	364.0	185.0	0
79.0	201.0	76.0	217.0	101.0	198.0	158.0	164.0	142.0	180.0	174.0	212.0	172.0	233.0	163.0	252.0	181.0	186.0	198.0	157.0	198.0	197.0	204.0	170.0	225.0	175.0	267.0	178.0	254.0	247.0	262.0	206.0	284.0	220.0	298.0	221.0	362.0	186.0	0
70.0	199.0	64.0	213.0	93.0	198.0	160.0	163.0	143.0	178.0	172.0	214.0	171.0	236.0	163.0	254.0	182.0	187.0	201.0	157.0	195.0	196.0	205.0	169.0	227.0	175.0	268.0	177.0	260.0	250.0	266.0	207.0	288.0	220.0	300.0	220.0	369.0	181.0	0
70.0	201.0	66.0	215.0	94.0	198.0	155.0	163.0	140.0	176.0	174.0	213.0	171.0	237.0	162.0	254.0	182.0	186.0	200.0	157.0	195.0	195.0	204.0	169.0	229.0	176.0	272.0	178.0	257.0	249.0	268.0	207.0	284.0	219.0	300.0	219.0	369.0	184.0	0
71.0	200.0	66.0	216.0	92.0	197.0	158.0	161.0	140.0	177.0	173.0	214.0	168.0	237.0	159.0	255.0	176.0	183.0	202.0	155.0	199.0	198.0	206.0	168.0	226.0	174.0	270.0	177.0	260.0	252.0	266.0	206.0	290.0	221.0	304.0	221.0	373.0	186.0	0
73.0	200.0	69.0	215.0	95.0	198.0	155.0	164.0	137.0	179.0	174.0	213.0	171.0	236.0	162.0	254.0	178.0	186.0	202.0	158.0	198.0	197.0	206.0	170.0	228.0	176.0	270.0	178.0	259.0	250.0	267.0	208.0	286.0	220.0	301.0	220.0	371.0	182.0	0
77.0	202.0	76.0	217.0	96.0	199.0	156.0	165.0	138.0	181.0	174.0	212.0	174.0	234.0	167.0	251.0	181.0	187.0	197.0	159.0	195.0	196.0	200.0	170.0	222.0	175.0	265.0	177.0	261.0	246.0	262.0	203.0	288.0	218.0	301.0	217.0	363.0	182.0	0
82.0	201.0	78.0	215.0	101.0	198.0	159.0	165.0	144.0	179.0	174.0	212.0	172.0	234.0	164.0	250.0	181.0	186.0	201.0	159.0	196.0	196.0	205.0	170.0	225.0	175.0	265.0	177.0	254.0	247.0	263.0	207.0	283.0	219.0	298.0	219.0	359.0	184.0	0
78.0	202.0	73.0	216.0	98.0	199.0	156.0	164.0	140.0	178.0	174.0	212.0	174.0	237.0	165.0	253.0	181.0	186.0	201.0	157.0	197.0	195.0	206.0	170.0	225.0	175.0	265.0	177.0	255.0	249.0	264.0	206.0	286.0	220.0	300.0	220.0	365.0	183.0	0
75.0	201.0	70.0	215.0	100.0	198.0	158.0	165.0	141.0	179.0	173.0	213.0	171.0	235.0	163.0	253.0	180.0	186.0	201.0	158.0	197.0	197.0	204.0	171.0	224.0	175.0	263.0	177.0	255.0	248.0	262.0	206.0	284.0	220.0	298.0	220.0	365.0	185.0	0
78.0	201.0	75.0	216.0	99.0	197.0	158.0	164.0	140.0	178.0	175.0	212.0	174.0	235.0	165.0	253.0	180.0	186.0	198.0	158.0	195.0	196.0	203.0	169.0	224.0	175.0	264.0	177.0	255.0	247.0	263.0	206.0	284.0	219.0	296.0	219.0	362.0	184.0	0
77.0	201.0	73.0	215.0	100.0	198.0	160.0	165.0	145.0	179.0	176.0	211.0	171.0	233.0	162.0	249.0	184.0	186.0	203.0	160.0	199.0	197.0	206.0	172.0	226.0	177.0	267.0	180.0	258.0	246.0	262.0	205.0	286.0	219.0	298.0	219.0	360.0	187.0	0
73.0	201.0	69.0	216.0	98.0	198.0	156.0	164.0	140.0	179.0	175.0	213.0	171.0	236.0	163.0	254.0	179.0	185.0	202.0	158.0	198.0	197.0	206.0	170.0	226.0	175.0	268.0	178.0	256.0	249.0	263.0	206.0	285.0	220.0	299.0	221.0	369.0	186.0	0
72.0	200.0	67.0	216.0	91.0	197.0	157.0	162.0	139.0	177.0	172.0	212.0	168.0	236.0	159.0	254.0	180.0	184.0	202.0	158.0	194.0	195.0	205.0	169.0	227.0	176.0	266.0	178.0	258.0	250.0	265.0	207.0	288.0	221.0	302.0	220.0	364.0	184.0	0
74.0	200.0	70.0	214.0	98.0	197.0	156.0	163.0	142.0	179.0	174.0	213.0	172.0	236.0	162.0	253.0	180.0	186.0	200.0	158.0	194.0	196.0	204.0	169.0	227.0	175.0	271.0	178.0	254.0	250.0	264.0	206.0	286.0	220.0	302.0	220.0	367.0	184.0	0
74.0	200.0	69.0	216.0	98.0	198.0	160.0	162.0	139.0	179.0	173.0	214.0	170.0	235.0	161.0	253.0	182.0	186.0	202.0	157.0	196.0	197.0	207.0	170.0	226.0	174.0	266.0	177.0	255.0	247.0	263.0	209.0	282.0	221.0	297.0	221.0	365.0	186.0	0
73.0	200.0	69.0	214.0	96.0	198.0	155.0	163.0	139.0	177.0	173.0	215.0	170.0	236.0	162.0	253.0	181.0	186.0	199.0	158.0	196.0	196.0	204.0	170.0	226.0	176.0	266.0	178.0	257.0	250.0	262.0	205.0	285.0	220.0	298.0	220.0	362.0	183.0	0
77.0	201.0	73.0	216.0	102.0	198.0	157.0	164.0	139.0	179.0	174.0	213.0	171.0	237.0	162.0	254.0	180.0	186.0	199.0	158.0	198.0	197.0	203.0	170.0	224.0	175.0	264.0	178.0	255.0	248.0	265.0	206.0	285.0	218.0	299.0	219.0	364.0	185.0	0
75.0	200.0	73.0	217.0	100.0	198.0	158.0	163.0	140.0	179.0	173.0	215.0	170.0	237.0	161.0	254.0	177.0	184.0	200.0	157.0	198.0	197.0	203.0	168.0	224.0	174.0	268.0	177.0	257.0	249.0	267.0	208.0	287.0	220.0	301.0	220.0	364.0	185.0	0
71.0	200.0	66.0	215.0	91.0	197.0	158.0	161.0	137.0	178.0	173.0	213.0	169.0	238.0	160.0	256.0	179.0	184.0	201.0	155.0	195.0	194.0	206.0	168.0	229.0	174.0	269.0	176.0	256.0	250.0	266.0	207.0	287.0	221.0	302.0	221.0	372.0	185.0	0
75.0	200.0	74.0	215.0	97.0	197.0	159.0	164.0	141.0	179.0	175.0	212.0	172.0	235.0	164.0	252.0	181.0	185.0	200.0	159.0	198.0	196.0	204.0	171.0	224.0	177.0	268.0	179.0	255.0	246.0	264.0	207.0	284.0	220.0	297.0	219.0	360.0	183.0	0
79.0	200.0	75.0	214.0	101.0	198.0	160.0	163.0	141.0	180.0	175.0	213.0	173.0	236.0	164.0	252.0	176.0	184.0	201.0	158.0	197.0	197.0	205.0	169.0	224.0	175.0	263.0	177.0	255.0	249.0	264.0	206.0	283.0	219.0	296.0	219.0	362.0	184.0	0
73.0	200.0	69.0	215.0	93.0	197.0	154.0	163.0	137.0	179.0	172.0	213.0	168.0	236.0	159.0	252.0	176.0	185.0	198.0	157.0	197.0	198.0	202.0	169.0	225.0	175.0	267.0	177.0	258.0	250.0	263.0	206.0	285.0	220.0	301.0	221.0	372.0	185.0	0
72.0	201.0	67.0	215.0	98.0	198.0	156.0	165.0	138.0	180.0	172.0	212.0	170.0	234.0	162.0	251.0	181.0	187.0	199.0	159.0	194.0	195.0	202.0	171.0	223.0	176.0	270.0	179.0	253.0	247.0	266.0	206.0	284.0	218.0	298.0	218.0	363.0	186.0	0
77.0	201.0	73.0	215.0	95.0	198.0	157.0	164.0	139.0	179.0	174.0	213.0	172.0	236.0	165.0	253.0	178.0	186.0	203.0	159.0	194.0	197.0	205.0	171.0	226.0	176.0	267.0	178.0	258.0	249.0	262.0	205.0	286.0	220.0	302.0	220.0	366.0	184.0	0
77.0	200.0	72.0	215.0	97.0	197.0	157.0	163.0	140.0	179.0	175.0	215.0	171.0	237.0	163.0	254.0	180.0	186.0	201.0	157.0	197.0	197.0	204.0	169.0	224.0	174.0	266.0	176.0	260.0	250.0	263.0	207.0	288.0	221.0	300.0	219.0	363.0	182.0	0
75.0	201.0	72.0	217.0	98.0	198.0	155.0	164.0	138.0	179.0	174.0	213.0	171.0	236.0	163.0	254.0	179.0	186.0	199.0	157.0	196.0	196.0	202.0	168.0	226.0	175.0	267.0	178.0	258.0	249.0	264.0	206.0	285.0	220.0	300.0	220.0	364.0	184.0	0
74.0	200.0	71.0	216.0	96.0	197.0	157.0	164.0	136.0	180.0	176.0	213.0	173.0	236.0	165.0	253.0	181.0	186.0	200.0	157.0	199.0	196.0	204.0	169.0	226.0	175.0	270.0	177.0	261.0	250.0	268.0	206.0	291.0	220.0	303.0	219.0	366.0	183.0	0
71.0	200.0	66.0	216.0	97.0	197.0	156.0	164.0	139.0	179.0	174.0	213.0	170.0	236.0	160.0	252.0	178.0	186.0	201.0	157.0	197.0	199.0	204.0	170.0	226.0	175.0	268.0	177.0	257.0	252.0	271.0	210.0	290.0	221.0	302.0	221.0	364.0	180.0	0
76.0	200.0	75.0	216.0	102.0	198.0	156.0	166.0	141.0	179.0	176.0	213.0	173.0	235.0	165.0	252.0	182.0	186.0	204.0	159.0	199.0	197.0	207.0	171.0	225.0	176.0	266.0	179.0	258.0	248.0	265.0	207.0	285.0	219.0	298.0	219.0	362.0	186.0	0
75.0	200.0	71.0	216.0	96.0	196.0	157.0	163.0	140.0	178.0	173.0	213.0	172.0	237.0	163.0	254.0	181.0	186.0	198.0	157.0	194.0	195.0	204.0	170.0	227.0	175.0	270.0	178.0	257.0	251.0	266.0	207.0	288.0	221.0	303.0	221.0	365.0	182.0	0
77.0	200.0	71.0	215.0	101.0	197.0	157.0	164.0	141.0	178.0	175.0	212.0	171.0	234.0	162.0	252.0	183.0	186.0	199.0	158.0	196.0	196.0	204.0	170.0	225.0	176.0	265.0	178.0	257.0	248.0	262.0	204.0	287.0	220.0	300.0	219.0	364.0	184.0	0
71.0	200.0	68.0	214.0	96.0	197.0	155.0	163.0	140.0	179.0	174.0	213.0	172.0	237.0	161.0	254.0	177.0	185.0	199.0	157.0	197.0	197.0	202.0	169.0	222.0	174.0	268.0	177.0	257.0	251.0	263.0	205.0	287.0	220.0	299.0	219.0	367.0	183.0	0
75.0	202.0	72.0	216.0	98.0	199.0	158.0	165.0	141.0	180.0	176.0	213.0	172.0	234.0	164.0	252.0	179.0	186.0	201.0	159.0	196.0	197.0	205.0	171.0	226.0	176.0	267.0	179.0	255.0	246.0	263.0	206.0	281.0	219.0	295.0	219.0	365.0	187.0	0
71.0	201.0	67.0	215.0	96.0	197.0	156.0	165.0	141.0	179.0	173.0	213.0	170.0	234.0	162.0	251.0	179.0	185.0	201.0	158.0	195.0	197.0	205.0	170.0	229.0	176.0	270.0	177.0	259.0	248.0	268.0	206.0	287.0	219.0	300.0	219.0	373.0	186.0	0
74.0	201.0	71.0	215.0	98.0	198.0	159.0	163.0	140.0	180.0	174.0	214.0	172.0	236.0	163.0	253.0	180.0	185.0	202.0	156.0	196.0	196.0	207.0	169.0	228.0	175.0	266.0	177.0	257.0	249.0	265.0	206.0	287.0	221.0	301.0	221.0	367.0	184.0	0
76.0	200.0	72.0	214.0	97.0	198.0	158.0	164.0	143.0	178.0	172.0	213.0	171.0	237.0	163.0	253.0	181.0	186.0	202.0	158.0	195.0	197.0	205.0	170.0	227.0	176.0	267.0	179.0	257.0	248.0	263.0	207.0	283.0	220.0	296.0	220.0	364.0	185.0	0
71.0	201.0	67.0	217.0	96.0	198.0	155.0	161.0	137.0	178.0	173.0	214.0	170.0	237.0	161.0	257.0	180.0	185.0	198.0	155.0	196.0	195.0	201.0	167.0	223.0	173.0	265.0	175.0	258.0	251.0	265.0	206.0	288.0	221.0	303.0	221.0	377.0	184.0	0
74.0	201.0	70.0	214.0	95.0	199.0	156.0	164.0	142.0	178.0	173.0	213.0	170.0	236.0	162.0	253.0	179.0	185.0	201.0	157.0	193.0	195.0	204.0	169.0	228.0	176.0	269.0	178.0	255.0	250.0	265.0	207.0	288.0	222.0	301.0	222.0	361.0	183.0	0
74.0	200.0	70.0	216.0	95.0	199.0	157.0	162.0	141.0	178.0	172.0	213.0	172.0	237.0	162.0	254.0	178.0	185.0	199.0	157.0	195.0	196.0	203.0	169.0	224.0	174.0	266.0	177.0	258.0	251.0	267.0	208.0	288.0	220.0	302.0	220.0	368.0	184.0	0
76.0	201.0	72.0	216.0	98.0	198.0	157.0	163.0	140.0	180.0	176.0	214.0	171.0	236.0	162.0	253.0	181.0	186.0	199.0	157.0	200.0	198.0	203.0	169.0	225.0	175.0	265.0	176.0	257.0	249.0	265.0	207.0	287.0	221.0	301.0	221.0	368.0	183.0	0
71.0	201.0	67.0	217.0	94.0	198.0	158.0	162.0	142.0	179.0	172.0	213.0	169.0	235.0	158.0	253.0	184.0	185.0	201.0	156.0	198.0	196.0	205.0	169.0	227.0	174.0	271.0	178.0	257.0	250.0	265.0	207.0	288.0	222.0	302.0	222.0	371.0	186.0	0
72.0	200.0	68.0	215.0	96.0	198.0	158.0	164.0	140.0	179.0	175.0	213.0	171.0	236.0	161.0	253.0	182.0	186.0	198.0	158.0	200.0	197.0	202.0	170.0	225.0	175.0	264.0	177.0	256.0	249.0	266.0	207.0	286.0	220.0	300.0	220.0	364.0	183.0	0
73.0	202.0	69.0	215.0	96.0	199.0	157.0	163.0	140.0	178.0	173.0	213.0	170.0	235.0	160.0	252.0	180.0	186.0	200.0	158.0	199.0	198.0	205.0	170.0	229.0	176.0	268.0	178.0	261.0	250.0	268.0	208.0	288.0	220.0	303.0	220.0	369.0	183.0	0
72.0	200.0	67.0	215.0	96.0	197.0	155.0	163.0	139.0	178.0	173.0	213.0	170.0	237.0	162.0	255.0	178.0	185.0	199.0	156.0	197.0	197.0	202.0	168.0	225.0	174.0	268.0	176.0	254.0	251.0	268.0	209.0	287.0	221.0	300.0	221.0	367.0	183.0	0
76.0	202.0	74.0	217.0	99.0	198.0	157.0	165.0	142.0	178.0	172.0	212.0	170.0	235.0	162.0	251.0	180.0	186.0	197.0	159.0	195.0	195.0	201.0	170.0	223.0	176.0	268.0	178.0	253.0	248.0	264.0	206.0	285.0	220.0	301.0	219.0	365.0	185.0	0
75.0	202.0	71.0	217.0	98.0	199.0	156.0	165.0	138.0	180.0	173.0	213.0	171.0	235.0	161.0	251.0	175.0	184.0	200.0	158.0	197.0	198.0	202.0	169.0	224.0	175.0	269.0	177.0	256.0	248.0	268.0	209.0	286.0	221.0	299.0	221.0	362.0	183.0	0
77.0	200.0	73.0	216.0	99.0	198.0	157.0	164.0	140.0	180.0	175.0	212.0	172.0	235.0	163.0	251.0	180.0	186.0	200.0	158.0	197.0	196.0	204.0	169.0	225.0	175.0	266.0	177.0	256.0	247.0	264.0	206.0	287.0	220.0	300.0	220.0	364.0	184.0	0
71.0	201.0	67.0	217.0	95.0	198.0	156.0	162.0	136.0	180.0	174.0	213.0	170.0	237.0	162.0	255.0	179.0	186.0	200.0	156.0	197.0	197.0	204.0	168.0	226.0	174.0	270.0	176.0	259.0	251.0	268.0	208.0	289.0	221.0	303.0	222.0	372.0	183.0	0
71.0	200.0	65.0	215.0	93.0	197.0	157.0	161.0	137.0	178.0	172.0	213.0	169.0	238.0	160.0	255.0	178.0	184.0	201.0	154.0	193.0	194.0	206.0	168.0	225.0	173.0	271.0	177.0	257.0	251.0	268.0	207.0	288.0	222.0	303.0	222.0	374.0	187.0	0
74.0	201.0	70.0	215.0	98.0	197.0	159.0	163.0	141.0	179.0	175.0	213.0	170.0	235.0	162.0	252.0	181.0	186.0	201.0	158.0	200.0	197.0	205.0	169.0	225.0	175.0	269.0	178.0	257.0	249.0	266.0	207.0	286.0	220.0	301.0	220.0	369.0	184.0	0
76.0	201.0	71.0	214.0	101.0	198.0	158.0	164.0	139.0	179.0	173.0	213.0	170.0	235.0	163.0	251.0	182.0	186.0	199.0	158.0	196.0	196.0	204.0	170.0	226.0	176.0	270.0	178.0	256.0	248.0	268.0	208.0	286.0	220.0	299.0	220.0	364.0	183.0	0
75.0	201.0	71.0	216.0	98.0	198.0	157.0	164.0	140.0	180.0	176.0	213.0	172.0	236.0	163.0	253.0	179.0	185.0	202.0	159.0	198.0	197.0	205.0	170.0	225.0	175.0	266.0	178.0	258.0	247.0	262.0	204.0	287.0	220.0	299.0	220.0	362.0	185.0	0
71.0	199.0	67.0	215.0	97.0	197.0	158.0	163.0	140.0	179.0	171.0	213.0	169.0	236.0	160.0	254.0	180.0	186.0	200.0	157.0	196.0	196.0	204.0	169.0	227.0	176.0	268.0	178.0	256.0	250.0	265.0	208.0	285.0	221.0	300.0	222.0	370.0	184.0	0
75.0	200.0	71.0	215.0	99.0	197.0	158.0	164.0	141.0	179.0	173.0	212.0	171.0	234.0	161.0	253.0	180.0	184.0	200.0	157.0	196.0	195.0	205.0	170.0	225.0	175.0	269.0	177.0	256.0	248.0	265.0	205.0	287.0	219.0	301.0	219.0	365.0	185.0	0
72.0	201.0	69.0	216.0	96.0	199.0	158.0	164.0	139.0	179.0	171.0	212.0	168.0	234.0	160.0	252.0	178.0	185.0	199.0	159.0	194.0	196.0	204.0	170.0	223.0	174.0	268.0	177.0	256.0	248.0	265.0	206.0	288.0	219.0	301.0	220.0	368.0	186.0	0
75.0	200.0	71.0	215.0	96.0	198.0	157.0	163.0	140.0	178.0	173.0	213.0	170.0	236.0	162.0	253.0	182.0	186.0	203.0	157.0	199.0	197.0	207.0	170.0	227.0	175.0	266.0	177.0	255.0	249.0	265.0	208.0	283.0	220.0	297.0	220.0	365.0	187.0	0
76.0	202.0	71.0	216.0	98.0	199.0	158.0	163.0	141.0	179.0	176.0	213.0	173.0	235.0	163.0	252.0	180.0	186.0	200.0	158.0	198.0	196.0	206.0	170.0	227.0	175.0	270.0	178.0	253.0	249.0	263.0	206.0	285.0	221.0	299.0	220.0	368.0	185.0	0
79.0	201.0	75.0	216.0	97.0	198.0	157.0	164.0	140.0	178.0	175.0	213.0	173.0	236.0	164.0	252.0	179.0	186.0	199.0	157.0	198.0	197.0	203.0	169.0	225.0	175.0	267.0	178.0	256.0	248.0	261.0	206.0	284.0	220.0	300.0	220.0	362.0	184.0	0
75.0	201.0	72.0	215.0	96.0	199.0	155.0	164.0	137.0	179.0	176.0	214.0	172.0	237.0	164.0	253.0	177.0	184.0	200.0	158.0	198.0	196.0	202.0	169.0	223.0	174.0	264.0	177.0	260.0	249.0	265.0	206.0	288.0	221.0	302.0	220.0	364.0	181.0	0
79.0	200.0	75.0	215.0	99.0	198.0	158.0	165.0	142.0	180.0	175.0	212.0	175.0	235.0	165.0	251.0	180.0	185.0	201.0	160.0	197.0	196.0	204.0	171.0	225.0	176.0	265.0	179.0	257.0	247.0	262.0	204.0	283.0	218.0	298.0	218.0	364.0	183.0	0
71.0	201.0	67.0	218.0	94.0	198.0	157.0	163.0	141.0	177.0	173.0	214.0	171.0	237.0	163.0	254.0	181.0	186.0	201.0	156.0	195.0	195.0	206.0	170.0	229.0	176.0	268.0	177.0	260.0	250.0	266.0	206.0	290.0	221.0	304.0	221.0	370.0	186.0	0
80.0	201.0	75.0	215.0	101.0	199.0	157.0	164.0	141.0	179.0	174.0	213.0	171.0	236.0	163.0	253.0	180.0	186.0	201.0	156.0	195.0	196.0	205.0	169.0	223.0	175.0	265.0	178.0	253.0	248.0	261.0	206.0	282.0	219.0	297.0	219.0	363.0	187.0	0
75.0	200.0	71.0	214.0	95.0	197.0	157.0	165.0	141.0	178.0	173.0	212.0	170.0	236.0	161.0	254.0	182.0	187.0	201.0	158.0	196.0	196.0	205.0	170.0	224.0	176.0	264.0	178.0	253.0	248.0	263.0	206.0	282.0	219.0	294.0	218.0	364.0	187.0	0
77.0	200.0	72.0	214.0	101.0	197.0	159.0	165.0	143.0	179.0	175.0	213.0	172.0	234.0	162.0	251.0	179.0	186.0	201.0	158.0	196.0	197.0	205.0	170.0	228.0	177.0	269.0	180.0	254.0	247.0	263.0	206.0	283.0	219.0	296.0	219.0	360.0	185.0	0
77.0	201.0	74.0	216.0	98.0	198.0	155.0	164.0	138.0	179.0	174.0	213.0	170.0	235.0	161.0	253.0	179.0	186.0	201.0	159.0	196.0	197.0	205.0	170.0	226.0	176.0	268.0	178.0	258.0	250.0	264.0	206.0	287.0	220.0	301.0	220.0	363.0	183.0	0
71.0	199.0	70.0	215.0	92.0	197.0	157.0	162.0	140.0	177.0	175.0	213.0	171.0	237.0	162.0	254.0	180.0	185.0	201.0	156.0	198.0	196.0	205.0	170.0	229.0	176.0	268.0	177.0	257.0	250.0	265.0	206.0	287.0	220.0	301.0	220.0	366.0	182.0	0
76.0	201.0	74.0	217.0	96.0	198.0	158.0	162.0	138.0	179.0	175.0	214.0	171.0	237.0	164.0	254.0	178.0	185.0	199.0	156.0	195.0	196.0	203.0	168.0	224.0	174.0	264.0	176.0	255.0	250.0	264.0	207.0	284.0	220.0	297.0	220.0	366.0	186.0	0
69.0	200.0	67.0	217.0	98.0	198.0	155.0	163.0	138.0	179.0	173.0	214.0	171.0	236.0	161.0	254.0	177.0	185.0	199.0	156.0	197.0	198.0	204.0	169.0	227.0	175.0	270.0	177.0	258.0	250.0	267.0	208.0	288.0	221.0	303.0	221.0	371.0	181.0	0
74.0	199.0	69.0	212.0	97.0	196.0	158.0	164.0	141.0	178.0	174.0	214.0	170.0	236.0	159.0	253.0	182.0	186.0	203.0	157.0	198.0	197.0	207.0	170.0	229.0	176.0	265.0	178.0	253.0	252.0	264.0	206.0	284.0	221.0	298.0	221.0	361.0	185.0	0
75.0	201.0	72.0	216.0	95.0	198.0	157.0	164.0	139.0	180.0	174.0	212.0	172.0	237.0	163.0	253.0	180.0	185.0	200.0	158.0	195.0	195.0	204.0	169.0	227.0	175.0	270.0	178.0	255.0	249.0	266.0	207.0	287.0	220.0	303.0	221.0	363.0	183.0	0
76.0	201.0	73.0	217.0	95.0	198.0	158.0	163.0	139.0	179.0	174.0	214.0	171.0	236.0	162.0	253.0	180.0	184.0	200.0	157.0	197.0	196.0	204.0	168.0	227.0	174.0	270.0	176.0	256.0	249.0	265.0	207.0	285.0	220.0	300.0	220.0	368.0	185.0	0
76.0	200.0	72.0	215.0	98.0	198.0	156.0	165.0	140.0	180.0	174.0	213.0	170.0	235.0	162.0	252.0	177.0	186.0	197.0	159.0	197.0	198.0	201.0	171.0	221.0	176.0	264.0	178.0	253.0	248.0	263.0	206.0	283.0	220.0	298.0	220.0	363.0	183.0	0
76.0	200.0	73.0	216.0	98.0	198.0	159.0	165.0	143.0	178.0	175.0	212.0	171.0	234.0	162.0	252.0	179.0	185.0	199.0	158.0	198.0	197.0	202.0	169.0	222.0	175.0	270.0	178.0	252.0	248.0	263.0	207.0	283.0	220.0	298.0	220.0	361.0	186.0	0
79.0	200.0	73.0	216.0	100.0	198.0	157.0	164.0	143.0	178.0	172.0	211.0	172.0	235.0	163.0	253.0	181.0	186.0	201.0	158.0	194.0	196.0	204.0	170.0	225.0	176.0	266.0	177.0	253.0	248.0	262.0	206.0	284.0	220.0	298.0	220.0	365.0	186.0	0
70.0	200.0	64.0	215.0	90.0	198.0	157.0	162.0	138.0	178.0	172.0	214.0	167.0	238.0	159.0	256.0	182.0	186.0	201.0	157.0	196.0	196.0	205.0	168.0	227.0	174.0	268.0	176.0	257.0	251.0	268.0	208.0	289.0	221.0	302.0	221.0	371.0	185.0	0
76.0	200.0	73.0	215.0	94.0	198.0	159.0	162.0	142.0	177.0	174.0	212.0	169.0	236.0	161.0	252.0	183.0	186.0	204.0	157.0	196.0	195.0	209.0	170.0	228.0	175.0	266.0	178.0	255.0	249.0	264.0	207.0	284.0	220.0	296.0	220.0	366.0	188.0	0
77.0	201.0	72.0	216.0	99.0	199.0	156.0	165.0	140.0	180.0	175.0	214.0	172.0	236.0	162.0	253.0	181.0	186.0	199.0	158.0	198.0	198.0	205.0	171.0	226.0	176.0	267.0	179.0	256.0	250.0	267.0	209.0	285.0	220.0	298.0	220.0	361.0	185.0	0
80.0	200.0	76.0	215.0	98.0	198.0	158.0	165.0	141.0	179.0	174.0	213.0	171.0	234.0	163.0	251.0	179.0	185.0	199.0	159.0	197.0	196.0	203.0	170.0	225.0	176.0	269.0	179.0	254.0	247.0	261.0	206.0	281.0	219.0	297.0	219.0	362.0	185.0	0
77.0	202.0	74.0	217.0	97.0	199.0	154.0	164.0	140.0	179.0	173.0	213.0	170.0	236.0	162.0	252.0	178.0	185.0	199.0	158.0	196.0	196.0	202.0	169.0	225.0	175.0	268.0	177.0	260.0	249.0	268.0	208.0	287.0	220.0	302.0	220.0	367.0	183.0	0
77.0	200.0	75.0	217.0	99.0	197.0	158.0	163.0	142.0	178.0	173.0	212.0	169.0	235.0	160.0	252.0	180.0	186.0	198.0	158.0	196.0	197.0	204.0	170.0	224.0	176.0	266.0	179.0	252.0	249.0	262.0	207.0	282.0	220.0	296.0	222.0	360.0	186.0	0
72.0	202.0	69.0	217.0	96.0	198.0	154.0	162.0	137.0	178.0	173.0	214.0	170.0	239.0	161.0	256.0	180.0	186.0	200.0	155.0	195.0	196.0	204.0	167.0	226.0	173.0	270.0	177.0	258.0	252.0	269.0	208.0	289.0	222.0	304.0	222.0	371.0	183.0	0
78.0	200.0	74.0	215.0	100.0	197.0	157.0	164.0	139.0	178.0	173.0	213.0	172.0	236.0	163.0	252.0	179.0	185.0	200.0	158.0	196.0	196.0	202.0	169.0	226.0	175.0	268.0	177.0	255.0	251.0	267.0	207.0	286.0	220.0	302.0	221.0	364.0	183.0	0
76.0	200.0	72.0	215.0	99.0	197.0	159.0	165.0	143.0	178.0	173.0	212.0	171.0	235.0	164.0	253.0	181.0	186.0	201.0	159.0	195.0	196.0	205.0	170.0	226.0	175.0	267.0	177.0	256.0	248.0	264.0	207.0	284.0	219.0	297.0	219.0	367.0	187.0	0
73.0	200.0	68.0	216.0	93.0	198.0	154.0	164.0	139.0	178.0	175.0	212.0	172.0	235.0	163.0	254.0	180.0	186.0	200.0	158.0	199.0	197.0	204.0	170.0	223.0	175.0	265.0	177.0	260.0	248.0	263.0	205.0	289.0	220.0	302.0	219.0	367.0	183.0	0
74.0	200.0	69.0	214.0	95.0	198.0	156.0	163.0	137.0	179.0	173.0	214.0	170.0	237.0	161.0	253.0	180.0	185.0	201.0	157.0	197.0	197.0	205.0	170.0	226.0	176.0	268.0	177.0	257.0	250.0	265.0	206.0	286.0	220.0	302.0	221.0	368.0	181.0	0
77.0	201.0	73.0	216.0	98.0	198.0	159.0	164.0	140.0	180.0	173.0	212.0	171.0	235.0	162.0	252.0	179.0	186.0	197.0	158.0	193.0	195.0	201.0	169.0	221.0	174.0	270.0	177.0	254.0	249.0	258.0	204.0	286.0	221.0	302.0	220.0	365.0	185.0	0
79.0	201.0	75.0	216.0	99.0	198.0	159.0	163.0	138.0	180.0	175.0	213.0	173.0	236.0	164.0	252.0	180.0	186.0	198.0	157.0	196.0	196.0	202.0	169.0	222.0	174.0	264.0	177.0	253.0	249.0	262.0	206.0	284.0	221.0	299.0	221.0	364.0	184.0	0
75.0	200.0	71.0	216.0	95.0	197.0	158.0	161.0	141.0	176.0	173.0	214.0	169.0	236.0	159.0	255.0	181.0	184.0	198.0	156.0	196.0	195.0	204.0	169.0	224.0	174.0	267.0	177.0	254.0	252.0	266.0	207.0	286.0	220.0	301.0	220.0	364.0	184.0	0
76.0	202.0	73.0	217.0	95.0	199.0	157.0	164.0	140.0	180.0	175.0	214.0	173.0	235.0	163.0	252.0	180.0	186.0	200.0	157.0	197.0	196.0	204.0	170.0	224.0	175.0	265.0	178.0	257.0	248.0	266.0	208.0	284.0	220.0	298.0	220.0	365.0	184.0	0
78.0	199.0	75.0	214.0	103.0	197.0	159.0	165.0	143.0	179.0	175.0	213.0	171.0	235.0	163.0	251.0	179.0	185.0	201.0	159.0	197.0	197.0	204.0	171.0	224.0	176.0	268.0	179.0	254.0	248.0	258.0	205.0	282.0	220.0	296.0	220.0	358.0	186.0	0
79.0	200.0	75.0	215.0	98.0	198.0	157.0	165.0	140.0	179.0	173.0	213.0	169.0	235.0	160.0	251.0	176.0	185.0	199.0	159.0	194.0	197.0	202.0	171.0	224.0	177.0	269.0	179.0	253.0	248.0	261.0	206.0	282.0	220.0	296.0	220.0	365.0	185.0	0
74.0	201.0	69.0	215.0	97.0	198.0	157.0	163.0	140.0	178.0	175.0	212.0	172.0	236.0	165.0	254.0	181.0	185.0	200.0	158.0	198.0	197.0	204.0	169.0	225.0	175.0	265.0	178.0	258.0	248.0	263.0	206.0	283.0	219.0	297.0	219.0	364.0	184.0	0
76.0	201.0	71.0	215.0	98.0	198.0	157.0	164.0	140.0	179.0	175.0	213.0	172.0	235.0	163.0	252.0	178.0	185.0	202.0	157.0	197.0	198.0	205.0	170.0	228.0	176.0	268.0	178.0	255.0	249.0	263.0	207.0	283.0	220.0	298.0	220.0	365.0	184.0	0
77.0	201.0	75.0	217.0	99.0	198.0	157.0	164.0	140.0	179.0	175.0	213.0	172.0	236.0	163.0	253.0	178.0	185.0	198.0	158.0	198.0	196.0	201.0	169.0	222.0	174.0	272.0	178.0	252.0	250.0	262.0	205.0	283.0	219.0	299.0	219.0	361.0	186.0	0
75.0	201.0	72.0	218.0	98.0	199.0	155.0	164.0	138.0	179.0	174.0	213.0	172.0	236.0	164.0	254.0	178.0	184.0	198.0	156.0	197.0	197.0	205.0	169.0	225.0	175.0	268.0	178.0	255.0	250.0	261.0	204.0	286.0	221.0	299.0	220.0	366.0	187.0	0
80.0	201.0	75.0	216.0	101.0	198.0	155.0	164.0	138.0	180.0	173.0	213.0	171.0	236.0	163.0	253.0	177.0	185.0	200.0	158.0	197.0	197.0	203.0	170.0	226.0	176.0	266.0	177.0	255.0	248.0	265.0	207.0	285.0	219.0	300.0	219.0	364.0	184.0	0
76.0	201.0	72.0	215.0	97.0	197.0	155.0	163.0	140.0	178.0	175.0	213.0	171.0	235.0	161.0	253.0	180.0	184.0	200.0	157.0	197.0	196.0	204.0	168.0	226.0	174.0	270.0	178.0	255.0	248.0	266.0	207.0	285.0	220.0	298.0	220.0	365.0	184.0	0
73.0	200.0	70.0	215.0	96.0	198.0	158.0	164.0	140.0	179.0	174.0	214.0	171.0	236.0	162.0	253.0	180.0	186.0	202.0	158.0	197.0	197.0	204.0	169.0	226.0	175.0	266.0	177.0	257.0	249.0	266.0	207.0	285.0	220.0	300.0	220.0	365.0	185.0	0
73.0	200.0	70.0	216.0	98.0	198.0	156.0	165.0	141.0	179.0	174.0	214.0	172.0	236.0	164.0	253.0	182.0	186.0	199.0	159.0	197.0	196.0	203.0	170.0	226.0	175.0	269.0	178.0	256.0	249.0	265.0	207.0	286.0	221.0	299.0	220.0	362.0	183.0	0
72.0	201.0	68.0	216.0	98.0	198.0	155.0	164.0	140.0	178.0	174.0	212.0	171.0	235.0	163.0	254.0	179.0	185.0	201.0	158.0	197.0	196.0	205.0	169.0	228.0	175.0	269.0	177.0	257.0	249.0	269.0	208.0	285.0	220.0	301.0	220.0	366.0	183.0	0
75.0	201.0	71.0	216.0	98.0	198.0	157.0	163.0	140.0	178.0	173.0	212.0	169.0	236.0	160.0	253.0	181.0	185.0	203.0	157.0	196.0	196.0	206.0	170.0	226.0	175.0	270.0	177.0	256.0	249.0	264.0	208.0	286.0	221.0	300.0	222.0	365.0	184.0	0
76.0	199.0	73.0	215.0	97.0	196.0	160.0	161.0	141.0	176.0	174.0	212.0	169.0	235.0	158.0	254.0	182.0	185.0	202.0	156.0	199.0	197.0	207.0	169.0	227.0	175.0	266.0	178.0	252.0	252.0	263.0	208.0	283.0	221.0	295.0	221.0	364.0	186.0	0
69.0	201.0	66.0	214.0	94.0	198.0	157.0	164.0	139.0	180.0	174.0	213.0	171.0	236.0	162.0	253.0	177.0	186.0	201.0	158.0	198.0	198.0	205.0	170.0	227.0	175.0	270.0	178.0	259.0	249.0	267.0	205.0	289.0	219.0	303.0	219.0	374.0	185.0	0
74.0	201.0	71.0	217.0	97.0	198.0	157.0	163.0	138.0	179.0	175.0	213.0	173.0	236.0	163.0	254.0	179.0	185.0	199.0	157.0	197.0	196.0	203.0	169.0	226.0	175.0	269.0	178.0	260.0	249.0	263.0	204.0	291.0	221.0	305.0	219.0	370.0	184.0	0
75.0	200.0	71.0	214.0	99.0	196.0	159.0	163.0	143.0	177.0	173.0	213.0	170.0	235.0	161.0	252.0	182.0	185.0	201.0	157.0	198.0	198.0	206.0	170.0	224.0	175.0	264.0	177.0	250.0	250.0	265.0	208.0	282.0	220.0	297.0	221.0	361.0	183.0	0
75.0	201.0	71.0	215.0	96.0	198.0	155.0	164.0	138.0	179.0	175.0	213.0	171.0	237.0	162.0	253.0	178.0	185.0	200.0	158.0	198.0	196.0	204.0	169.0	225.0	174.0	272.0	178.0	258.0	249.0	262.0	207.0	286.0	221.0	301.0	220.0	365.0	185.0	0
73.0	200.0	68.0	216.0	94.0	198.0	154.0	163.0	138.0	178.0	172.0	214.0	170.0	236.0	161.0	254.0	176.0	185.0	198.0	157.0	194.0	195.0	203.0	169.0	224.0	175.0	267.0	178.0	253.0	250.0	264.0	206.0	284.0	220.0	298.0	220.0	363.0	185.0	0
69.0	201.0	65.0	216.0	95.0	197.0	155.0	162.0	136.0	177.0	175.0	214.0	170.0	236.0	159.0	254.0	177.0	184.0	199.0	157.0	199.0	198.0	203.0	169.0	224.0	174.0	268.0	176.0	260.0	251.0	269.0	207.0	291.0	221.0	304.0	221.0	371.0	182.0	0
78.0	200.0	76.0	215.0	99.0	198.0	158.0	165.0	143.0	180.0	176.0	212.0	174.0	235.0	165.0	252.0	181.0	187.0	199.0	159.0	198.0	198.0	204.0	171.0	228.0	177.0	269.0	180.0	254.0	247.0	262.0	206.0	282.0	220.0	297.0	220.0	358.0	182.0	0
73.0	201.0	70.0	217.0	93.0	198.0	157.0	162.0	142.0	176.0	173.0	211.0	173.0	237.0	165.0	256.0	180.0	186.0	201.0	155.0	198.0	198.0	206.0	169.0	228.0	175.0	272.0	178.0	253.0	250.0	262.0	205.0	283.0	220.0	297.0	220.0	362.0	186.0	0
78.0	201.0	75.0	216.0	100.0	198.0	155.0	165.0	139.0	179.0	176.0	214.0	172.0	235.0	163.0	253.0	180.0	187.0	196.0	159.0	195.0	196.0	201.0	171.0	222.0	176.0	268.0	178.0	259.0	249.0	263.0	205.0	288.0	220.0	302.0	219.0	362.0	182.0	0
77.0	201.0	73.0	216.0	100.0	198.0	159.0	165.0	142.0	178.0	174.0	212.0	171.0	235.0	162.0	252.0	181.0	186.0	199.0	158.0	197.0	196.0	202.0	170.0	225.0	175.0	265.0	178.0	253.0	248.0	264.0	207.0	283.0	220.0	296.0	220.0	362.0	187.0	0
65.0	202.0	61.0	218.0	87.0	199.0	154.0	161.0	135.0	177.0	173.0	213.0	170.0	238.0	163.0	257.0	174.0	183.0	202.0	154.0	200.0	196.0	205.0	166.0	227.0	172.0	269.0	175.0	262.0	252.0	271.0	207.0	294.0	221.0	307.0	221.0	382.0	184.0	0
73.0	200.0	69.0	214.0	96.0	197.0	159.0	163.0	142.0	178.0	173.0	212.0	170.0	236.0	161.0	253.0	181.0	184.0	201.0	157.0	197.0	196.0	206.0	169.0	228.0	175.0	270.0	177.0	258.0	250.0	267.0	207.0	287.0	220.0	302.0	220.0	367.0	182.0	0
72.0	200.0	67.0	215.0	94.0	197.0	158.0	161.0	141.0	176.0	172.0	212.0	170.0	237.0	160.0	255.0	180.0	184.0	202.0	155.0	197.0	196.0	205.0	167.0	228.0	173.0	270.0	176.0	257.0	251.0	265.0	207.0	288.0	223.0	304.0	222.0	375.0	183.0	0
72.0	200.0	69.0	215.0	98.0	198.0	156.0	163.0	139.0	179.0	174.0	212.0	171.0	235.0	162.0	252.0	180.0	187.0	198.0	158.0	198.0	198.0	204.0	170.0	226.0	176.0	269.0	178.0	254.0	248.0	265.0	207.0	284.0	220.0	300.0	220.0	362.0	182.0	0
77.0	200.0	72.0	214.0	98.0	197.0	159.0	165.0	141.0	179.0	172.0	212.0	172.0	236.0	165.0	253.0	178.0	186.0	202.0	158.0	195.0	197.0	207.0	171.0	227.0	176.0	268.0	178.0	256.0	249.0	263.0	206.0	283.0	218.0	296.0	219.0	361.0	184.0	0
69.0	200.0	65.0	215.0	90.0	198.0	156.0	161.0	137.0	177.0	173.0	214.0	170.0	238.0	160.0	256.0	178.0	184.0	201.0	156.0	196.0	197.0	205.0	168.0	229.0	174.0	267.0	176.0	256.0	252.0	267.0	207.0	286.0	221.0	303.0	221.0	370.0	185.0	0
73.0	201.0	70.0	216.0	96.0	198.0	157.0	163.0	141.0	178.0	174.0	213.0	172.0	235.0	163.0	253.0	181.0	186.0	200.0	158.0	198.0	197.0	204.0	170.0	225.0	176.0	271.0	178.0	259.0	249.0	266.0	206.0	286.0	219.0	299.0	218.0	365.0	184.0	0
73.0	200.0	70.0	216.0	97.0	197.0	155.0	163.0	138.0	180.0	173.0	213.0	170.0	236.0	160.0	253.0	181.0	185.0	199.0	157.0	196.0	196.0	204.0	169.0	226.0	174.0	273.0	177.0	258.0	253.0	266.0	206.0	290.0	220.0	305.0	220.0	369.0	184.0	0
76.0	201.0	74.0	216.0	97.0	198.0	159.0	165.0	143.0	179.0	176.0	213.0	172.0	235.0	166.0	251.0	181.0	185.0	199.0	159.0	197.0	196.0	202.0	170.0	225.0	176.0	271.0	178.0	257.0	247.0	266.0	207.0	287.0	220.0	300.0	219.0	359.0	182.0	0
75.0	202.0	70.0	218.0	96.0	199.0	154.0	164.0	139.0	179.0	174.0	212.0	170.0	234.0	160.0	252.0	176.0	185.0	197.0	157.0	197.0	197.0	201.0	169.0	222.0	174.0	268.0	177.0	256.0	250.0	265.0	207.0	286.0	221.0	302.0	220.0	369.0	184.0	0
74.0	200.0	70.0	216.0	97.0	197.0	157.0	163.0	138.0	179.0	172.0	213.0	171.0	237.0	162.0	255.0	181.0	186.0	198.0	157.0	195.0	196.0	203.0	169.0	226.0	175.0	268.0	177.0	259.0	251.0	268.0	207.0	292.0	221.0	304.0	221.0	370.0	183.0	0
73.0	202.0	70.0	217.0	96.0	198.0	157.0	163.0	142.0	176.0	175.0	212.0	170.0	236.0	163.0	253.0	184.0	185.0	198.0	157.0	196.0	195.0	203.0	170.0	225.0	175.0	268.0	177.0	258.0	249.0	263.0	204.0	287.0	220.0	302.0	220.0	369.0	188.0	0
72.0	200.0	68.0	214.0	96.0	198.0	158.0	164.0	140.0	178.0	174.0	213.0	170.0	235.0	162.0	254.0	181.0	186.0	200.0	158.0	198.0	197.0	203.0	170.0	226.0	176.0	270.0	179.0	257.0	250.0	264.0	205.0	286.0	219.0	301.0	219.0	361.0	183.0	0
80.0	200.0	75.0	214.0	103.0	197.0	161.0	165.0	144.0	180.0	175.0	213.0	171.0	234.0	162.0	249.0	181.0	187.0	200.0	158.0	197.0	198.0	203.0	170.0	224.0	176.0	267.0	178.0	250.0	248.0	260.0	206.0	281.0	220.0	297.0	221.0	362.0	184.0	0
79.0	201.0	75.0	216.0	98.0	199.0	158.0	163.0	140.0	179.0	174.0	212.0	172.0	236.0	163.0	252.0	178.0	185.0	201.0	157.0	195.0	195.0	205.0	169.0	227.0	175.0	265.0	177.0	253.0	249.0	262.0	207.0	281.0	220.0	295.0	220.0	362.0	187.0	0
78.0	200.0	73.0	215.0	99.0	197.0	156.0	164.0	139.0	179.0	175.0	213.0	173.0	236.0	164.0	253.0	176.0	185.0	199.0	159.0	197.0	198.0	204.0	171.0	224.0	175.0	263.0	177.0	258.0	249.0	267.0	208.0	285.0	220.0	300.0	219.0	365.0	181.0	0
76.0	200.0	73.0	216.0	99.0	197.0	158.0	163.0	139.0	179.0	172.0	214.0	170.0	236.0	161.0	253.0	180.0	184.0	200.0	157.0	195.0	195.0	204.0	169.0	225.0	175.0	266.0	176.0	258.0	251.0	265.0	206.0	288.0	220.0	302.0	220.0	365.0	183.0	0
78.0	200.0	74.0	216.0	97.0	198.0	159.0	163.0	140.0	178.0	174.0	213.0	171.0	236.0	162.0	253.0	178.0	184.0	203.0	157.0	197.0	196.0	206.0	169.0	224.0	175.0	263.0	177.0	252.0	249.0	264.0	208.0	283.0	221.0	297.0	221.0	360.0	184.0	0
76.0	201.0	73.0	215.0	99.0	198.0	160.0	165.0	144.0	179.0	175.0	213.0	173.0	233.0	165.0	250.0	180.0	186.0	201.0	160.0	196.0	196.0	205.0	171.0	228.0	177.0	269.0	179.0	257.0	248.0	265.0	207.0	284.0	219.0	299.0	220.0	364.0	183.0	0
76.0	200.0	73.0	215.0	99.0	197.0	156.0	165.0	141.0	179.0	174.0	212.0	171.0	234.0	162.0	251.0	181.0	186.0	199.0	159.0	198.0	197.0	203.0	171.0	228.0	177.0	267.0	178.0	254.0	246.0	265.0	206.0	282.0	218.0	296.0	217.0	364.0	186.0	0
76.0	201.0	72.0	215.0	97.0	198.0	156.0	163.0	139.0	179.0	171.0	212.0	169.0	236.0	161.0	252.0	183.0	186.0	199.0	159.0	194.0	195.0	203.0	170.0	223.0	175.0	271.0	178.0	257.0	248.0	265.0	206.0	286.0	219.0	300.0	219.0	370.0	185.0	0
80.0	201.0	77.0	216.0	102.0	199.0	159.0	165.0	144.0	179.0	174.0	213.0	173.0	236.0	166.0	250.0	178.0	185.0	202.0	159.0	197.0	197.0	205.0	171.0	226.0	177.0	262.0	179.0	254.0	249.0	261.0	206.0	283.0	220.0	297.0	220.0	363.0	186.0	0
77.0	200.0	72.0	214.0	98.0	197.0	158.0	164.0	144.0	178.0	172.0	212.0	171.0	235.0	162.0	253.0	182.0	186.0	201.0	158.0	197.0	197.0	207.0	171.0	228.0	176.0	265.0	178.0	254.0	249.0	265.0	207.0	284.0	219.0	297.0	219.0	361.0	184.0	0
76.0	202.0	73.0	217.0	96.0	198.0	155.0	163.0	137.0	179.0	172.0	211.0	168.0	234.0	160.0	252.0	181.0	185.0	198.0	157.0	197.0	196.0	202.0	169.0	226.0	175.0	270.0	178.0	257.0	247.0	266.0	207.0	285.0	220.0	301.0	220.0	366.0	187.0	0
74.0	200.0	70.0	216.0	96.0	198.0	155.0	163.0	139.0	179.0	172.0	213.0	170.0	237.0	163.0	255.0	180.0	186.0	199.0	156.0	192.0	195.0	203.0	168.0	226.0	174.0	269.0	177.0	257.0	250.0	264.0	206.0	289.0	221.0	303.0	221.0	368.0	184.0	0
79.0	200.0	76.0	214.0	100.0	198.0	157.0	166.0	141.0	180.0	175.0	212.0	170.0	234.0	163.0	250.0	182.0	186.0	201.0	159.0	197.0	197.0	206.0	171.0	223.0	175.0	264.0	177.0	256.0	248.0	261.0	206.0	284.0	221.0	298.0	220.0	365.0	184.0	0
78.0	200.0	75.0	215.0	98.0	198.0	157.0	164.0	140.0	180.0	173.0	213.0	170.0	236.0	161.0	252.0	181.0	186.0	200.0	158.0	197.0	197.0	204.0	171.0	225.0	176.0	264.0	178.0	257.0	249.0	261.0	206.0	283.0	220.0	297.0	219.0	366.0	185.0	0
68.0	201.0	63.0	216.0	93.0	197.0	156.0	162.0	138.0	179.0	172.0	214.0	169.0	238.0	159.0	256.0	180.0	186.0	201.0	156.0	195.0	196.0	206.0	169.0	225.0	173.0	271.0	177.0	258.0	253.0	265.0	207.0	290.0	221.0	304.0	221.0	375.0	184.0	0
75.0	200.0	71.0	214.0	99.0	197.0	161.0	163.0	143.0	178.0	175.0	214.0	171.0	236.0	160.0	252.0	182.0	186.0	199.0	158.0	197.0	197.0	203.0	170.0	225.0	175.0	266.0	177.0	255.0	251.0	265.0	207.0	285.0	221.0	299.0	221.0	362.0	184.0	0
74.0	200.0	70.0	215.0	96.0	198.0	155.0	164.0	138.0	178.0	175.0	213.0	171.0	236.0	162.0	253.0	181.0	185.0	198.0	158.0	201.0	198.0	202.0	169.0	225.0	175.0	269.0	178.0	256.0	249.0	264.0	205.0	288.0	220.0	301.0	220.0	362.0	182.0	0
77.0	201.0	72.0	217.0	98.0	198.0	157.0	163.0	140.0	178.0	175.0	214.0	172.0	236.0	164.0	254.0	177.0	185.0	200.0	157.0	196.0	197.0	203.0	169.0	226.0	175.0	266.0	177.0	256.0	250.0	264.0	207.0	286.0	220.0	300.0	221.0	368.0	184.0	0
76.0	200.0	72.0	215.0	96.0	198.0	157.0	163.0	141.0	178.0	175.0	214.0	170.0	235.0	162.0	251.0	179.0	185.0	199.0	158.0	198.0	197.0	205.0	170.0	225.0	175.0	266.0	178.0	258.0	248.0	264.0	206.0	285.0	219.0	299.0	220.0	362.0	182.0	0
77.0	201.0	74.0	215.0	99.0	199.0	158.0	166.0	144.0	179.0	175.0	211.0	172.0	234.0	162.0	250.0	182.0	186.0	202.0	159.0	199.0	197.0	206.0	172.0	226.0	177.0	265.0	179.0	256.0	249.0	261.0	205.0	283.0	219.0	297.0	219.0	362.0	186.0	0
80.0	202.0	77.0	216.0	102.0	199.0	157.0	165.0	142.0	179.0	174.0	212.0	172.0	235.0	164.0	251.0	185.0	188.0	199.0	158.0	195.0	196.0	203.0	171.0	225.0	176.0	267.0	179.0	257.0	246.0	264.0	206.0	286.0	219.0	299.0	218.0	365.0	185.0	0
71.0	201.0	68.0	215.0	94.0	198.0	155.0	165.0	140.0	179.0	171.0	213.0	168.0	235.0	159.0	252.0	180.0	186.0	199.0	158.0	195.0	196.0	204.0	170.0	227.0	176.0	269.0	179.0	254.0	250.0	265.0	207.0	288.0	221.0	302.0	221.0	364.0	183.0	0
75.0	201.0	71.0	215.0	98.0	198.0	158.0	164.0	140.0	179.0	176.0	212.0	173.0	235.0	165.0	253.0	181.0	186.0	201.0	158.0	195.0	196.0	206.0	171.0	229.0	177.0	271.0	179.0	256.0	247.0	263.0	206.0	283.0	219.0	297.0	219.0	364.0	187.0	0
74.0	200.0	68.0	216.0	96.0	197.0	154.0	163.0	137.0	178.0	175.0	212.0	172.0	237.0	164.0	255.0	181.0	184.0	203.0	156.0	199.0	196.0	207.0	169.0	228.0	175.0	269.0	177.0	258.0	248.0	265.0	207.0	285.0	220.0	299.0	220.0	367.0	183.0	0
76.0	201.0	72.0	215.0	99.0	198.0	158.0	164.0	140.0	179.0	174.0	213.0	171.0	237.0	162.0	255.0	180.0	185.0	202.0	157.0	197.0	197.0	204.0	169.0	226.0	176.0	265.0	179.0	256.0	249.0	262.0	206.0	283.0	220.0	297.0	220.0	365.0	185.0	0
73.0	201.0	70.0	217.0	98.0	197.0	155.0	162.0	138.0	178.0	174.0	213.0	171.0	238.0	162.0	256.0	180.0	185.0	202.0	156.0	197.0	197.0	205.0	169.0	226.0	175.0	266.0	178.0	254.0	250.0	264.0	207.0	284.0	221.0	297.0	221.0	364.0	185.0	0
75.0	199.0	73.0	214.0	99.0	197.0	157.0	165.0	141.0	179.0	174.0	213.0	171.0	234.0	163.0	252.0	179.0	186.0	198.0	159.0	196.0	196.0	202.0	171.0	222.0	175.0	268.0	177.0	253.0	248.0	264.0	207.0	283.0	219.0	297.0	218.0	363.0	184.0	0
78.0	201.0	74.0	216.0	100.0	198.0	159.0	163.0	143.0	178.0	174.0	213.0	170.0	235.0	162.0	252.0	178.0	185.0	199.0	157.0	199.0	197.0	202.0	169.0	224.0	175.0	267.0	178.0	253.0	248.0	261.0	207.0	280.0	220.0	294.0	220.0	361.0	188.0	0
76.0	199.0	73.0	214.0	99.0	197.0	160.0	164.0	141.0	178.0	173.0	214.0	170.0	235.0	161.0	252.0	180.0	185.0	205.0	158.0	198.0	198.0	208.0	170.0	225.0	176.0	265.0	179.0	255.0	249.0	262.0	207.0	282.0	221.0	298.0	221.0	360.0	184.0	0
75.0	201.0	73.0	217.0	99.0	198.0	160.0	164.0	144.0	179.0	174.0	213.0	171.0	235.0	161.0	253.0	179.0	184.0	200.0	157.0	195.0	195.0	204.0	169.0	225.0	175.0	268.0	178.0	256.0	249.0	264.0	208.0	285.0	221.0	301.0	222.0	364.0	185.0	0
77.0	198.0	73.0	214.0	98.0	195.0	157.0	164.0	142.0	179.0	172.0	213.0	169.0	236.0	160.0	252.0	182.0	186.0	201.0	158.0	199.0	197.0	204.0	170.0	225.0	176.0	272.0	179.0	257.0	250.0	264.0	206.0	287.0	221.0	301.0	220.0	365.0	183.0	0
74.0	199.0	70.0	213.0	98.0	197.0	156.0	164.0	139.0	179.0	173.0	213.0	170.0	235.0	159.0	250.0	179.0	186.0	198.0	159.0	195.0	197.0	203.0	171.0	226.0	177.0	269.0	178.0	257.0	249.0	264.0	206.0	286.0	220.0	302.0	220.0	366.0	182.0	0
76.0	200.0	72.0	215.0	100.0	197.0	157.0	163.0	141.0	180.0	174.0	213.0	170.0	235.0	161.0	252.0	178.0	185.0	202.0	158.0	195.0	196.0	206.0	169.0	227.0	175.0	268.0	178.0	252.0	249.0	267.0	208.0	285.0	221.0	300.0	221.0	366.0	183.0	0
76.0	199.0	72.0	216.0	95.0	196.0	157.0	163.0	140.0	177.0	174.0	213.0	170.0	235.0	159.0	253.0	179.0	185.0	200.0	157.0	193.0	195.0	202.0	169.0	224.0	175.0	270.0	178.0	255.0	249.0	267.0	208.0	288.0	221.0	302.0	220.0	366.0	184.0	0
78.0	200.0	73.0	213.0	103.0	197.0	160.0	165.0	141.0	179.0	175.0	213.0	172.0	234.0	163.0	251.0	181.0	185.0	201.0	158.0	196.0	195.0	204.0	170.0	226.0	176.0	266.0	178.0	253.0	249.0	265.0	208.0	283.0	220.0	298.0	220.0	363.0	182.0	0
78.0	200.0	75.0	215.0	99.0	197.0	158.0	163.0	140.0	179.0	174.0	213.0	172.0	236.0	163.0	252.0	181.0	186.0	199.0	158.0	196.0	197.0	204.0	171.0	225.0	176.0	270.0	179.0	256.0	249.0	267.0	208.0	284.0	219.0	299.0	219.0	365.0	184.0	0
65.0	202.0	61.0	217.0	90.0	198.0	153.0	162.0	136.0	177.0	170.0	213.0	168.0	238.0	159.0	255.0	174.0	183.0	197.0	155.0	197.0	197.0	202.0	167.0	227.0	174.0	273.0	177.0	261.0	252.0	267.0	206.0	293.0	222.0	309.0	221.0	374.0	182.0	0
66.0	201.0	61.0	217.0	87.0	198.0	154.0	159.0	135.0	177.0	171.0	214.0	168.0	238.0	158.0	255.0	177.0	183.0	201.0	153.0	197.0	197.0	206.0	167.0	229.0	173.0	275.0	177.0	258.0	252.0	271.0	208.0	290.0	222.0	305.0	222.0	380.0	186.0	0
77.0	199.0	74.0	216.0	100.0	197.0	158.0	163.0	143.0	177.0	175.0	212.0	171.0	235.0	160.0	252.0	179.0	185.0	199.0	159.0	197.0	197.0	204.0	171.0	227.0	177.0	268.0	178.0	253.0	248.0	264.0	207.0	282.0	220.0	299.0	220.0	364.0	184.0	0
77.0	201.0	73.0	215.0	97.0	199.0	158.0	164.0	143.0	178.0	173.0	213.0	171.0	236.0	163.0	253.0	184.0	186.0	198.0	158.0	196.0	196.0	204.0	171.0	227.0	176.0	265.0	179.0	256.0	248.0	266.0	207.0	284.0	220.0	298.0	220.0	363.0	186.0	0
76.0	201.0	72.0	217.0	95.0	198.0	157.0	164.0	141.0	178.0	173.0	212.0	170.0	234.0	161.0	251.0	179.0	186.0	197.0	158.0	196.0	196.0	200.0	169.0	223.0	175.0	270.0	179.0	255.0	248.0	265.0	207.0	283.0	219.0	299.0	219.0	367.0	185.0	0
76.0	200.0	72.0	217.0	101.0	197.0	157.0	163.0	139.0	178.0	174.0	214.0	171.0	237.0	162.0	254.0	179.0	184.0	203.0	157.0	197.0	196.0	205.0	168.0	226.0	174.0	268.0	178.0	258.0	251.0	264.0	208.0	285.0	221.0	300.0	221.0	366.0	183.0	0
72.0	200.0	67.0	214.0	95.0	197.0	156.0	163.0	138.0	179.0	174.0	213.0	171.0	235.0	163.0	254.0	181.0	186.0	202.0	157.0	196.0	196.0	206.0	170.0	227.0	175.0	270.0	178.0	259.0	250.0	265.0	205.0	289.0	221.0	304.0	221.0	371.0	184.0	0
70.0	200.0	67.0	215.0	92.0	197.0	157.0	162.0	140.0	177.0	174.0	213.0	169.0	238.0	158.0	254.0	183.0	186.0	202.0	156.0	197.0	196.0	207.0	169.0	233.0	176.0	272.0	179.0	259.0	250.0	268.0	206.0	289.0	221.0	303.0	221.0	370.0	184.0	0
79.0	200.0	74.0	215.0	100.0	198.0	161.0	164.0	144.0	179.0	175.0	212.0	173.0	235.0	164.0	252.0	183.0	187.0	202.0	158.0	195.0	196.0	206.0	170.0	225.0	176.0	263.0	178.0	255.0	247.0	261.0	206.0	284.0	221.0	296.0	221.0	359.0	185.0	0
77.0	200.0	73.0	216.0	98.0	197.0	160.0	162.0	142.0	177.0	172.0	214.0	170.0	237.0	161.0	255.0	179.0	185.0	201.0	157.0	194.0	195.0	206.0	169.0	226.0	175.0	263.0	177.0	253.0	250.0	263.0	208.0	283.0	221.0	297.0	221.0	366.0	185.0	0
77.0	200.0	73.0	214.0	95.0	198.0	159.0	164.0	143.0	179.0	174.0	212.0	172.0	235.0	164.0	252.0	182.0	187.0	202.0	159.0	196.0	196.0	206.0	172.0	227.0	177.0	267.0	179.0	256.0	249.0	262.0	206.0	282.0	219.0	297.0	219.0	361.0	184.0	0
65.0	201.0	62.0	217.0	92.0	198.0	155.0	161.0	139.0	176.0	172.0	213.0	167.0	236.0	157.0	255.0	179.0	185.0	200.0	155.0	197.0	197.0	205.0	169.0	226.0	174.0	276.0	179.0	256.0	253.0	267.0	207.0	291.0	221.0	304.0	221.0	373.0	187.0	0
72.0	202.0	67.0	216.0	95.0	198.0	155.0	163.0	136.0	179.0	173.0	213.0	170.0	237.0	161.0	254.0	177.0	185.0	200.0	156.0	198.0	196.0	205.0	169.0	225.0	174.0	267.0	176.0	259.0	250.0	267.0	208.0	287.0	221.0	301.0	221.0	371.0	183.0	0
73.0	201.0	68.0	216.0	95.0	198.0	156.0	164.0	138.0	179.0	172.0	212.0	170.0	235.0	160.0	252.0	176.0	185.0	199.0	157.0	195.0	195.0	205.0	170.0	225.0	176.0	269.0	178.0	255.0	249.0	266.0	207.0	286.0	219.0	300.0	220.0	367.0	184.0	0
72.0	201.0	67.0	215.0	95.0	197.0	156.0	162.0	140.0	177.0	173.0	213.0	170.0	237.0	161.0	255.0	180.0	185.0	200.0	156.0	197.0	196.0	205.0	169.0	229.0	176.0	268.0	179.0	255.0	250.0	266.0	208.0	286.0	221.0	302.0	221.0	368.0	185.0	0
78.0	200.0	73.0	215.0	99.0	198.0	157.0	164.0	141.0	179.0	174.0	213.0	172.0	236.0	164.0	253.0	178.0	185.0	202.0	158.0	198.0	197.0	205.0	170.0	226.0	176.0	267.0	178.0	253.0	248.0	261.0	207.0	281.0	220.0	296.0	220.0	363.0	184.0	0
74.0	199.0	69.0	215.0	100.0	197.0	157.0	163.0	140.0	178.0	173.0	214.0	170.0	236.0	161.0	254.0	179.0	186.0	198.0	156.0	199.0	198.0	204.0	169.0	223.0	174.0	265.0	177.0	260.0	250.0	264.0	207.0	287.0	221.0	301.0	221.0	368.0	182.0	0
75.0	200.0	70.0	216.0	95.0	198.0	158.0	163.0	141.0	177.0	172.0	214.0	170.0	237.0	162.0	255.0	182.0	186.0	199.0	157.0	196.0	196.0	202.0	169.0	223.0	175.0	270.0	177.0	256.0	251.0	269.0	208.0	288.0	220.0	303.0	221.0	369.0	182.0	0
75.0	201.0	69.0	216.0	98.0	198.0	157.0	163.0	141.0	179.0	175.0	214.0	174.0	237.0	165.0	254.0	179.0	186.0	199.0	157.0	197.0	197.0	203.0	170.0	224.0	175.0	265.0	177.0	260.0	250.0	265.0	205.0	288.0	220.0	302.0	220.0	365.0	182.0	0
75.0	201.0	70.0	217.0	99.0	198.0	156.0	164.0	141.0	179.0	173.0	212.0	170.0	235.0	161.0	253.0	182.0	185.0	197.0	157.0	196.0	195.0	203.0	171.0	225.0	176.0	268.0	178.0	255.0	248.0	265.0	206.0	285.0	220.0	298.0	219.0	363.0	185.0	0
78.0	201.0	73.0	216.0	99.0	199.0	156.0	164.0	139.0	179.0	175.0	213.0	171.0	236.0	161.0	254.0	181.0	185.0	203.0	157.0	198.0	197.0	206.0	170.0	224.0	175.0	263.0	177.0	255.0	249.0	264.0	208.0	283.0	221.0	296.0	221.0	361.0	185.0	0
72.0	200.0	69.0	214.0	94.0	197.0	157.0	164.0	138.0	179.0	174.0	213.0	171.0	235.0	163.0	252.0	180.0	186.0	201.0	158.0	195.0	197.0	204.0	169.0	228.0	175.0	270.0	177.0	259.0	248.0	265.0	206.0	287.0	219.0	300.0	219.0	369.0	183.0	0
74.0	202.0	70.0	215.0	96.0	198.0	156.0	164.0	138.0	180.0	171.0	212.0	172.0	235.0	163.0	252.0	180.0	186.0	199.0	159.0	194.0	196.0	202.0	170.0	227.0	176.0	266.0	177.0	259.0	248.0	264.0	205.0	286.0	220.0	301.0	220.0	367.0	184.0	0
76.0	201.0	73.0	215.0	99.0	198.0	158.0	164.0	140.0	180.0	174.0	212.0	169.0	235.0	160.0	251.0	179.0	186.0	198.0	158.0	197.0	197.0	203.0	171.0	225.0	177.0	263.0	178.0	255.0	247.0	262.0	206.0	283.0	220.0	297.0	220.0	362.0	186.0	0
78.0	202.0	74.0	216.0	99.0	199.0	155.0	163.0	138.0	180.0	175.0	214.0	172.0	236.0	163.0	254.0	178.0	186.0	198.0	157.0	196.0	196.0	203.0	169.0	223.0	174.0	268.0	177.0	257.0	249.0	264.0	205.0	286.0	219.0	299.0	219.0	365.0	185.0	0
75.0	201.0	71.0	215.0	97.0	198.0	157.0	165.0	143.0	178.0	172.0	213.0	168.0	234.0	159.0	250.0	178.0	185.0	200.0	158.0	195.0	196.0	203.0	170.0	226.0	175.0	268.0	178.0	258.0	249.0	264.0	207.0	285.0	220.0	301.0	220.0	370.0	185.0	0
77.0	199.0	72.0	214.0	101.0	197.0	157.0	164.0	141.0	179.0	176.0	212.0	172.0	235.0	164.0	252.0	183.0	186.0	202.0	158.0	199.0	198.0	206.0	170.0	227.0	176.0	264.0	179.0	254.0	248.0	261.0	206.0	282.0	219.0	296.0	219.0	359.0	186.0	0
72.0	199.0	69.0	214.0	97.0	197.0	156.0	164.0	140.0	178.0	172.0	212.0	169.0	235.0	159.0	251.0	181.0	186.0	201.0	159.0	195.0	195.0	204.0	171.0	226.0	176.0	270.0	179.0	255.0	249.0	266.0	208.0	285.0	220.0	299.0	220.0	366.0	185.0	0
72.0	200.0	68.0	215.0	100.0	197.0	156.0	164.0	140.0	180.0	174.0	213.0	171.0	236.0	163.0	252.0	180.0	186.0	199.0	158.0	198.0	197.0	203.0	170.0	226.0	176.0	269.0	177.0	257.0	251.0	264.0	205.0	288.0	221.0	302.0	220.0	364.0	181.0	0
77.0	202.0	73.0	217.0	97.0	198.0	155.0	162.0	139.0	178.0	172.0	213.0	170.0	236.0	163.0	254.0	180.0	184.0	198.0	156.0	194.0	196.0	203.0	168.0	224.0	174.0	268.0	177.0	255.0	248.0	262.0	206.0	284.0	219.0	298.0	220.0	367.0	187.0	0
70.0	200.0	64.0	214.0	92.0	197.0	156.0	162.0	138.0	177.0	171.0	212.0	169.0	237.0	161.0	256.0	179.0	185.0	201.0	156.0	197.0	196.0	206.0	169.0	227.0	174.0	270.0	178.0	259.0	251.0	263.0	204.0	289.0	220.0	301.0	219.0	373.0	186.0	0
70.0	201.0	67.0	217.0	94.0	198.0	155.0	162.0	136.0	178.0	172.0	214.0	171.0	237.0	161.0	255.0	178.0	185.0	198.0	155.0	196.0	196.0	203.0	168.0	223.0	173.0	269.0	176.0	259.0	250.0	267.0	207.0	289.0	221.0	305.0	220.0	372.0	183.0	0
75.0	200.0	73.0	215.0	97.0	197.0	157.0	162.0	140.0	177.0	174.0	211.0	172.0	236.0	161.0	253.0	181.0	184.0	202.0	157.0	197.0	194.0	206.0	168.0	226.0	174.0	268.0	177.0	261.0	249.0	265.0	206.0	289.0	221.0	304.0	220.0	369.0	183.0	0
77.0	200.0	72.0	214.0	101.0	197.0	158.0	164.0	141.0	179.0	175.0	212.0	173.0	234.0	162.0	252.0	180.0	185.0	201.0	158.0	197.0	195.0	205.0	169.0	227.0	175.0	267.0	179.0	254.0	248.0	261.0	206.0	281.0	219.0	294.0	219.0	364.0	187.0	0
71.0	201.0	67.0	215.0	95.0	198.0	159.0	162.0	142.0	178.0	172.0	213.0	172.0	236.0	162.0	254.0	180.0	185.0	203.0	155.0	196.0	195.0	207.0	168.0	226.0	174.0	268.0	177.0	255.0	248.0	267.0	207.0	287.0	221.0	301.0	221.0	367.0	187.0	0
71.0	203.0	67.0	218.0	90.0	200.0	152.0	163.0	136.0	178.0	172.0	213.0	171.0	236.0	162.0	254.0	176.0	185.0	199.0	156.0	196.0	196.0	202.0	168.0	228.0	174.0	273.0	177.0	259.0	249.0	267.0	205.0	289.0	220.0	306.0	220.0	373.0	187.0	0
74.0	201.0	72.0	217.0	94.0	197.0	157.0	162.0	140.0	176.0	174.0	212.0	172.0	235.0	164.0	254.0	179.0	185.0	202.0	157.0	197.0	196.0	205.0	169.0	230.0	175.0	274.0	179.0	255.0	248.0	263.0	206.0	283.0	220.0	297.0	220.0	362.0	185.0	0
74.0	201.0	71.0	215.0	96.0	199.0	157.0	163.0	139.0	179.0	175.0	214.0	172.0	237.0	164.0	254.0	178.0	184.0	200.0	156.0	197.0	196.0	205.0	169.0	223.0	174.0	266.0	177.0	255.0	249.0	265.0	208.0	283.0	220.0	297.0	219.0	364.0	185.0	0
76.0	199.0	72.0	215.0	96.0	197.0	158.0	163.0	139.0	178.0	175.0	213.0	171.0	237.0	161.0	255.0	179.0	184.0	201.0	156.0	199.0	196.0	204.0	168.0	223.0	174.0	270.0	178.0	255.0	251.0	266.0	207.0	287.0	221.0	299.0	221.0	365.0	184.0	0
74.0	200.0	71.0	215.0	95.0	197.0	159.0	162.0	140.0	177.0	174.0	213.0	171.0	236.0	161.0	254.0	182.0	185.0	201.0	156.0	196.0	194.0	206.0	169.0	229.0	175.0	267.0	178.0	256.0	250.0	267.0	208.0	289.0	221.0	301.0	221.0	365.0	185.0	0
77.0	202.0	73.0	216.0	102.0	199.0	158.0	166.0	143.0	180.0	173.0	211.0	171.0	234.0	162.0	250.0	182.0	186.0	198.0	160.0	196.0	197.0	202.0	171.0	225.0	178.0	261.0	179.0	254.0	247.0	262.0	205.0	283.0	220.0	297.0	220.0	362.0	187.0	0
74.0	201.0	69.0	215.0	95.0	198.0	154.0	163.0	139.0	178.0	173.0	213.0	170.0	236.0	162.0	253.0	178.0	185.0	202.0	157.0	196.0	196.0	206.0	169.0	226.0	174.0	266.0	177.0	257.0	251.0	269.0	209.0	287.0	220.0	301.0	219.0	365.0	184.0	0
75.0	200.0	70.0	214.0	97.0	197.0	156.0	162.0	138.0	179.0	173.0	213.0	172.0	238.0	161.0	255.0	179.0	185.0	199.0	157.0	195.0	196.0	203.0	168.0	225.0	174.0	273.0	178.0	254.0	250.0	267.0	207.0	285.0	219.0	299.0	219.0	367.0	185.0	0
73.0	200.0	69.0	216.0	94.0	198.0	156.0	162.0	136.0	179.0	174.0	215.0	171.0	238.0	162.0	255.0	174.0	184.0	198.0	155.0	197.0	196.0	204.0	167.0	224.0	173.0	265.0	176.0	258.0	251.0	265.0	207.0	287.0	221.0	301.0	221.0	363.0	180.0	0
73.0	200.0	68.0	216.0	96.0	197.0	157.0	163.0	139.0	178.0	173.0	213.0	171.0	236.0	159.0	254.0	179.0	185.0	198.0	157.0	197.0	197.0	202.0	169.0	226.0	175.0	266.0	178.0	257.0	250.0	265.0	206.0	287.0	221.0	301.0	221.0	366.0	184.0	0
77.0	201.0	72.0	216.0	99.0	198.0	157.0	163.0	139.0	178.0	173.0	213.0	170.0	235.0	162.0	252.0	178.0	186.0	198.0	158.0	195.0	196.0	201.0	169.0	224.0	175.0	267.0	177.0	255.0	247.0	264.0	207.0	284.0	220.0	297.0	220.0	364.0	186.0	0
73.0	201.0	68.0	216.0	93.0	198.0	156.0	164.0	138.0	179.0	170.0	214.0	169.0	237.0	161.0	254.0	180.0	187.0	197.0	158.0	191.0	195.0	202.0	170.0	223.0	174.0	272.0	177.0	256.0	250.0	267.0	206.0	292.0	221.0	307.0	221.0	368.0	183.0	0
76.0	202.0	72.0	215.0	100.0	198.0	155.0	166.0	140.0	180.0	173.0	212.0	171.0	233.0	163.0	248.0	179.0	186.0	200.0	159.0	194.0	197.0	204.0	172.0	224.0	177.0	263.0	178.0	255.0	245.0	263.0	207.0	283.0	220.0	297.0	220.0	360.0	186.0	0
77.0	201.0	74.0	215.0	100.0	198.0	161.0	163.0	142.0	178.0	176.0	214.0	172.0	235.0	163.0	252.0	180.0	185.0	201.0	157.0	197.0	197.0	205.0	170.0	226.0	176.0	266.0	179.0	255.0	249.0	262.0	207.0	282.0	220.0	296.0	220.0	358.0	185.0	0
74.0	200.0	68.0	216.0	94.0	197.0	155.0	163.0	137.0	178.0	174.0	214.0	171.0	236.0	161.0	253.0	178.0	185.0	200.0	157.0	198.0	198.0	205.0	168.0	228.0	174.0	272.0	177.0	256.0	250.0	267.0	208.0	287.0	220.0	302.0	220.0	369.0	184.0	0
68.0	201.0	65.0	217.0	94.0	198.0	154.0	162.0	135.0	178.0	172.0	213.0	171.0	237.0	161.0	255.0	177.0	185.0	197.0	154.0	194.0	197.0	204.0	167.0	228.0	173.0	273.0	177.0	256.0	252.0	266.0	207.0	289.0	222.0	304.0	221.0	375.0	184.0	0
72.0	199.0	71.0	215.0	95.0	197.0	157.0	163.0	141.0	179.0	175.0	214.0	170.0	236.0	163.0	253.0	181.0	186.0	201.0	157.0	196.0	196.0	207.0	170.0	228.0	176.0	265.0	177.0	257.0	250.0	264.0	207.0	287.0	220.0	302.0	220.0	368.0	182.0	0
76.0	202.0	71.0	215.0	96.0	199.0	156.0	164.0	139.0	179.0	174.0	213.0	172.0	235.0	163.0	251.0	178.0	185.0	198.0	158.0	198.0	196.0	202.0	170.0	227.0	176.0	267.0	178.0	255.0	248.0	267.0	207.0	285.0	220.0	300.0	220.0	364.0	185.0	0
76.0	199.0	70.0	213.0	102.0	196.0	156.0	165.0	140.0	179.0	174.0	212.0	170.0	234.0	161.0	251.0	181.0	186.0	199.0	158.0	198.0	198.0	203.0	171.0	225.0	176.0	268.0	177.0	254.0	249.0	262.0	204.0	285.0	219.0	299.0	220.0	365.0	184.0	0
75.0	201.0	72.0	215.0	95.0	199.0	158.0	164.0	140.0	179.0	174.0	213.0	171.0	235.0	162.0	250.0	182.0	186.0	202.0	158.0	199.0	197.0	207.0	170.0	227.0	176.0	269.0	178.0	258.0	249.0	267.0	207.0	285.0	219.0	299.0	219.0	365.0	184.0	0
76.0	201.0	74.0	217.0	98.0	198.0	156.0	164.0	138.0	179.0	175.0	213.0	172.0	236.0	163.0	252.0	178.0	185.0	201.0	157.0	197.0	197.0	206.0	170.0	226.0	175.0	266.0	177.0	255.0	248.0	264.0	206.0	284.0	220.0	297.0	220.0	367.0	186.0	0
74.0	201.0	70.0	216.0	96.0	198.0	156.0	163.0	138.0	178.0	175.0	214.0	173.0	237.0	163.0	253.0	181.0	186.0	200.0	158.0	196.0	197.0	203.0	169.0	226.0	175.0	267.0	177.0	259.0	251.0	266.0	207.0	287.0	220.0	302.0	220.0	364.0	183.0	0
73.0	202.0	70.0	217.0	95.0	199.0	158.0	162.0	140.0	178.0	174.0	213.0	172.0	237.0	163.0	255.0	179.0	185.0	197.0	156.0	199.0	197.0	203.0	169.0	224.0	174.0	268.0	176.0	259.0	251.0	267.0	205.0	290.0	220.0	304.0	221.0	371.0	183.0	0
76.0	202.0	73.0	215.0	95.0	198.0	157.0	165.0	139.0	180.0	174.0	213.0	171.0	234.0	162.0	250.0	179.0	186.0	200.0	160.0	196.0	197.0	205.0	172.0	224.0	177.0	265.0	179.0	253.0	247.0	263.0	206.0	282.0	219.0	295.0	219.0	361.0	186.0	0
75.0	202.0	71.0	217.0	98.0	198.0	159.0	164.0	142.0	178.0	176.0	212.0	174.0	236.0	166.0	254.0	180.0	185.0	201.0	157.0	200.0	197.0	205.0	170.0	224.0	176.0	261.0	177.0	257.0	250.0	262.0	205.0	283.0	219.0	296.0	219.0	362.0	185.0	0
74.0	199.0	71.0	215.0	94.0	197.0	156.0	163.0	138.0	179.0	174.0	212.0	172.0	236.0	163.0	255.0	181.0	185.0	202.0	157.0	197.0	196.0	207.0	169.0	229.0	175.0	269.0	177.0	258.0	250.0	264.0	208.0	286.0	222.0	302.0	222.0	366.0	183.0	0
77.0	201.0	76.0	215.0	98.0	198.0	156.0	165.0	141.0	180.0	175.0	211.0	173.0	234.0	165.0	251.0	181.0	186.0	200.0	160.0	197.0	197.0	205.0	171.0	227.0	177.0	267.0	178.0	256.0	247.0	263.0	206.0	285.0	219.0	299.0	219.0	361.0	182.0	0
81.0	201.0	76.0	217.0	101.0	198.0	159.0	163.0	143.0	177.0	173.0	212.0	171.0	236.0	162.0	253.0	180.0	185.0	198.0	157.0	195.0	194.0	202.0	169.0	223.0	174.0	270.0	178.0	252.0	249.0	262.0	207.0	282.0	220.0	297.0	220.0	359.0	186.0	0
73.0	201.0	70.0	217.0	95.0	198.0	157.0	163.0	140.0	178.0	175.0	213.0	173.0	237.0	164.0	255.0	180.0	185.0	198.0	157.0	196.0	196.0	202.0	169.0	224.0	174.0	270.0	177.0	257.0	251.0	265.0	206.0	287.0	220.0	302.0	221.0	369.0	183.0	0
74.0	201.0	71.0	216.0	96.0	198.0	158.0	163.0	141.0	178.0	171.0	212.0	169.0	235.0	162.0	252.0	180.0	185.0	201.0	157.0	195.0	197.0	205.0	170.0	224.0	175.0	263.0	178.0	258.0	248.0	265.0	208.0	282.0	220.0	297.0	219.0	363.0	186.0	0
77.0	201.0	72.0	216.0	96.0	198.0	159.0	162.0	138.0	179.0	175.0	214.0	170.0	236.0	160.0	251.0	178.0	184.0	202.0	156.0	199.0	196.0	205.0	169.0	225.0	174.0	267.0	177.0	254.0	249.0	262.0	206.0	284.0	221.0	298.0	222.0	368.0	186.0	0
77.0	200.0	75.0	214.0	99.0	197.0	158.0	165.0	141.0	180.0	176.0	213.0	173.0	235.0	164.0	252.0	179.0	186.0	199.0	159.0	196.0	196.0	205.0	172.0	226.0	177.0	264.0	178.0	254.0	249.0	265.0	207.0	284.0	218.0	297.0	219.0	359.0	182.0	0
81.0	200.0	77.0	215.0	101.0	198.0	160.0	164.0	144.0	180.0	175.0	212.0	173.0	234.0	165.0	252.0	180.0	186.0	201.0	158.0	196.0	197.0	204.0	171.0	226.0	178.0	268.0	180.0	254.0	246.0	262.0	207.0	283.0	221.0	297.0	220.0	360.0	185.0	0
70.0	201.0	65.0	217.0	92.0	198.0	153.0	162.0	135.0	179.0	173.0	213.0	170.0	236.0	162.0	255.0	176.0	184.0	199.0	156.0	197.0	197.0	203.0	168.0	225.0	173.0	267.0	175.0	260.0	250.0	271.0	208.0	289.0	220.0	304.0	220.0	373.0	182.0	0
74.0	202.0	72.0	219.0	94.0	198.0	157.0	162.0	137.0	177.0	174.0	213.0	172.0	236.0	162.0	255.0	178.0	183.0	199.0	155.0	195.0	195.0	204.0	168.0	227.0	174.0	270.0	177.0	253.0	251.0	264.0	207.0	286.0	221.0	300.0	221.0	367.0	185.0	0
74.0	199.0	69.0	214.0	95.0	197.0	158.0	162.0	138.0	179.0	173.0	212.0	171.0	238.0	162.0	254.0	180.0	185.0	201.0	157.0	195.0	195.0	205.0	169.0	227.0	174.0	269.0	177.0	254.0	251.0	266.0	206.0	286.0	220.0	302.0	220.0	371.0	183.0	0
74.0	200.0	69.0	215.0	96.0	197.0	158.0	163.0	140.0	179.0	174.0	213.0	172.0	236.0	162.0	253.0	181.0	185.0	201.0	157.0	195.0	195.0	205.0	169.0	226.0	174.0	267.0	178.0	255.0	250.0	263.0	206.0	285.0	220.0	298.0	220.0	368.0	185.0	0
72.0	200.0	68.0	215.0	93.0	197.0	158.0	163.0	141.0	177.0	174.0	212.0	170.0	235.0	160.0	252.0	180.0	184.0	202.0	157.0	197.0	196.0	207.0	168.0	225.0	173.0	267.0	177.0	255.0	250.0	265.0	208.0	284.0	220.0	298.0	220.0	363.0	185.0	0
74.0	202.0	71.0	217.0	96.0	199.0	158.0	162.0	142.0	178.0	176.0	212.0	173.0	235.0	163.0	252.0	184.0	186.0	201.0	158.0	198.0	196.0	206.0	170.0	224.0	174.0	266.0	177.0	258.0	248.0	262.0	204.0	286.0	220.0	301.0	221.0	369.0	186.0	0
69.0	200.0	65.0	216.0	92.0	198.0	156.0	161.0	138.0	179.0	171.0	213.0	168.0	237.0	159.0	254.0	177.0	184.0	201.0	155.0	197.0	197.0	205.0	168.0	227.0	175.0	274.0	179.0	256.0	250.0	265.0	207.0	285.0	221.0	300.0	221.0	375.0	187.0	0
70.0	201.0	66.0	216.0	94.0	198.0	156.0	161.0	138.0	178.0	171.0	213.0	169.0	236.0	160.0	255.0	178.0	184.0	202.0	156.0	195.0	196.0	205.0	168.0	228.0	174.0	270.0	177.0	257.0	249.0	267.0	206.0	290.0	221.0	305.0	221.0	371.0	186.0	0
76.0	200.0	71.0	213.0	95.0	198.0	158.0	164.0	141.0	178.0	174.0	214.0	171.0	237.0	162.0	254.0	179.0	185.0	200.0	157.0	197.0	196.0	204.0	169.0	226.0	175.0	266.0	177.0	257.0	248.0	265.0	208.0	283.0	219.0	297.0	220.0	363.0	185.0	0
76.0	200.0	72.0	215.0	99.0	197.0	158.0	165.0	143.0	178.0	174.0	212.0	170.0	235.0	161.0	250.0	181.0	185.0	199.0	159.0	201.0	197.0	203.0	170.0	225.0	176.0	266.0	178.0	254.0	248.0	262.0	206.0	283.0	220.0	296.0	219.0	362.0	186.0	0
76.0	200.0	71.0	215.0	96.0	198.0	156.0	164.0	136.0	179.0	174.0	213.0	171.0	234.0	163.0	251.0	179.0	185.0	201.0	158.0	193.0	194.0	204.0	169.0	227.0	176.0	274.0	178.0	257.0	248.0	265.0	205.0	288.0	220.0	303.0	220.0	366.0	183.0	0
74.0	200.0	72.0	214.0	98.0	197.0	159.0	165.0	143.0	178.0	174.0	212.0	171.0	235.0	163.0	252.0	182.0	186.0	201.0	159.0	196.0	197.0	205.0	171.0	230.0	177.0	266.0	179.0	256.0	247.0	260.0	207.0	281.0	220.0	297.0	220.0	359.0	184.0	0
74.0	200.0	70.0	215.0	97.0	198.0	158.0	163.0	141.0	178.0	173.0	214.0	169.0	236.0	160.0	252.0	180.0	185.0	201.0	158.0	198.0	196.0	205.0	170.0	227.0	175.0	266.0	177.0	255.0	250.0	264.0	207.0	284.0	221.0	301.0	221.0	366.0	184.0	0
80.0	200.0	76.0	215.0	104.0	197.0	161.0	164.0	142.0	179.0	175.0	214.0	172.0	235.0	163.0	251.0	183.0	186.0	202.0	158.0	196.0	196.0	205.0	170.0	226.0	175.0	265.0	178.0	254.0	247.0	260.0	206.0	280.0	219.0	295.0	219.0	360.0	186.0	0
75.0	201.0	72.0	215.0	98.0	198.0	158.0	164.0	141.0	179.0	175.0	212.0	172.0	235.0	164.0	252.0	180.0	185.0	198.0	157.0	195.0	195.0	202.0	169.0	225.0	175.0	269.0	177.0	254.0	250.0	265.0	208.0	285.0	220.0	300.0	221.0	365.0	184.0	0
73.0	200.0	67.0	214.0	97.0	197.0	157.0	164.0	140.0	178.0	175.0	213.0	170.0	236.0	162.0	252.0	185.0	186.0	202.0	159.0	200.0	198.0	206.0	170.0	225.0	175.0	265.0	178.0	257.0	248.0	266.0	207.0	287.0	220.0	301.0	220.0	363.0	183.0	0
74.0	201.0	72.0	217.0	92.0	198.0	155.0	161.0	137.0	178.0	173.0	213.0	171.0	236.0	162.0	255.0	178.0	184.0	199.0	156.0	197.0	196.0	202.0	167.0	223.0	173.0	263.0	177.0	254.0	250.0	264.0	208.0	285.0	221.0	296.0	220.0	364.0	184.0	0
74.0	201.0	71.0	217.0	95.0	198.0	153.0	163.0	135.0	178.0	173.0	213.0	172.0	236.0	163.0	254.0	178.0	185.0	198.0	157.0	194.0	196.0	201.0	169.0	227.0	175.0	273.0	178.0	257.0	249.0	262.0	204.0	287.0	220.0	302.0	219.0	366.0	185.0	0
75.0	201.0	73.0	216.0	94.0	198.0	157.0	164.0	140.0	178.0	175.0	213.0	173.0	236.0	165.0	252.0	181.0	186.0	200.0	158.0	195.0	195.0	203.0	169.0	225.0	176.0	267.0	177.0	256.0	249.0	265.0	207.0	283.0	219.0	299.0	219.0	363.0	183.0	0
80.0	200.0	75.0	214.0	99.0	198.0	160.0	164.0	143.0	179.0	174.0	212.0	173.0	235.0	165.0	252.0	181.0	186.0	198.0	159.0	195.0	195.0	201.0	170.0	223.0	175.0	265.0	177.0	254.0	246.0	261.0	206.0	281.0	219.0	296.0	219.0	357.0	185.0	0
71.0	200.0	69.0	216.0	95.0	197.0	158.0	161.0	139.0	177.0	174.0	213.0	170.0	235.0	160.0	254.0	184.0	186.0	203.0	154.0	197.0	196.0	207.0	167.0	229.0	172.0	279.0	177.0	255.0	251.0	268.0	207.0	288.0	221.0	304.0	221.0	376.0	186.0	0
71.0	202.0	69.0	218.0	93.0	199.0	158.0	163.0	139.0	179.0	175.0	212.0	174.0	236.0	166.0	254.0	180.0	184.0	201.0	156.0	196.0	195.0	205.0	169.0	229.0	175.0	272.0	177.0	259.0	251.0	268.0	206.0	289.0	220.0	305.0	221.0	367.0	184.0	0
73.0	199.0	68.0	215.0	96.0	197.0	159.0	163.0	142.0	178.0	173.0	214.0	169.0	236.0	160.0	253.0	182.0	185.0	202.0	158.0	197.0	196.0	206.0	170.0	229.0	176.0	268.0	178.0	255.0	250.0	266.0	207.0	285.0	220.0	298.0	220.0	366.0	186.0	0
77.0	201.0	73.0	215.0	104.0	198.0	158.0	165.0	145.0	179.0	175.0	212.0	171.0	234.0	162.0	251.0	182.0	186.0	199.0	158.0	198.0	197.0	202.0	171.0	224.0	177.0	262.0	179.0	252.0	247.0	262.0	206.0	282.0	218.0	295.0	218.0	360.0	187.0	0
78.0	200.0	75.0	215.0	99.0	197.0	156.0	164.0	139.0	179.0	175.0	213.0	173.0	235.0	165.0	252.0	180.0	186.0	200.0	158.0	197.0	197.0	203.0	169.0	224.0	175.0	269.0	177.0	257.0	248.0	264.0	205.0	286.0	219.0	299.0	219.0	364.0	184.0	0
74.0	200.0	69.0	215.0	97.0	197.0	158.0	163.0	142.0	178.0	175.0	212.0	170.0	235.0	160.0	253.0	181.0	185.0	200.0	157.0	199.0	196.0	205.0	169.0	226.0	175.0	268.0	178.0	256.0	251.0	265.0	207.0	286.0	220.0	299.0	220.0	366.0	184.0	0
76.0	196.0	71.0	212.0	99.0	195.0	160.0	164.0	144.0	178.0	173.0	214.0	170.0	236.0	160.0	254.0	180.0	186.0	201.0	158.0	196.0	197.0	204.0	170.0	226.0	176.0	267.0	179.0	251.0	250.0	263.0	207.0	284.0	219.0	299.0	220.0	362.0	181.0	0
75.0	200.0	72.0	216.0	96.0	198.0	158.0	163.0	140.0	179.0	174.0	214.0	172.0	237.0	163.0	254.0	180.0	185.0	200.0	157.0	196.0	196.0	204.0	169.0	228.0	175.0	269.0	178.0	255.0	249.0	264.0	205.0	285.0	220.0	300.0	220.0	368.0	187.0	0
76.0	201.0	71.0	215.0	97.0	199.0	158.0	163.0	141.0	178.0	175.0	213.0	173.0	235.0	164.0	253.0	181.0	185.0	200.0	157.0	195.0	197.0	203.0	169.0	225.0	175.0	265.0	178.0	254.0	249.0	264.0	205.0	284.0	219.0	299.0	219.0	364.0	186.0	0
74.0	201.0	70.0	216.0	100.0	197.0	154.0	164.0	141.0	178.0	173.0	213.0	171.0	236.0	163.0	253.0	179.0	185.0	200.0	157.0	194.0	195.0	204.0	169.0	225.0	174.0	267.0	177.0	257.0	249.0	265.0	206.0	287.0	220.0	300.0	219.0	368.0	185.0	0
81.0	201.0	76.0	216.0	102.0	198.0	159.0	163.0	142.0	179.0	174.0	212.0	174.0	235.0	165.0	252.0	180.0	186.0	199.0	157.0	198.0	196.0	203.0	169.0	222.0	174.0	266.0	175.0	255.0	249.0	265.0	206.0	288.0	220.0	301.0	219.0	364.0	184.0	0
77.0	201.0	73.0	215.0	99.0	199.0	156.0	163.0	141.0	179.0	174.0	213.0	170.0	236.0	161.0	252.0	179.0	185.0	200.0	157.0	196.0	196.0	204.0	169.0	224.0	174.0	265.0	177.0	256.0	250.0	265.0	207.0	284.0	220.0	298.0	220.0	367.0	185.0	0
76.0	200.0	73.0	216.0	97.0	198.0	160.0	163.0	139.0	179.0	173.0	213.0	171.0	236.0	162.0	252.0	182.0	186.0	200.0	158.0	196.0	195.0	206.0	170.0	229.0	175.0	271.0	178.0	256.0	250.0	265.0	207.0	285.0	220.0	301.0	221.0	366.0	185.0	0
76.0	200.0	73.0	216.0	98.0	198.0	159.0	163.0	142.0	179.0	174.0	212.0	171.0	235.0	162.0	252.0	180.0	185.0	201.0	157.0	198.0	197.0	206.0	170.0	226.0	176.0	268.0	179.0	257.0	248.0	264.0	207.0	284.0	221.0	299.0	221.0	365.0	185.0	0
72.0	201.0	67.0	215.0	97.0	198.0	156.0	164.0	138.0	181.0	174.0	213.0	173.0	236.0	165.0	253.0	179.0	186.0	198.0	158.0	195.0	197.0	203.0	171.0	226.0	176.0	270.0	178.0	262.0	249.0	266.0	206.0	287.0	219.0	303.0	219.0	372.0	184.0	0
66.0	201.0	61.0	217.0	91.0	198.0	155.0	161.0	137.0	177.0	173.0	214.0	170.0	238.0	161.0	256.0	182.0	185.0	201.0	154.0	198.0	196.0	207.0	168.0	229.0	174.0	272.0	177.0	261.0	252.0	271.0	207.0	293.0	221.0	306.0	221.0	376.0	184.0	0
74.0	199.0	69.0	215.0	95.0	197.0	159.0	163.0	140.0	179.0	174.0	213.0	169.0	236.0	159.0	253.0	180.0	186.0	201.0	157.0	196.0	196.0	205.0	170.0	226.0	175.0	268.0	178.0	255.0	250.0	263.0	207.0	284.0	221.0	300.0	221.0	365.0	184.0	0
80.0	202.0	77.0	218.0	100.0	199.0	158.0	165.0	143.0	180.0	176.0	214.0	173.0	235.0	163.0	252.0	179.0	185.0	199.0	158.0	196.0	196.0	203.0	170.0	224.0	175.0	269.0	177.0	255.0	248.0	264.0	207.0	287.0	220.0	299.0	220.0	363.0	185.0	0
73.0	199.0	69.0	215.0	95.0	197.0	157.0	160.0	139.0	177.0	172.0	214.0	168.0	237.0	161.0	255.0	178.0	183.0	202.0	155.0	196.0	195.0	205.0	167.0	227.0	173.0	269.0	177.0	255.0	251.0	264.0	206.0	285.0	220.0	299.0	221.0	367.0	186.0	0
80.0	201.0	76.0	216.0	101.0	197.0	157.0	166.0	140.0	180.0	175.0	212.0	174.0	234.0	164.0	251.0	179.0	186.0	198.0	159.0	195.0	196.0	202.0	171.0	224.0	176.0	266.0	178.0	254.0	247.0	264.0	207.0	283.0	220.0	297.0	219.0	361.0	185.0	0
79.0	200.0	74.0	215.0	101.0	197.0	158.0	163.0	140.0	178.0	177.0	213.0	173.0	236.0	166.0	254.0	178.0	184.0	200.0	157.0	198.0	196.0	203.0	168.0	224.0	175.0	262.0	176.0	255.0	248.0	264.0	208.0	281.0	220.0	294.0	220.0	357.0	183.0	0
75.0	201.0	72.0	216.0	99.0	198.0	159.0	163.0	142.0	178.0	176.0	213.0	172.0	236.0	163.0	254.0	179.0	184.0	200.0	157.0	198.0	195.0	204.0	169.0	227.0	175.0	273.0	178.0	257.0	250.0	267.0	207.0	287.0	220.0	300.0	219.0	366.0	186.0	0
75.0	201.0	70.0	216.0	99.0	198.0	156.0	163.0	140.0	180.0	174.0	212.0	171.0	236.0	163.0	253.0	178.0	186.0	199.0	157.0	196.0	196.0	205.0	169.0	225.0	175.0	263.0	178.0	255.0	249.0	262.0	205.0	284.0	219.0	298.0	219.0	364.0	184.0	0
65.0	201.0	61.0	217.0	86.0	198.0	156.0	159.0	134.0	176.0	170.0	214.0	167.0	239.0	158.0	258.0	177.0	184.0	198.0	153.0	195.0	196.0	202.0	165.0	226.0	172.0	274.0	176.0	262.0	254.0	272.0	209.0	292.0	222.0	306.0	221.0	381.0	184.0	0
75.0	202.0	71.0	215.0	98.0	198.0	158.0	165.0	140.0	180.0	175.0	212.0	170.0	235.0	161.0	251.0	181.0	186.0	200.0	158.0	198.0	197.0	205.0	171.0	225.0	176.0	264.0	179.0	254.0	249.0	264.0	207.0	284.0	220.0	298.0	220.0	363.0	185.0	0
69.0	201.0	65.0	218.0	93.0	198.0	156.0	161.0	139.0	178.0	174.0	213.0	170.0	236.0	161.0	256.0	180.0	184.0	198.0	155.0	197.0	195.0	204.0	168.0	226.0	174.0	268.0	176.0	259.0	252.0	269.0	206.0	291.0	220.0	304.0	219.0	372.0	185.0	0
76.0	201.0	72.0	215.0	98.0	198.0	158.0	164.0	140.0	178.0	174.0	214.0	169.0	235.0	161.0	253.0	179.0	185.0	201.0	158.0	199.0	197.0	204.0	170.0	226.0	175.0	262.0	177.0	256.0	249.0	265.0	207.0	284.0	220.0	300.0	220.0	366.0	186.0	0
76.0	201.0	72.0	216.0	96.0	198.0	155.0	164.0	139.0	179.0	175.0	212.0	171.0	234.0	162.0	252.0	183.0	186.0	200.0	158.0	197.0	197.0	204.0	171.0	225.0	176.0	267.0	178.0	258.0	248.0	262.0	205.0	286.0	220.0	301.0	220.0	364.0	184.0	0
74.0	200.0	69.0	215.0	99.0	197.0	159.0	163.0	142.0	180.0	175.0	213.0	172.0	236.0	164.0	253.0	179.0	184.0	201.0	157.0	199.0	197.0	205.0	170.0	229.0	176.0	269.0	179.0	258.0	248.0	263.0	205.0	285.0	220.0	298.0	220.0	363.0	185.0	0
64.0	198.0	59.0	214.0	90.0	196.0	153.0	161.0	136.0	176.0	173.0	212.0	169.0	238.0	159.0	257.0	178.0	184.0	201.0	155.0	196.0	196.0	206.0	167.0	229.0	173.0	274.0	176.0	262.0	252.0	267.0	207.0	290.0	220.0	306.0	220.0	375.0	180.0	0
74.0	201.0	71.0	217.0	95.0	197.0	159.0	161.0	140.0	177.0	172.0	214.0	169.0	237.0	158.0	254.0	180.0	185.0	200.0	155.0	194.0	195.0	207.0	168.0	225.0	174.0	275.0	177.0	254.0	253.0	267.0	207.0	290.0	222.0	306.0	223.0	374.0	185.0	0
78.0	201.0	74.0	216.0	99.0	198.0	157.0	164.0	139.0	179.0	173.0	213.0	170.0	236.0	161.0	252.0	178.0	186.0	200.0	158.0	195.0	196.0	205.0	170.0	226.0	176.0	267.0	179.0	251.0	248.0	261.0	207.0	282.0	220.0	298.0	220.0	364.0	186.0	0
76.0	200.0	71.0	217.0	97.0	197.0	156.0	162.0	139.0	177.0	172.0	213.0	169.0	235.0	160.0	254.0	182.0	185.0	198.0	156.0	194.0	193.0	203.0	168.0	227.0	174.0	270.0	176.0	254.0	249.0	267.0	207.0	287.0	220.0	302.0	221.0	368.0	186.0	0
74.0	201.0	71.0	216.0	98.0	198.0	157.0	164.0	140.0	179.0	174.0	211.0	171.0	233.0	162.0	251.0	183.0	186.0	200.0	159.0	197.0	196.0	205.0	171.0	229.0	177.0	271.0	179.0	256.0	250.0	267.0	207.0	287.0	221.0	300.0	221.0	364.0	185.0	0
82.0	201.0	78.0	215.0	103.0	199.0	161.0	164.0	144.0	179.0	176.0	212.0	175.0	235.0	168.0	251.0	180.0	185.0	202.0	157.0	199.0	197.0	205.0	170.0	223.0	176.0	264.0	179.0	255.0	247.0	261.0	205.0	281.0	219.0	296.0	220.0	361.0	186.0	0
71.0	201.0	67.0	217.0	95.0	199.0	153.0	164.0	137.0	179.0	176.0	214.0	174.0	238.0	164.0	255.0	179.0	185.0	199.0	156.0	196.0	196.0	203.0	168.0	225.0	174.0	269.0	176.0	258.0	252.0	269.0	207.0	290.0	220.0	303.0	220.0	368.0	181.0	0
75.0	200.0	69.0	215.0	95.0	197.0	155.0	163.0	139.0	178.0	170.0	212.0	170.0	237.0	159.0	254.0	176.0	184.0	200.0	157.0	193.0	195.0	203.0	169.0	224.0	174.0	266.0	176.0	254.0	251.0	265.0	207.0	287.0	221.0	301.0	221.0	369.0	181.0	0
75.0	201.0	69.0	216.0	95.0	198.0	156.0	165.0	138.0	180.0	173.0	213.0	169.0	235.0	162.0	253.0	176.0	185.0	199.0	158.0	195.0	195.0	202.0	169.0	223.0	175.0	266.0	177.0	258.0	249.0	265.0	206.0	286.0	220.0	300.0	220.0	368.0	185.0	0
78.0	200.0	73.0	213.0	98.0	198.0	160.0	164.0	141.0	179.0	175.0	212.0	172.0	234.0	161.0	251.0	180.0	186.0	202.0	159.0	196.0	197.0	208.0	171.0	227.0	176.0	268.0	179.0	255.0	246.0	261.0	206.0	283.0	220.0	296.0	220.0	361.0	185.0	0
75.0	201.0	72.0	217.0	92.0	198.0	156.0	164.0	137.0	179.0	174.0	213.0	170.0	235.0	161.0	252.0	179.0	185.0	199.0	158.0	198.0	196.0	203.0	169.0	224.0	175.0	270.0	177.0	256.0	249.0	263.0	205.0	288.0	221.0	304.0	221.0	368.0	184.0	0
71.0	200.0	67.0	214.0	90.0	197.0	157.0	162.0	140.0	178.0	173.0	212.0	171.0	236.0	163.0	253.0	179.0	185.0	198.0	157.0	196.0	195.0	205.0	169.0	228.0	175.0	271.0	178.0	252.0	249.0	265.0	206.0	285.0	219.0	301.0	220.0	366.0	184.0	0
71.0	200.0	67.0	215.0	97.0	197.0	155.0	164.0	137.0	178.0	174.0	213.0	172.0	236.0	163.0	254.0	183.0	187.0	200.0	157.0	195.0	195.0	205.0	170.0	226.0	175.0	271.0	178.0	257.0	249.0	267.0	207.0	289.0	221.0	303.0	221.0	367.0	183.0	0
74.0	201.0	71.0	217.0	96.0	198.0	157.0	163.0	139.0	178.0	174.0	211.0	172.0	234.0	163.0	252.0	178.0	184.0	198.0	158.0	195.0	194.0	203.0	169.0	224.0	174.0	269.0	177.0	258.0	248.0	266.0	205.0	288.0	219.0	301.0	219.0	369.0	186.0	0
76.0	200.0	72.0	215.0	97.0	198.0	159.0	164.0	139.0	180.0	174.0	213.0	171.0	235.0	161.0	252.0	179.0	186.0	201.0	158.0	196.0	196.0	205.0	170.0	226.0	175.0	267.0	177.0	255.0	249.0	265.0	207.0	286.0	221.0	300.0	221.0	363.0	184.0	0
76.0	200.0	72.0	215.0	97.0	198.0	157.0	163.0	141.0	179.0	173.0	212.0	169.0	236.0	162.0	253.0	180.0	185.0	199.0	157.0	198.0	197.0	204.0	169.0	227.0	175.0	267.0	178.0	256.0	250.0	263.0	207.0	284.0	221.0	299.0	220.0	361.0	184.0	0
74.0	200.0	69.0	217.0	94.0	198.0	158.0	162.0	139.0	178.0	174.0	214.0	171.0	238.0	161.0	256.0	176.0	184.0	200.0	156.0	198.0	196.0	204.0	168.0	222.0	173.0	264.0	176.0	256.0	250.0	266.0	208.0	287.0	219.0	300.0	220.0	368.0	185.0	0
81.0	200.0	77.0	216.0	105.0	197.0	160.0	163.0	144.0	179.0	175.0	214.0	168.0	235.0	161.0	252.0	181.0	186.0	199.0	157.0	197.0	197.0	203.0	169.0	224.0	175.0	261.0	178.0	253.0	249.0	262.0	207.0	280.0	219.0	293.0	220.0	362.0	186.0	0
72.0	201.0	67.0	215.0	96.0	198.0	158.0	163.0	141.0	179.0	174.0	213.0	170.0	235.0	161.0	253.0	179.0	185.0	200.0	158.0	196.0	196.0	203.0	169.0	229.0	176.0	272.0	179.0	256.0	247.0	266.0	207.0	286.0	220.0	299.0	219.0	367.0	186.0	0
75.0	201.0	72.0	217.0	97.0	198.0	156.0	164.0	138.0	179.0	172.0	212.0	170.0	236.0	161.0	252.0	178.0	186.0	198.0	159.0	194.0	195.0	201.0	170.0	223.0	176.0	270.0	179.0	254.0	249.0	265.0	207.0	286.0	219.0	301.0	219.0	366.0	185.0	0
72.0	201.0	67.0	216.0	95.0	198.0	157.0	162.0	140.0	178.0	172.0	213.0	170.0	237.0	162.0	254.0	177.0	185.0	200.0	156.0	194.0	196.0	205.0	169.0	225.0	175.0	272.0	177.0	258.0	250.0	268.0	206.0	290.0	220.0	304.0	220.0	375.0	186.0	0
73.0	200.0	68.0	215.0	95.0	198.0	156.0	164.0	139.0	178.0	172.0	214.0	170.0	236.0	161.0	253.0	179.0	185.0	199.0	157.0	195.0	196.0	203.0	169.0	226.0	175.0	266.0	178.0	254.0	249.0	265.0	206.0	285.0	220.0	299.0	220.0	365.0	185.0	0
80.0	200.0	75.0	215.0	101.0	198.0	158.0	164.0	141.0	179.0	175.0	213.0	174.0	236.0	164.0	253.0	178.0	185.0	199.0	157.0	196.0	196.0	203.0	169.0	225.0	176.0	266.0	178.0	257.0	247.0	263.0	207.0	285.0	220.0	299.0	220.0	359.0	182.0	0
76.0	200.0	70.0	215.0	98.0	198.0	157.0	164.0	140.0	179.0	173.0	214.0	170.0	236.0	161.0	253.0	179.0	187.0	198.0	158.0	192.0	195.0	202.0	171.0	221.0	175.0	267.0	177.0	257.0	249.0	265.0	207.0	287.0	220.0	301.0	220.0	362.0	183.0	0
73.0	201.0	70.0	216.0	99.0	198.0	161.0	164.0	143.0	178.0	174.0	213.0	170.0	235.0	159.0	251.0	183.0	186.0	201.0	159.0	198.0	197.0	204.0	170.0	225.0	176.0	266.0	179.0	257.0	249.0	264.0	206.0	286.0	220.0	300.0	221.0	365.0	186.0	0
77.0	200.0	73.0	215.0	98.0	197.0	157.0	165.0	139.0	179.0	175.0	212.0	172.0	235.0	164.0	252.0	178.0	185.0	201.0	159.0	197.0	197.0	204.0	170.0	223.0	176.0	266.0	179.0	259.0	247.0	263.0	206.0	286.0	220.0	300.0	220.0	362.0	183.0	0
72.0	200.0	67.0	214.0	93.0	198.0	158.0	163.0	138.0	179.0	172.0	214.0	170.0	237.0	162.0	255.0	179.0	186.0	201.0	157.0	195.0	196.0	206.0	170.0	228.0	176.0	268.0	178.0	256.0	250.0	263.0	205.0	285.0	220.0	299.0	220.0	369.0	184.0	0
75.0	202.0	72.0	216.0	101.0	198.0	156.0	164.0	142.0	179.0	173.0	212.0	172.0	235.0	165.0	251.0	181.0	186.0	200.0	158.0	194.0	195.0	205.0	170.0	226.0	176.0	266.0	178.0	259.0	247.0	263.0	204.0	286.0	220.0	300.0	220.0	367.0	185.0	0
70.0	203.0	66.0	217.0	95.0	198.0	154.0	162.0	139.0	177.0	174.0	213.0	171.0	237.0	162.0	255.0	180.0	184.0	196.0	155.0	196.0	194.0	201.0	168.0	221.0	173.0	272.0	177.0	258.0	249.0	266.0	205.0	291.0	220.0	307.0	221.0	370.0	184.0	0
72.0	200.0	67.0	216.0	96.0	197.0	159.0	161.0	141.0	177.0	171.0	213.0	167.0	237.0	158.0	254.0	177.0	183.0	202.0	155.0	194.0	195.0	207.0	169.0	225.0	174.0	273.0	177.0	255.0	251.0	266.0	207.0	288.0	222.0	302.0	222.0	373.0	187.0	0
77.0	201.0	74.0	217.0	98.0	199.0	156.0	164.0	140.0	180.0	175.0	214.0	172.0	237.0	164.0	254.0	179.0	185.0	200.0	158.0	200.0	198.0	205.0	171.0	224.0	175.0	264.0	178.0	256.0	249.0	263.0	206.0	285.0	220.0	298.0	220.0	364.0	187.0	0
72.0	201.0	68.0	217.0	94.0	198.0	157.0	161.0	138.0	177.0	173.0	214.0	171.0	238.0	161.0	255.0	178.0	184.0	201.0	155.0	197.0	196.0	206.0	168.0	227.0	174.0	267.0	175.0	259.0	251.0	266.0	207.0	289.0	220.0	303.0	221.0	370.0	184.0	0
76.0	200.0	73.0	215.0	97.0	198.0	159.0	164.0	140.0	179.0	174.0	212.0	172.0	235.0	164.0	251.0	179.0	186.0	202.0	158.0	195.0	196.0	206.0	170.0	228.0	176.0	271.0	180.0	254.0	247.0	262.0	205.0	283.0	220.0	297.0	219.0	365.0	185.0	0
73.0	199.0	68.0	216.0	92.0	196.0	156.0	161.0	138.0	177.0	171.0	212.0	168.0	237.0	158.0	255.0	179.0	185.0	201.0	156.0	193.0	196.0	204.0	168.0	225.0	174.0	270.0	176.0	258.0	252.0	269.0	208.0	290.0	222.0	307.0	222.0	379.0	182.0	0
75.0	201.0	71.0	216.0	97.0	198.0	159.0	164.0	144.0	178.0	175.0	212.0	172.0	235.0	163.0	252.0	181.0	185.0	201.0	159.0	197.0	195.0	204.0	171.0	225.0	175.0	264.0	178.0	255.0	247.0	267.0	207.0	285.0	220.0	298.0	219.0	364.0	185.0	0
73.0	201.0	68.0	216.0	95.0	198.0	157.0	162.0	139.0	178.0	173.0	213.0	172.0	236.0	162.0	255.0	179.0	184.0	202.0	156.0	197.0	195.0	206.0	168.0	226.0	174.0	265.0	177.0	255.0	251.0	263.0	206.0	286.0	221.0	300.0	221.0	369.0	185.0	0
75.0	200.0	73.0	216.0	96.0	197.0	159.0	162.0	139.0	179.0	174.0	213.0	171.0	237.0	162.0	256.0	180.0	185.0	201.0	155.0	199.0	197.0	205.0	168.0	224.0	174.0	265.0	176.0	255.0	252.0	267.0	209.0	287.0	221.0	302.0	222.0	367.0	183.0	0
77.0	201.0	73.0	216.0	97.0	199.0	156.0	164.0	142.0	178.0	173.0	212.0	171.0	234.0	163.0	250.0	179.0	184.0	201.0	159.0	195.0	196.0	205.0	171.0	226.0	176.0	270.0	179.0	258.0	247.0	263.0	206.0	283.0	219.0	297.0	218.0	365.0	187.0	0
76.0	200.0	72.0	217.0	96.0	197.0	157.0	162.0	139.0	176.0	173.0	214.0	169.0	237.0	160.0	255.0	176.0	183.0	201.0	156.0	199.0	197.0	205.0	168.0	225.0	174.0	265.0	177.0	256.0	249.0	265.0	207.0	285.0	221.0	299.0	221.0	364.0	185.0	0
77.0	200.0	74.0	214.0	99.0	197.0	157.0	164.0	139.0	180.0	175.0	212.0	171.0	235.0	164.0	252.0	181.0	185.0	200.0	158.0	199.0	197.0	204.0	170.0	226.0	176.0	266.0	179.0	254.0	248.0	262.0	207.0	283.0	219.0	297.0	218.0	364.0	186.0	0
75.0	200.0	72.0	215.0	97.0	197.0	157.0	163.0	137.0	178.0	172.0	213.0	170.0	235.0	160.0	253.0	178.0	184.0	200.0	157.0	196.0	196.0	204.0	169.0	223.0	174.0	270.0	177.0	254.0	250.0	267.0	206.0	287.0	220.0	301.0	219.0	372.0	184.0	0
78.0	201.0	76.0	216.0	98.0	199.0	158.0	165.0	142.0	179.0	176.0	212.0	173.0	236.0	164.0	252.0	178.0	186.0	200.0	158.0	197.0	197.0	204.0	170.0	222.0	175.0	264.0	178.0	254.0	249.0	262.0	206.0	285.0	221.0	296.0	220.0	363.0	185.0	0
68.0	202.0	64.0	218.0	89.0	198.0	155.0	159.0	134.0	177.0	171.0	213.0	169.0	239.0	160.0	258.0	176.0	183.0	197.0	153.0	193.0	194.0	202.0	166.0	225.0	172.0	275.0	176.0	260.0	252.0	270.0	206.0	293.0	222.0	309.0	222.0	381.0	185.0	0
73.0	201.0	70.0	216.0	96.0	198.0	157.0	163.0	138.0	180.0	173.0	212.0	171.0	236.0	163.0	253.0	179.0	185.0	200.0	156.0	198.0	197.0	204.0	168.0	223.0	173.0	266.0	177.0	259.0	249.0	266.0	207.0	287.0	220.0	300.0	220.0	370.0	184.0	0
78.0	201.0	74.0	216.0	98.0	198.0	156.0	164.0	140.0	179.0	174.0	214.0	172.0	237.0	162.0	253.0	179.0	185.0	202.0	157.0	195.0	196.0	205.0	170.0	224.0	175.0	263.0	177.0	252.0	249.0	260.0	206.0	282.0	221.0	295.0	221.0	363.0	184.0	0
74.0	199.0	69.0	214.0	98.0	196.0	158.0	164.0	141.0	179.0	172.0	214.0	170.0	237.0	160.0	254.0	179.0	185.0	199.0	157.0	195.0	197.0	205.0	170.0	224.0	175.0	272.0	178.0	252.0	251.0	263.0	206.0	282.0	219.0	298.0	220.0	363.0	185.0	0
76.0	201.0	72.0	216.0	97.0	198.0	159.0	164.0	142.0	178.0	176.0	213.0	172.0	236.0	161.0	253.0	182.0	185.0	200.0	158.0	196.0	195.0	203.0	171.0	226.0	177.0	269.0	179.0	255.0	249.0	265.0	207.0	284.0	220.0	300.0	220.0	363.0	185.0	0
76.0	201.0	73.0	215.0	98.0	198.0	157.0	165.0	139.0	180.0	174.0	213.0	172.0	235.0	164.0	252.0	177.0	186.0	199.0	159.0	195.0	197.0	203.0	171.0	225.0	176.0	263.0	179.0	255.0	247.0	265.0	207.0	283.0	219.0	298.0	219.0	365.0	186.0	0
77.0	200.0	73.0	215.0	99.0	198.0	158.0	163.0	140.0	178.0	175.0	211.0	171.0	234.0	163.0	251.0	178.0	185.0	201.0	158.0	197.0	197.0	206.0	170.0	225.0	175.0	264.0	177.0	257.0	247.0	266.0	206.0	284.0	218.0	296.0	217.0	366.0	185.0	0
78.0	200.0	73.0	214.0	98.0	197.0	157.0	165.0	139.0	181.0	174.0	213.0	172.0	236.0	165.0	252.0	176.0	185.0	200.0	157.0	195.0	197.0	205.0	171.0	226.0	176.0	271.0	180.0	252.0	246.0	262.0	205.0	282.0	218.0	298.0	218.0	360.0	186.0	0
76.0	202.0	75.0	218.0	92.0	199.0	156.0	162.0	139.0	178.0	173.0	214.0	170.0	237.0	162.0	254.0	177.0	185.0	197.0	157.0	195.0	196.0	202.0	169.0	225.0	175.0	269.0	178.0	259.0	251.0	264.0	206.0	287.0	221.0	300.0	220.0	361.0	184.0	0
76.0	200.0	71.0	216.0	100.0	198.0	157.0	165.0	141.0	180.0	172.0	212.0	169.0	233.0	161.0	250.0	179.0	186.0	197.0	159.0	195.0	196.0	201.0	170.0	226.0	176.0	270.0	178.0	255.0	246.0	265.0	206.0	285.0	219.0	298.0	219.0	358.0	184.0	0
71.0	200.0	68.0	216.0	96.0	197.0	159.0	163.0	142.0	178.0	174.0	212.0	170.0	236.0	162.0	254.0	180.0	184.0	200.0	157.0	199.0	196.0	205.0	169.0	226.0	175.0	268.0	177.0	257.0	250.0	262.0	205.0	285.0	221.0	298.0	220.0	362.0	184.0	0
73.0	201.0	69.0	217.0	95.0	198.0	157.0	162.0	140.0	177.0	172.0	213.0	171.0	236.0	162.0	254.0	181.0	184.0	200.0	156.0	193.0	193.0	204.0	169.0	223.0	174.0	268.0	176.0	259.0	249.0	267.0	206.0	290.0	221.0	301.0	221.0	367.0	185.0	0
74.0	202.0	69.0	216.0	96.0	199.0	153.0	165.0	138.0	179.0	174.0	213.0	172.0	237.0	165.0	254.0	177.0	185.0	200.0	157.0	195.0	196.0	203.0	169.0	225.0	174.0	267.0	177.0	260.0	248.0	264.0	205.0	288.0	219.0	301.0	219.0	368.0	183.0	0
79.0	200.0	76.0	214.0	98.0	198.0	160.0	164.0	142.0	179.0	174.0	211.0	171.0	233.0	162.0	250.0	181.0	186.0	200.0	158.0	197.0	196.0	204.0	170.0	225.0	176.0	266.0	179.0	251.0	249.0	261.0	206.0	283.0	220.0	296.0	219.0	362.0	186.0	0
76.0	201.0	72.0	216.0	96.0	198.0	155.0	165.0	139.0	179.0	173.0	212.0	171.0	235.0	164.0	252.0	178.0	186.0	198.0	159.0	196.0	197.0	201.0	170.0	221.0	175.0	267.0	178.0	256.0	247.0	263.0	206.0	285.0	219.0	299.0	219.0	362.0	184.0	0
75.0	201.0	72.0	217.0	97.0	199.0	157.0	163.0	140.0	178.0	175.0	213.0	173.0	235.0	165.0	253.0	181.0	185.0	201.0	157.0	197.0	196.0	207.0	170.0	225.0	176.0	266.0	178.0	255.0	248.0	261.0	206.0	283.0	220.0	297.0	220.0	363.0	186.0	0
77.0	201.0	73.0	215.0	97.0	199.0	158.0	164.0	140.0	179.0	174.0	214.0	172.0	237.0	164.0	253.0	178.0	186.0	198.0	158.0	195.0	197.0	204.0	171.0	225.0	176.0	264.0	179.0	256.0	250.0	262.0	205.0	285.0	220.0	298.0	220.0	361.0	184.0	0
76.0	200.0	74.0	216.0	99.0	197.0	158.0	163.0	142.0	178.0	175.0	213.0	171.0	234.0	160.0	251.0	182.0	186.0	200.0	159.0	197.0	196.0	204.0	170.0	227.0	176.0	273.0	178.0	257.0	249.0	265.0	207.0	287.0	220.0	302.0	220.0	362.0	183.0	0
77.0	198.0	51.0	224.0	73.0	213.0	160.0	163.0	143.0	178.0	174.0	235.0	176.0	212.0	166.0	251.0	99.0	196.0	180.0	185.0	197.0	197.0	206.0	163.0	227.0	175.0	272.0	178.0	256.0	248.0	265.0	207.0	285.0	220.0	299.0	221.0	365.0	186.0	0
75.0	200.0	72.0	216.0	92.0	198.0	157.0	164.0	139.0	179.0	173.0	213.0	171.0	236.0	163.0	253.0	178.0	185.0	199.0	158.0	194.0	196.0	203.0	170.0	223.0	175.0	266.0	177.0	255.0	249.0	263.0	207.0	283.0	220.0	296.0	220.0	362.0	185.0	0
73.0	201.0	69.0	216.0	96.0	197.0	156.0	165.0	139.0	178.0	174.0	213.0	172.0	235.0	163.0	253.0	178.0	186.0	199.0	159.0	193.0	197.0	202.0	170.0	224.0	176.0	268.0	178.0	258.0	249.0	263.0	205.0	286.0	219.0	300.0	219.0	364.0	184.0	0
74.0	200.0	69.0	215.0	98.0	197.0	155.0	164.0	139.0	178.0	173.0	212.0	171.0	235.0	162.0	254.0	179.0	186.0	198.0	157.0	196.0	196.0	204.0	169.0	226.0	174.0	268.0	176.0	257.0	250.0	266.0	206.0	286.0	220.0	302.0	221.0	365.0	181.0	0
75.0	201.0	70.0	216.0	97.0	198.0	158.0	163.0	141.0	178.0	174.0	213.0	171.0	236.0	161.0	253.0	182.0	185.0	201.0	157.0	196.0	195.0	205.0	169.0	226.0	175.0	264.0	178.0	256.0	250.0	263.0	205.0	288.0	221.0	300.0	221.0	363.0	185.0	0
73.0	199.0	69.0	216.0	99.0	196.0	158.0	164.0	141.0	179.0	175.0	212.0	173.0	235.0	164.0	254.0	181.0	186.0	202.0	159.0	201.0	198.0	206.0	171.0	228.0	176.0	266.0	178.0	258.0	248.0	266.0	207.0	286.0	220.0	301.0	220.0	366.0	183.0	0
76.0	200.0	72.0	215.0	100.0	196.0	158.0	164.0	141.0	178.0	173.0	213.0	168.0	236.0	160.0	253.0	180.0	186.0	199.0	158.0	197.0	198.0	204.0	170.0	228.0	177.0	269.0	179.0	254.0	248.0	264.0	207.0	282.0	221.0	296.0	220.0	361.0	186.0	0
73.0	200.0	69.0	215.0	94.0	198.0	158.0	163.0	139.0	178.0	173.0	213.0	172.0	237.0	164.0	254.0	183.0	186.0	202.0	157.0	196.0	196.0	205.0	169.0	228.0	175.0	269.0	178.0	257.0	249.0	265.0	207.0	287.0	221.0	299.0	220.0	368.0	186.0	0
70.0	201.0	67.0	217.0	90.0	198.0	155.0	163.0	137.0	178.0	173.0	214.0	171.0	238.0	163.0	256.0	182.0	185.0	200.0	156.0	198.0	197.0	205.0	169.0	225.0	174.0	267.0	177.0	258.0	250.0	265.0	207.0	288.0	221.0	303.0	221.0	367.0	184.0	0
73.0	200.0	71.0	215.0	96.0	197.0	155.0	165.0	139.0	179.0	174.0	212.0	172.0	233.0	164.0	251.0	182.0	186.0	201.0	159.0	196.0	196.0	205.0	171.0	227.0	176.0	269.0	179.0	255.0	247.0	264.0	205.0	284.0	218.0	297.0	218.0	363.0	185.0	0
77.0	199.0	72.0	214.0	97.0	197.0	157.0	163.0	139.0	179.0	175.0	213.0	172.0	237.0	162.0	254.0	178.0	185.0	200.0	156.0	196.0	197.0	205.0	169.0	226.0	174.0	266.0	177.0	258.0	251.0	265.0	207.0	287.0	221.0	299.0	221.0	366.0	181.0	0
71.0	201.0	68.0	216.0	94.0	197.0	158.0	163.0	141.0	178.0	172.0	211.0	170.0	235.0	161.0	252.0	176.0	183.0	201.0	157.0	196.0	196.0	205.0	169.0	229.0	176.0	265.0	178.0	255.0	248.0	266.0	208.0	284.0	220.0	298.0	220.0	364.0	186.0	0
72.0	200.0	68.0	215.0	95.0	198.0	156.0	164.0	141.0	178.0	175.0	212.0	171.0	235.0	162.0	252.0	181.0	186.0	199.0	159.0	198.0	196.0	203.0	171.0	228.0	177.0	269.0	180.0	255.0	247.0	265.0	207.0	286.0	219.0	299.0	219.0	365.0	185.0	0
79.0	201.0	76.0	217.0	97.0	198.0	159.0	163.0	141.0	178.0	175.0	212.0	173.0	235.0	163.0	252.0	180.0	185.0	199.0	157.0	197.0	196.0	204.0	169.0	223.0	174.0	266.0	178.0	253.0	248.0	259.0	204.0	282.0	219.0	297.0	220.0	362.0	186.0	0
71.0	200.0	67.0	215.0	92.0	197.0	157.0	163.0	141.0	178.0	174.0	212.0	171.0	235.0	161.0	252.0	179.0	183.0	204.0	156.0	199.0	196.0	208.0	169.0	231.0	175.0	272.0	178.0	260.0	250.0	266.0	206.0	287.0	220.0	301.0	220.0	370.0	187.0	0
76.0	202.0	72.0	217.0	95.0	199.0	156.0	164.0	140.0	179.0	172.0	212.0	169.0	236.0	162.0	251.0	178.0	185.0	200.0	157.0	194.0	195.0	203.0	169.0	225.0	174.0	269.0	178.0	260.0	248.0	270.0	209.0	288.0	220.0	301.0	220.0	369.0	185.0	0
68.0	200.0	65.0	217.0	93.0	197.0	154.0	162.0	137.0	178.0	172.0	214.0	168.0	237.0	160.0	256.0	179.0	185.0	199.0	155.0	196.0	197.0	204.0	169.0	226.0	174.0	274.0	177.0	259.0	251.0	267.0	206.0	289.0	220.0	305.0	221.0	377.0	185.0	0
73.0	201.0	69.0	215.0	96.0	199.0	159.0	163.0	143.0	178.0	173.0	213.0	169.0	234.0	161.0	252.0	179.0	185.0	200.0	158.0	195.0	196.0	203.0	170.0	225.0	176.0	268.0	179.0	254.0	249.0	265.0	207.0	284.0	220.0	299.0	221.0	364.0	185.0	0
80.0	201.0	76.0	217.0	98.0	198.0	155.0	163.0	138.0	179.0	174.0	213.0	171.0	236.0	162.0	252.0	179.0	184.0	199.0	157.0	200.0	196.0	203.0	169.0	224.0	175.0	264.0	177.0	254.0	249.0	264.0	207.0	286.0	220.0	299.0	221.0	360.0	185.0	0
75.0	200.0	72.0	214.0	98.0	197.0	160.0	162.0	140.0	178.0	173.0	214.0	171.0	237.0	160.0	254.0	180.0	185.0	201.0	157.0	195.0	196.0	206.0	169.0	227.0	174.0	265.0	176.0	256.0	251.0	266.0	208.0	288.0	221.0	301.0	221.0	368.0	183.0	0
76.0	201.0	74.0	216.0	99.0	198.0	154.0	164.0	139.0	180.0	175.0	213.0	173.0	237.0	164.0	253.0	178.0	186.0	199.0	158.0	198.0	198.0	202.0	170.0	221.0	175.0	265.0	176.0	259.0	249.0	267.0	207.0	287.0	220.0	300.0	219.0	366.0	183.0	0
64.0	199.0	58.0	214.0	87.0	197.0	152.0	161.0	133.0	177.0	169.0	214.0	167.0	238.0	160.0	257.0	176.0	185.0	200.0	155.0	193.0	197.0	204.0	168.0	228.0	174.0	274.0	177.0	260.0	251.0	269.0	207.0	289.0	221.0	304.0	220.0	382.0	184.0	0
76.0	199.0	72.0	215.0	97.0	197.0	160.0	162.0	144.0	177.0	173.0	213.0	169.0	236.0	160.0	253.0	181.0	185.0	202.0	157.0	195.0	196.0	207.0	169.0	226.0	174.0	269.0	177.0	253.0	251.0	261.0	207.0	282.0	221.0	295.0	221.0	363.0	185.0	0
76.0	201.0	73.0	217.0	100.0	198.0	157.0	164.0	140.0	179.0	176.0	212.0	173.0	235.0	165.0	253.0	180.0	185.0	200.0	158.0	199.0	196.0	205.0	169.0	224.0	174.0	264.0	177.0	258.0	248.0	262.0	204.0	284.0	218.0	297.0	218.0	365.0	186.0	0
77.0	199.0	73.0	214.0	97.0	197.0	156.0	164.0	140.0	179.0	174.0	214.0	170.0	235.0	163.0	251.0	181.0	186.0	201.0	159.0	198.0	198.0	205.0	171.0	227.0	176.0	264.0	178.0	256.0	249.0	263.0	206.0	285.0	220.0	297.0	219.0	361.0	184.0	0
68.0	200.0	65.0	216.0	91.0	197.0	156.0	162.0	140.0	177.0	171.0	212.0	168.0	236.0	159.0	253.0	180.0	185.0	202.0	156.0	197.0	197.0	207.0	170.0	227.0	175.0	268.0	177.0	253.0	251.0	267.0	208.0	287.0	222.0	300.0	222.0	368.0	184.0	0
76.0	201.0	73.0	215.0	98.0	199.0	156.0	165.0	139.0	180.0	172.0	213.0	170.0	235.0	163.0	251.0	178.0	186.0	201.0	159.0	193.0	196.0	204.0	171.0	225.0	176.0	266.0	178.0	258.0	248.0	264.0	207.0	286.0	220.0	298.0	220.0	364.0	185.0	0
74.0	201.0	70.0	216.0	97.0	198.0	158.0	164.0	140.0	179.0	174.0	213.0	171.0	236.0	164.0	252.0	179.0	186.0	201.0	159.0	196.0	197.0	205.0	170.0	227.0	176.0	268.0	179.0	257.0	247.0	264.0	206.0	284.0	219.0	297.0	219.0	362.0	186.0	0
79.0	201.0	74.0	214.0	100.0	199.0	158.0	165.0	141.0	180.0	173.0	213.0	172.0	237.0	166.0	253.0	181.0	187.0	200.0	158.0	193.0	195.0	204.0	170.0	225.0	175.0	264.0	178.0	255.0	247.0	264.0	206.0	283.0	219.0	297.0	219.0	365.0	186.0	0
77.0	201.0	75.0	216.0	97.0	198.0	158.0	164.0	141.0	179.0	175.0	213.0	173.0	235.0	162.0	251.0	178.0	185.0	199.0	157.0	198.0	196.0	203.0	169.0	226.0	175.0	268.0	178.0	256.0	249.0	262.0	205.0	286.0	220.0	300.0	220.0	366.0	186.0	0
76.0	200.0	73.0	215.0	99.0	198.0	158.0	165.0	142.0	178.0	174.0	212.0	170.0	235.0	161.0	251.0	179.0	186.0	200.0	158.0	198.0	197.0	204.0	170.0	226.0	176.0	264.0	179.0	254.0	250.0	262.0	206.0	281.0	220.0	295.0	220.0	362.0	186.0	0
76.0	201.0	72.0	216.0	99.0	198.0	159.0	162.0	142.0	178.0	174.0	213.0	170.0	235.0	161.0	252.0	178.0	185.0	199.0	157.0	197.0	198.0	203.0	169.0	226.0	175.0	267.0	178.0	253.0	248.0	265.0	207.0	281.0	219.0	295.0	219.0	365.0	188.0	0
78.0	201.0	75.0	216.0	102.0	198.0	159.0	164.0	143.0	179.0	174.0	213.0	170.0	234.0	162.0	251.0	179.0	185.0	197.0	158.0	198.0	197.0	202.0	170.0	222.0	175.0	269.0	177.0	258.0	248.0	265.0	206.0	286.0	219.0	299.0	218.0	363.0	185.0	0
69.0	199.0	60.0	213.0	93.0	196.0	157.0	163.0	139.0	178.0	172.0	214.0	168.0	236.0	159.0	253.0	184.0	187.0	202.0	157.0	196.0	196.0	206.0	170.0	227.0	176.0	271.0	179.0	262.0	250.0	266.0	206.0	291.0	221.0	306.0	221.0	371.0	183.0	0
78.0	201.0	75.0	216.0	100.0	199.0	159.0	165.0	141.0	179.0	172.0	213.0	170.0	235.0	162.0	252.0	182.0	187.0	198.0	159.0	196.0	196.0	201.0	170.0	224.0	177.0	264.0	178.0	259.0	247.0	261.0	205.0	286.0	220.0	299.0	219.0	365.0	183.0	0
77.0	200.0	74.0	217.0	99.0	197.0	159.0	163.0	143.0	177.0	173.0	213.0	171.0	236.0	161.0	254.0	181.0	185.0	200.0	157.0	196.0	195.0	204.0	170.0	223.0	175.0	266.0	178.0	254.0	250.0	263.0	207.0	283.0	221.0	299.0	220.0	364.0	183.0	0
74.0	199.0	71.0	214.0	94.0	196.0	157.0	164.0	141.0	178.0	172.0	212.0	169.0	235.0	160.0	251.0	177.0	186.0	200.0	159.0	193.0	196.0	204.0	171.0	224.0	176.0	266.0	179.0	254.0	248.0	263.0	207.0	281.0	219.0	295.0	219.0	364.0	187.0	0
71.0	201.0	66.0	213.0	95.0	199.0	158.0	163.0	137.0	180.0	173.0	214.0	170.0	236.0	162.0	253.0	181.0	186.0	203.0	158.0	196.0	196.0	206.0	170.0	226.0	175.0	271.0	178.0	256.0	249.0	269.0	207.0	287.0	220.0	300.0	220.0	368.0	185.0	0
79.0	201.0	73.0	216.0	100.0	199.0	157.0	164.0	140.0	179.0	172.0	213.0	170.0	235.0	161.0	252.0	178.0	186.0	199.0	158.0	193.0	196.0	203.0	170.0	226.0	176.0	264.0	178.0	254.0	249.0	263.0	206.0	285.0	220.0	298.0	220.0	363.0	185.0	0
76.0	202.0	72.0	216.0	99.0	199.0	156.0	164.0	140.0	179.0	174.0	212.0	171.0	234.0	163.0	253.0	179.0	187.0	200.0	158.0	195.0	197.0	203.0	170.0	225.0	176.0	267.0	178.0	257.0	247.0	262.0	206.0	284.0	220.0	301.0	220.0	368.0	185.0	0
74.0	201.0	70.0	216.0	98.0	198.0	157.0	164.0	140.0	179.0	175.0	212.0	171.0	235.0	164.0	252.0	182.0	186.0	202.0	158.0	199.0	198.0	206.0	170.0	228.0	175.0	265.0	177.0	258.0	249.0	265.0	208.0	283.0	220.0	298.0	220.0	368.0	186.0	0
76.0	200.0	71.0	215.0	97.0	198.0	159.0	164.0	143.0	178.0	174.0	213.0	171.0	236.0	163.0	253.0	180.0	186.0	199.0	158.0	196.0	196.0	203.0	171.0	225.0	176.0	267.0	178.0	254.0	249.0	264.0	207.0	287.0	220.0	300.0	220.0	366.0	185.0	0
74.0	200.0	70.0	216.0	95.0	198.0	158.0	163.0	142.0	178.0	173.0	213.0	170.0	235.0	161.0	252.0	180.0	185.0	201.0	157.0	197.0	195.0	205.0	169.0	227.0	174.0	268.0	177.0	256.0	249.0	268.0	207.0	289.0	221.0	301.0	220.0	366.0	183.0	0
76.0	201.0	72.0	216.0	95.0	198.0	156.0	164.0	139.0	179.0	173.0	213.0	170.0	235.0	162.0	253.0	179.0	185.0	200.0	157.0	197.0	196.0	205.0	170.0	228.0	176.0	274.0	178.0	255.0	249.0	268.0	207.0	287.0	220.0	301.0	220.0	366.0	185.0	0
71.0	200.0	67.0	215.0	92.0	197.0	156.0	162.0	139.0	177.0	172.0	214.0	169.0	238.0	159.0	256.0	181.0	185.0	202.0	155.0	196.0	197.0	206.0	168.0	226.0	173.0	267.0	176.0	256.0	252.0	267.0	209.0	285.0	221.0	300.0	220.0	372.0	185.0	0
76.0	201.0	72.0	217.0	96.0	199.0	156.0	162.0	138.0	179.0	172.0	213.0	171.0	236.0	162.0	253.0	179.0	184.0	199.0	157.0	195.0	196.0	203.0	168.0	225.0	174.0	266.0	177.0	253.0	247.0	264.0	206.0	284.0	219.0	301.0	220.0	368.0	186.0	0
78.0	201.0	73.0	215.0	99.0	197.0	159.0	165.0	141.0	180.0	175.0	214.0	173.0	234.0	163.0	251.0	182.0	186.0	203.0	159.0	195.0	195.0	207.0	170.0	227.0	176.0	262.0	178.0	254.0	246.0	264.0	208.0	281.0	219.0	294.0	218.0	362.0	186.0	0
79.0	200.0	74.0	216.0	98.0	198.0	157.0	164.0	141.0	179.0	175.0	212.0	171.0	235.0	161.0	252.0	178.0	186.0	198.0	158.0	195.0	197.0	202.0	170.0	222.0	176.0	268.0	178.0	253.0	250.0	264.0	207.0	285.0	220.0	299.0	220.0	361.0	183.0	0
76.0	200.0	73.0	216.0	96.0	198.0	159.0	164.0	140.0	179.0	175.0	212.0	171.0	235.0	162.0	252.0	178.0	185.0	201.0	157.0	195.0	196.0	205.0	169.0	228.0	175.0	267.0	178.0	255.0	249.0	264.0	207.0	283.0	219.0	297.0	219.0	364.0	187.0	0
74.0	201.0	70.0	215.0	96.0	198.0	156.0	164.0	138.0	179.0	175.0	212.0	171.0	235.0	163.0	252.0	177.0	185.0	199.0	158.0	198.0	197.0	203.0	170.0	225.0	176.0	266.0	177.0	261.0	248.0	265.0	206.0	289.0	220.0	305.0	219.0	368.0	182.0	0
77.0	199.0	74.0	214.0	101.0	197.0	160.0	165.0	140.0	180.0	175.0	213.0	173.0	234.0	165.0	252.0	183.0	186.0	201.0	160.0	196.0	196.0	205.0	171.0	227.0	177.0	269.0	179.0	256.0	247.0	263.0	206.0	281.0	219.0	295.0	219.0	357.0	182.0	0
72.0	200.0	69.0	214.0	92.0	197.0	157.0	163.0	138.0	178.0	174.0	213.0	170.0	237.0	160.0	253.0	179.0	185.0	199.0	157.0	195.0	197.0	202.0	169.0	226.0	175.0	268.0	178.0	255.0	249.0	265.0	206.0	285.0	219.0	298.0	219.0	366.0	184.0	0
76.0	201.0	73.0	215.0	97.0	198.0	155.0	165.0	140.0	179.0	175.0	214.0	172.0	237.0	164.0	252.0	181.0	187.0	201.0	158.0	198.0	196.0	204.0	170.0	228.0	176.0	269.0	178.0	255.0	249.0	264.0	206.0	285.0	220.0	299.0	220.0	363.0	185.0	0
76.0	201.0	73.0	216.0	96.0	198.0	157.0	164.0	141.0	178.0	173.0	212.0	170.0	236.0	161.0	254.0	178.0	185.0	203.0	158.0	198.0	196.0	207.0	170.0	226.0	174.0	267.0	177.0	253.0	250.0	264.0	207.0	283.0	220.0	298.0	220.0	364.0	187.0	0
74.0	201.0	71.0	217.0	98.0	197.0	155.0	165.0	143.0	177.0	175.0	213.0	171.0	234.0	163.0	252.0	183.0	185.0	200.0	158.0	198.0	196.0	205.0	171.0	226.0	176.0	272.0	178.0	259.0	248.0	264.0	204.0	289.0	220.0	302.0	220.0	365.0	184.0	0
79.0	200.0	76.0	216.0	100.0	197.0	157.0	164.0	139.0	179.0	175.0	213.0	171.0	235.0	162.0	251.0	180.0	186.0	201.0	159.0	198.0	198.0	206.0	170.0	228.0	175.0	269.0	178.0	258.0	249.0	265.0	207.0	285.0	220.0	297.0	219.0	365.0	185.0	0
77.0	201.0	73.0	215.0	97.0	199.0	159.0	163.0	143.0	178.0	175.0	213.0	172.0	237.0	163.0	253.0	179.0	184.0	201.0	157.0	197.0	195.0	204.0	169.0	224.0	175.0	266.0	177.0	257.0	250.0	265.0	207.0	286.0	221.0	299.0	220.0	363.0	183.0	0
75.0	200.0	71.0	215.0	97.0	197.0	155.0	163.0	139.0	179.0	174.0	213.0	171.0	236.0	162.0	254.0	178.0	184.0	201.0	157.0	197.0	196.0	205.0	169.0	227.0	174.0	271.0	176.0	255.0	250.0	266.0	206.0	286.0	220.0	301.0	220.0	368.0	184.0	0
69.0	202.0	64.0	216.0	90.0	199.0	156.0	162.0	137.0	179.0	174.0	214.0	173.0	238.0	164.0	256.0	179.0	185.0	201.0	155.0	197.0	196.0	205.0	168.0	226.0	174.0	268.0	176.0	260.0	251.0	266.0	207.0	289.0	220.0	303.0	220.0	372.0	185.0	0
69.0	201.0	66.0	217.0	93.0	198.0	155.0	163.0	139.0	178.0	173.0	213.0	171.0	237.0	162.0	254.0	176.0	184.0	199.0	156.0	197.0	196.0	204.0	169.0	225.0	175.0	270.0	177.0	260.0	250.0	268.0	206.0	290.0	220.0	304.0	219.0	373.0	184.0	0
75.0	200.0	73.0	215.0	97.0	197.0	158.0	163.0	141.0	178.0	174.0	212.0	169.0	234.0	160.0	252.0	180.0	185.0	200.0	158.0	196.0	196.0	203.0	169.0	226.0	176.0	270.0	178.0	257.0	250.0	264.0	207.0	286.0	221.0	300.0	220.0	363.0	183.0	0
80.0	200.0	75.0	216.0	101.0	197.0	161.0	163.0	145.0	178.0	175.0	213.0	170.0	235.0	161.0	251.0	183.0	185.0	199.0	157.0	198.0	196.0	204.0	170.0	224.0	175.0	262.0	177.0	252.0	248.0	262.0	207.0	284.0	221.0	297.0	221.0	357.0	185.0	0
75.0	200.0	71.0	215.0	98.0	198.0	159.0	163.0	143.0	179.0	175.0	214.0	170.0	235.0	162.0	253.0	181.0	186.0	198.0	157.0	197.0	196.0	203.0	169.0	224.0	175.0	264.0	177.0	258.0	251.0	267.0	208.0	287.0	221.0	299.0	220.0	368.0	184.0	0
68.0	200.0	64.0	216.0	92.0	197.0	155.0	162.0	136.0	178.0	174.0	213.0	171.0	237.0	162.0	255.0	177.0	184.0	200.0	156.0	197.0	196.0	204.0	168.0	224.0	174.0	265.0	175.0	260.0	251.0	269.0	208.0	289.0	220.0	304.0	220.0	372.0	181.0	0
74.0	200.0	70.0	216.0	98.0	197.0	158.0	163.0	143.0	177.0	174.0	212.0	171.0	236.0	161.0	254.0	183.0	185.0	201.0	158.0	197.0	196.0	205.0	171.0	225.0	176.0	263.0	179.0	257.0	249.0	260.0	205.0	285.0	220.0	298.0	220.0	367.0	186.0	0
72.0	200.0	71.0	216.0	94.0	198.0	158.0	163.0	139.0	178.0	174.0	213.0	172.0	236.0	162.0	253.0	177.0	184.0	199.0	156.0	197.0	197.0	203.0	168.0	225.0	174.0	267.0	177.0	255.0	248.0	261.0	205.0	283.0	220.0	296.0	220.0	367.0	186.0	0
72.0	200.0	68.0	216.0	91.0	198.0	156.0	161.0	138.0	177.0	173.0	213.0	171.0	237.0	162.0	256.0	181.0	185.0	201.0	156.0	199.0	196.0	206.0	168.0	226.0	173.0	267.0	176.0	259.0	250.0	266.0	206.0	288.0	221.0	303.0	220.0	373.0	184.0	0
77.0	200.0	74.0	216.0	98.0	198.0	160.0	164.0	142.0	179.0	176.0	213.0	173.0	237.0	165.0	254.0	182.0	186.0	202.0	158.0	196.0	195.0	205.0	171.0	226.0	176.0	262.0	178.0	256.0	248.0	262.0	207.0	282.0	220.0	296.0	220.0	360.0	183.0	0
75.0	201.0	71.0	216.0	97.0	198.0	157.0	163.0	140.0	179.0	171.0	214.0	169.0	236.0	162.0	253.0	179.0	186.0	198.0	158.0	194.0	196.0	202.0	171.0	223.0	176.0	267.0	178.0	256.0	249.0	264.0	207.0	284.0	220.0	297.0	219.0	361.0	186.0	0
69.0	201.0	66.0	217.0	95.0	198.0	159.0	161.0	142.0	176.0	174.0	212.0	170.0	235.0	161.0	254.0	181.0	184.0	200.0	156.0	197.0	196.0	204.0	168.0	226.0	174.0	270.0	177.0	257.0	250.0	264.0	207.0	284.0	220.0	298.0	220.0	368.0	185.0	0
78.0	202.0	75.0	217.0	99.0	199.0	157.0	163.0	142.0	179.0	176.0	213.0	173.0	236.0	163.0	253.0	176.0	185.0	200.0	157.0	195.0	197.0	204.0	169.0	224.0	174.0	265.0	176.0	256.0	251.0	264.0	206.0	287.0	221.0	300.0	221.0	365.0	183.0	0
76.0	201.0	72.0	216.0	100.0	198.0	156.0	164.0	138.0	180.0	175.0	212.0	172.0	234.0	165.0	252.0	180.0	185.0	199.0	157.0	197.0	195.0	203.0	168.0	225.0	173.0	268.0	177.0	256.0	249.0	266.0	205.0	288.0	219.0	303.0	220.0	364.0	184.0	0
80.0	199.0	76.0	212.0	99.0	197.0	159.0	165.0	141.0	180.0	173.0	212.0	170.0	234.0	161.0	249.0	181.0	187.0	201.0	160.0	195.0	196.0	205.0	171.0	223.0	175.0	267.0	178.0	254.0	246.0	263.0	206.0	285.0	221.0	298.0	220.0	359.0	185.0	0
76.0	199.0	72.0	214.0	96.0	197.0	160.0	165.0	143.0	179.0	174.0	213.0	172.0	235.0	163.0	252.0	183.0	187.0	200.0	159.0	198.0	197.0	205.0	171.0	228.0	177.0	265.0	179.0	256.0	248.0	263.0	207.0	282.0	220.0	297.0	219.0	363.0	187.0	0
76.0	200.0	72.0	216.0	100.0	197.0	158.0	164.0	141.0	180.0	175.0	213.0	173.0	236.0	164.0	253.0	179.0	186.0	199.0	158.0	196.0	197.0	203.0	170.0	226.0	176.0	267.0	178.0	257.0	250.0	262.0	205.0	285.0	220.0	299.0	220.0	365.0	183.0	0
77.0	201.0	73.0	216.0	98.0	199.0	159.0	163.0	141.0	178.0	175.0	213.0	172.0	236.0	163.0	252.0	178.0	185.0	199.0	158.0	198.0	197.0	204.0	170.0	225.0	175.0	267.0	178.0	256.0	248.0	262.0	205.0	286.0	220.0	300.0	220.0	360.0	184.0	0
72.0	202.0	67.0	216.0	92.0	199.0	154.0	162.0	137.0	178.0	170.0	213.0	168.0	237.0	160.0	253.0	180.0	186.0	198.0	157.0	194.0	196.0	203.0	170.0	224.0	174.0	267.0	176.0	255.0	249.0	265.0	206.0	286.0	220.0	299.0	221.0	370.0	187.0	0
74.0	200.0	72.0	215.0	99.0	197.0	158.0	163.0	142.0	178.0	174.0	213.0	170.0	236.0	161.0	252.0	180.0	185.0	200.0	157.0	197.0	197.0	205.0	170.0	226.0	175.0	268.0	178.0	255.0	248.0	261.0	204.0	284.0	220.0	297.0	219.0	363.0	185.0	0
74.0	202.0	70.0	216.0	98.0	199.0	156.0	164.0	139.0	179.0	176.0	214.0	171.0	237.0	163.0	253.0	178.0	186.0	200.0	157.0	198.0	198.0	203.0	169.0	226.0	174.0	266.0	176.0	258.0	250.0	265.0	206.0	287.0	220.0	302.0	219.0	365.0	183.0	0
77.0	200.0	72.0	215.0	100.0	197.0	158.0	164.0	144.0	177.0	173.0	212.0	173.0	236.0	163.0	254.0	179.0	184.0	201.0	157.0	196.0	195.0	204.0	170.0	225.0	176.0	263.0	177.0	251.0	249.0	263.0	206.0	283.0	220.0	297.0	220.0	364.0	184.0	0
76.0	201.0	73.0	216.0	100.0	197.0	156.0	165.0	142.0	179.0	175.0	212.0	170.0	234.0	162.0	251.0	179.0	186.0	200.0	158.0	198.0	198.0	205.0	171.0	227.0	176.0	270.0	178.0	256.0	249.0	264.0	206.0	284.0	219.0	299.0	219.0	367.0	185.0	0
78.0	201.0	74.0	215.0	100.0	198.0	160.0	166.0	141.0	180.0	175.0	213.0	173.0	235.0	166.0	252.0	184.0	187.0	201.0	160.0	195.0	196.0	204.0	171.0	224.0	175.0	265.0	178.0	258.0	247.0	261.0	206.0	284.0	220.0	299.0	219.0	367.0	187.0	0
83.0	197.0	52.0	220.0	78.0	210.0	165.0	162.0	146.0	178.0	177.0	233.0	180.0	211.0	169.0	249.0	105.0	195.0	187.0	185.0	202.0	195.0	211.0	164.0	234.0	176.0	273.0	179.0	261.0	247.0	272.0	207.0	291.0	221.0	305.0	222.0	373.0	190.0	0
78.0	200.0	73.0	213.0	102.0	197.0	163.0	164.0	147.0	178.0	175.0	213.0	171.0	234.0	163.0	250.0	180.0	186.0	202.0	159.0	197.0	198.0	207.0	171.0	225.0	176.0	267.0	180.0	254.0	247.0	260.0	207.0	280.0	219.0	293.0	219.0	360.0	186.0	0
79.0	200.0	74.0	215.0	96.0	198.0	157.0	164.0	140.0	179.0	174.0	213.0	172.0	236.0	162.0	252.0	180.0	186.0	199.0	158.0	197.0	198.0	203.0	170.0	226.0	176.0	268.0	179.0	258.0	248.0	264.0	205.0	287.0	220.0	300.0	219.0	363.0	184.0	0
77.0	200.0	72.0	214.0	99.0	197.0	160.0	163.0	144.0	178.0	175.0	213.0	171.0	236.0	161.0	254.0	180.0	185.0	199.0	159.0	199.0	198.0	202.0	170.0	222.0	175.0	265.0	177.0	256.0	251.0	264.0	207.0	283.0	220.0	298.0	219.0	364.0	183.0	0
74.0	200.0	70.0	216.0	95.0	199.0	160.0	162.0	141.0	178.0	174.0	213.0	170.0	236.0	161.0	253.0	180.0	184.0	202.0	156.0	198.0	197.0	207.0	169.0	226.0	174.0	266.0	177.0	254.0	251.0	265.0	208.0	283.0	222.0	298.0	222.0	368.0	184.0	0
72.0	199.0	69.0	215.0	97.0	197.0	158.0	163.0	141.0	178.0	174.0	214.0	171.0	237.0	162.0	253.0	179.0	185.0	202.0	157.0	198.0	197.0	205.0	169.0	226.0	174.0	266.0	177.0	257.0	249.0	262.0	206.0	285.0	220.0	300.0	221.0	369.0	185.0	0
74.0	200.0	70.0	215.0	94.0	198.0	159.0	162.0	140.0	177.0	175.0	213.0	172.0	236.0	162.0	254.0	180.0	185.0	200.0	156.0	195.0	195.0	204.0	169.0	227.0	175.0	267.0	178.0	256.0	250.0	262.0	206.0	285.0	220.0	299.0	220.0	362.0	183.0	0
79.0	200.0	74.0	214.0	100.0	198.0	157.0	166.0	140.0	180.0	174.0	212.0	171.0	233.0	163.0	251.0	179.0	186.0	200.0	159.0	196.0	197.0	204.0	170.0	224.0	175.0	269.0	178.0	254.0	246.0	264.0	207.0	283.0	220.0	297.0	220.0	364.0	186.0	0
75.0	201.0	72.0	215.0	98.0	199.0	156.0	164.0	140.0	179.0	173.0	212.0	172.0	235.0	163.0	252.0	179.0	184.0	202.0	158.0	195.0	196.0	206.0	170.0	227.0	175.0	265.0	178.0	255.0	247.0	264.0	205.0	284.0	220.0	298.0	219.0	366.0	186.0	0
74.0	202.0	69.0	216.0	97.0	198.0	157.0	164.0	139.0	179.0	174.0	212.0	172.0	236.0	162.0	253.0	179.0	185.0	198.0	158.0	196.0	196.0	202.0	170.0	223.0	175.0	268.0	178.0	258.0	249.0	266.0	206.0	286.0	220.0	302.0	220.0	366.0	182.0	0
73.0	199.0	68.0	213.0	94.0	197.0	158.0	163.0	139.0	178.0	174.0	213.0	172.0	237.0	162.0	255.0	181.0	186.0	204.0	157.0	197.0	197.0	208.0	170.0	228.0	176.0	264.0	178.0	254.0	250.0	262.0	207.0	281.0	220.0	295.0	220.0	364.0	185.0	0
73.0	199.0	69.0	215.0	98.0	197.0	158.0	162.0	140.0	177.0	174.0	213.0	170.0	236.0	161.0	254.0	182.0	185.0	202.0	156.0	197.0	196.0	207.0	169.0	224.0	174.0	269.0	177.0	255.0	249.0	267.0	209.0	284.0	220.0	297.0	220.0	366.0	186.0	0
75.0	200.0	70.0	215.0	96.0	198.0	158.0	162.0	141.0	177.0	173.0	213.0	170.0	236.0	162.0	254.0	179.0	184.0	203.0	157.0	197.0	197.0	207.0	170.0	225.0	175.0	267.0	178.0	255.0	251.0	262.0	206.0	285.0	222.0	299.0	221.0	364.0	184.0	0
75.0	201.0	71.0	215.0	92.0	199.0	158.0	163.0	139.0	179.0	176.0	217.0	170.0	237.0	161.0	254.0	179.0	184.0	201.0	158.0	201.0	198.0	204.0	169.0	225.0	175.0	265.0	178.0	261.0	248.0	264.0	207.0	284.0	219.0	297.0	217.0	365.0	190.0	0
63.0	201.0	58.0	217.0	90.0	197.0	152.0	161.0	136.0	176.0	169.0	213.0	168.0	237.0	157.0	257.0	180.0	185.0	199.0	154.0	195.0	196.0	204.0	167.0	226.0	173.0	272.0	177.0	257.0	251.0	267.0	206.0	290.0	220.0	303.0	221.0	382.0	190.0	0
79.0	201.0	75.0	215.0	99.0	199.0	154.0	167.0	138.0	181.0	176.0	212.0	172.0	234.0	163.0	250.0	180.0	187.0	198.0	160.0	198.0	198.0	201.0	171.0	226.0	178.0	265.0	179.0	257.0	248.0	262.0	205.0	287.0	219.0	299.0	219.0	365.0	184.0	0
76.0	200.0	73.0	216.0	97.0	197.0	157.0	164.0	139.0	179.0	173.0	213.0	169.0	236.0	161.0	253.0	178.0	185.0	200.0	157.0	196.0	197.0	204.0	170.0	225.0	176.0	266.0	178.0	254.0	249.0	266.0	209.0	283.0	220.0	298.0	221.0	359.0	184.0	0
69.0	199.0	67.0	217.0	94.0	196.0	157.0	163.0	138.0	178.0	175.0	214.0	171.0	237.0	164.0	256.0	180.0	185.0	201.0	157.0	200.0	198.0	204.0	169.0	227.0	175.0	270.0	178.0	261.0	250.0	263.0	206.0	287.0	221.0	302.0	220.0	372.0	182.0	0
73.0	200.0	68.0	216.0	95.0	198.0	158.0	162.0	141.0	177.0	175.0	214.0	172.0	237.0	162.0	256.0	180.0	185.0	202.0	156.0	197.0	196.0	205.0	169.0	226.0	175.0	267.0	178.0	260.0	251.0	262.0	206.0	288.0	221.0	301.0	220.0	367.0	183.0	0
77.0	201.0	73.0	216.0	98.0	198.0	160.0	163.0	143.0	178.0	175.0	213.0	172.0	235.0	163.0	254.0	179.0	185.0	199.0	156.0	195.0	195.0	204.0	168.0	224.0	174.0	266.0	177.0	254.0	247.0	265.0	207.0	284.0	219.0	297.0	219.0	361.0	187.0	0
79.0	200.0	76.0	216.0	100.0	197.0	160.0	163.0	143.0	178.0	176.0	214.0	171.0	237.0	163.0	253.0	182.0	184.0	203.0	157.0	198.0	196.0	206.0	169.0	225.0	175.0	264.0	178.0	257.0	250.0	263.0	207.0	283.0	220.0	296.0	220.0	359.0	185.0	0
79.0	199.0	74.0	214.0	101.0	197.0	160.0	164.0	145.0	177.0	174.0	212.0	170.0	233.0	161.0	251.0	183.0	186.0	202.0	159.0	198.0	196.0	206.0	171.0	227.0	177.0	268.0	180.0	253.0	249.0	265.0	208.0	281.0	220.0	295.0	220.0	361.0	186.0	0
75.0	200.0	71.0	215.0	98.0	197.0	157.0	163.0	139.0	178.0	174.0	212.0	171.0	235.0	162.0	252.0	180.0	185.0	202.0	157.0	196.0	196.0	206.0	169.0	226.0	175.0	263.0	178.0	255.0	247.0	262.0	206.0	283.0	220.0	296.0	219.0	363.0	187.0	0
73.0	199.0	68.0	213.0	94.0	197.0	155.0	163.0	138.0	179.0	174.0	213.0	171.0	236.0	160.0	255.0	176.0	184.0	199.0	157.0	197.0	197.0	204.0	168.0	223.0	173.0	266.0	175.0	257.0	251.0	267.0	207.0	286.0	220.0	301.0	220.0	368.0	182.0	0
74.0	201.0	70.0	216.0	95.0	198.0	160.0	162.0	139.0	178.0	173.0	213.0	171.0	237.0	162.0	254.0	181.0	185.0	201.0	156.0	196.0	196.0	205.0	169.0	226.0	175.0	264.0	176.0	258.0	251.0	266.0	208.0	288.0	222.0	301.0	222.0	365.0	184.0	0
70.0	199.0	67.0	215.0	94.0	197.0	158.0	163.0	140.0	177.0	170.0	213.0	166.0	235.0	157.0	252.0	180.0	185.0	201.0	158.0	197.0	197.0	205.0	170.0	228.0	176.0	268.0	179.0	253.0	252.0	265.0	209.0	283.0	222.0	298.0	221.0	370.0	185.0	0
75.0	200.0	70.0	214.0	97.0	198.0	157.0	163.0	141.0	179.0	174.0	214.0	170.0	236.0	163.0	252.0	180.0	186.0	200.0	158.0	198.0	197.0	205.0	169.0	225.0	175.0	267.0	178.0	256.0	248.0	266.0	206.0	287.0	219.0	301.0	219.0	365.0	184.0	0
77.0	200.0	71.0	213.0	98.0	197.0	160.0	164.0	142.0	179.0	175.0	215.0	171.0	237.0	163.0	253.0	179.0	185.0	202.0	158.0	195.0	196.0	205.0	169.0	224.0	175.0	263.0	178.0	257.0	250.0	262.0	207.0	284.0	221.0	299.0	221.0	362.0	183.0	0
73.0	198.0	70.0	213.0	98.0	197.0	158.0	164.0	142.0	179.0	175.0	214.0	173.0	237.0	164.0	254.0	177.0	185.0	202.0	158.0	198.0	198.0	206.0	170.0	226.0	175.0	264.0	176.0	255.0	252.0	269.0	207.0	286.0	219.0	299.0	219.0	364.0	182.0	0
77.0	201.0	73.0	216.0	100.0	199.0	157.0	166.0	141.0	179.0	174.0	212.0	173.0	234.0	165.0	251.0	177.0	185.0	200.0	160.0	197.0	196.0	202.0	171.0	224.0	177.0	263.0	178.0	254.0	245.0	264.0	207.0	281.0	219.0	296.0	219.0	360.0	186.0	0
76.0	202.0	71.0	217.0	97.0	199.0	158.0	163.0	141.0	178.0	171.0	213.0	168.0	236.0	158.0	252.0	176.0	185.0	198.0	157.0	192.0	196.0	203.0	170.0	222.0	175.0	267.0	178.0	259.0	249.0	261.0	204.0	288.0	221.0	302.0	221.0	367.0	186.0	0
77.0	201.0	73.0	215.0	95.0	199.0	157.0	165.0	138.0	180.0	174.0	211.0	173.0	234.0	164.0	252.0	178.0	186.0	199.0	158.0	194.0	195.0	203.0	170.0	223.0	175.0	268.0	177.0	257.0	249.0	264.0	205.0	287.0	219.0	301.0	220.0	365.0	184.0	0
74.0	201.0	69.0	216.0	97.0	199.0	156.0	165.0	141.0	179.0	174.0	213.0	172.0	234.0	165.0	252.0	180.0	185.0	201.0	159.0	199.0	197.0	205.0	170.0	225.0	176.0	269.0	179.0	260.0	247.0	263.0	205.0	285.0	218.0	300.0	218.0	367.0	188.0	0
78.0	200.0	74.0	214.0	99.0	197.0	161.0	164.0	142.0	179.0	174.0	212.0	171.0	235.0	163.0	252.0	181.0	186.0	200.0	158.0	197.0	196.0	204.0	170.0	226.0	175.0	270.0	177.0	257.0	248.0	265.0	207.0	286.0	219.0	298.0	219.0	364.0	184.0	0
75.0	200.0	70.0	215.0	96.0	197.0	157.0	161.0	141.0	176.0	172.0	213.0	171.0	238.0	161.0	255.0	181.0	184.0	205.0	155.0	198.0	196.0	208.0	168.0	229.0	175.0	266.0	178.0	253.0	251.0	261.0	206.0	284.0	222.0	298.0	222.0	366.0	185.0	0
75.0	201.0	71.0	216.0	98.0	197.0	158.0	162.0	140.0	178.0	174.0	212.0	170.0	234.0	161.0	252.0	184.0	185.0	202.0	156.0	199.0	196.0	205.0	168.0	226.0	174.0	267.0	177.0	255.0	248.0	266.0	207.0	285.0	220.0	302.0	221.0	370.0	187.0	0
79.0	200.0	75.0	214.0	100.0	197.0	159.0	164.0	140.0	180.0	175.0	213.0	172.0	235.0	164.0	252.0	179.0	185.0	201.0	158.0	197.0	196.0	206.0	170.0	229.0	176.0	268.0	178.0	259.0	249.0	264.0	206.0	286.0	220.0	300.0	220.0	366.0	183.0	0
78.0	202.0	75.0	216.0	96.0	199.0	155.0	165.0	139.0	179.0	174.0	211.0	174.0	234.0	166.0	252.0	179.0	187.0	199.0	159.0	195.0	197.0	204.0	171.0	226.0	176.0	267.0	179.0	258.0	247.0	265.0	205.0	284.0	218.0	299.0	217.0	366.0	185.0	0
76.0	202.0	73.0	217.0	97.0	198.0	158.0	163.0	142.0	179.0	174.0	212.0	169.0	234.0	160.0	251.0	178.0	184.0	201.0	157.0	200.0	196.0	205.0	169.0	229.0	175.0	268.0	178.0	258.0	250.0	267.0	206.0	290.0	221.0	303.0	221.0	366.0	187.0	0
73.0	201.0	69.0	215.0	96.0	198.0	157.0	162.0	140.0	178.0	173.0	213.0	171.0	236.0	163.0	253.0	180.0	185.0	201.0	156.0	196.0	197.0	205.0	169.0	227.0	175.0	271.0	178.0	259.0	248.0	266.0	206.0	287.0	220.0	302.0	219.0	371.0	184.0	0
70.0	200.0	67.0	216.0	95.0	198.0	156.0	163.0	141.0	178.0	173.0	213.0	170.0	236.0	160.0	254.0	180.0	186.0	199.0	156.0	197.0	196.0	204.0	168.0	227.0	175.0	269.0	177.0	257.0	251.0	266.0	207.0	288.0	221.0	303.0	221.0	368.0	183.0	0
76.0	200.0	72.0	215.0	98.0	197.0	158.0	165.0	142.0	179.0	172.0	213.0	168.0	235.0	160.0	251.0	178.0	186.0	198.0	159.0	194.0	197.0	202.0	169.0	225.0	175.0	264.0	177.0	253.0	249.0	263.0	207.0	283.0	220.0	298.0	219.0	362.0	184.0	0
83.0	200.0	79.0	216.0	100.0	197.0	158.0	164.0	142.0	179.0	176.0	213.0	172.0	236.0	163.0	252.0	180.0	185.0	202.0	158.0	199.0	198.0	204.0	170.0	223.0	176.0	260.0	178.0	256.0	248.0	258.0	206.0	282.0	220.0	295.0	219.0	358.0	184.0	0
77.0	199.0	71.0	214.0	100.0	197.0	160.0	163.0	141.0	179.0	173.0	212.0	170.0	235.0	161.0	252.0	183.0	187.0	202.0	157.0	196.0	196.0	206.0	170.0	230.0	176.0	267.0	178.0	257.0	249.0	265.0	208.0	287.0	222.0	299.0	221.0	368.0	185.0	0
72.0	202.0	68.0	217.0	96.0	199.0	154.0	163.0	137.0	179.0	174.0	214.0	171.0	237.0	162.0	254.0	177.0	184.0	199.0	156.0	200.0	197.0	203.0	168.0	224.0	174.0	267.0	176.0	257.0	251.0	265.0	207.0	286.0	221.0	300.0	221.0	369.0	183.0	0
74.0	201.0	70.0	217.0	95.0	199.0	155.0	161.0	138.0	177.0	173.0	213.0	171.0	239.0	163.0	257.0	177.0	184.0	200.0	155.0	195.0	197.0	203.0	167.0	223.0	173.0	267.0	176.0	255.0	251.0	263.0	206.0	286.0	220.0	300.0	221.0	369.0	183.0	0
75.0	202.0	71.0	217.0	93.0	199.0	154.0	164.0	138.0	178.0	173.0	213.0	171.0	236.0	162.0	254.0	179.0	185.0	199.0	157.0	197.0	197.0	204.0	169.0	224.0	174.0	265.0	176.0	254.0	249.0	265.0	207.0	286.0	221.0	300.0	220.0	365.0	184.0	0
74.0	201.0	69.0	216.0	95.0	198.0	156.0	163.0	141.0	177.0	174.0	214.0	171.0	237.0	162.0	255.0	180.0	184.0	200.0	156.0	196.0	195.0	204.0	169.0	224.0	174.0	272.0	177.0	258.0	250.0	265.0	206.0	286.0	219.0	302.0	219.0	372.0	186.0	0
68.0	200.0	64.0	215.0	92.0	197.0	154.0	162.0	137.0	178.0	172.0	214.0	170.0	237.0	160.0	256.0	177.0	184.0	199.0	156.0	194.0	196.0	203.0	168.0	226.0	173.0	275.0	176.0	259.0	251.0	268.0	206.0	290.0	219.0	306.0	218.0	379.0	184.0	0
73.0	201.0	67.0	216.0	95.0	198.0	156.0	162.0	138.0	178.0	173.0	214.0	171.0	236.0	159.0	253.0	178.0	185.0	200.0	156.0	196.0	197.0	204.0	168.0	229.0	175.0	268.0	178.0	257.0	253.0	268.0	208.0	289.0	221.0	301.0	222.0	371.0	184.0	0
72.0	200.0	67.0	214.0	98.0	197.0	159.0	163.0	143.0	178.0	175.0	214.0	171.0	236.0	163.0	254.0	177.0	184.0	201.0	157.0	196.0	196.0	205.0	169.0	227.0	175.0	267.0	177.0	259.0	250.0	265.0	206.0	286.0	220.0	299.0	219.0	367.0	184.0	0
76.0	200.0	73.0	216.0	98.0	198.0	158.0	163.0	141.0	178.0	176.0	213.0	174.0	236.0	162.0	255.0	179.0	184.0	199.0	156.0	199.0	197.0	205.0	169.0	226.0	174.0	265.0	176.0	259.0	252.0	265.0	207.0	287.0	221.0	301.0	221.0	369.0	183.0	0
80.0	201.0	76.0	215.0	99.0	199.0	156.0	164.0	141.0	180.0	175.0	213.0	172.0	233.0	164.0	250.0	179.0	186.0	199.0	158.0	195.0	196.0	202.0	171.0	224.0	176.0	267.0	179.0	256.0	247.0	263.0	206.0	283.0	220.0	296.0	219.0	361.0	186.0	0
74.0	201.0	71.0	217.0	98.0	198.0	158.0	163.0	140.0	179.0	175.0	214.0	173.0	236.0	164.0	253.0	177.0	185.0	201.0	157.0	198.0	198.0	205.0	169.0	226.0	175.0	267.0	177.0	257.0	249.0	266.0	206.0	286.0	219.0	300.0	220.0	367.0	186.0	0
76.0	201.0	72.0	217.0	98.0	198.0	156.0	163.0	141.0	179.0	172.0	213.0	170.0	237.0	163.0	254.0	180.0	185.0	200.0	157.0	196.0	195.0	203.0	168.0	223.0	174.0	269.0	178.0	258.0	250.0	264.0	207.0	285.0	221.0	300.0	221.0	362.0	184.0	0
74.0	200.0	69.0	214.0	94.0	198.0	157.0	162.0	140.0	177.0	175.0	214.0	171.0	237.0	162.0	254.0	178.0	184.0	201.0	157.0	198.0	196.0	204.0	168.0	224.0	174.0	270.0	177.0	257.0	250.0	267.0	208.0	286.0	220.0	300.0	220.0	365.0	182.0	0
74.0	201.0	70.0	216.0	97.0	198.0	157.0	163.0	141.0	178.0	173.0	211.0	170.0	235.0	160.0	252.0	180.0	185.0	200.0	157.0	196.0	195.0	203.0	169.0	222.0	174.0	269.0	178.0	254.0	249.0	264.0	206.0	286.0	220.0	299.0	220.0	367.0	186.0	0
77.0	200.0	74.0	216.0	97.0	197.0	159.0	163.0	141.0	178.0	173.0	213.0	169.0	234.0	160.0	252.0	179.0	185.0	201.0	157.0	196.0	196.0	204.0	169.0	224.0	175.0	266.0	177.0	255.0	250.0	263.0	206.0	284.0	221.0	299.0	221.0	365.0	186.0	0
76.0	201.0	72.0	216.0	97.0	198.0	156.0	164.0	139.0	179.0	174.0	212.0	174.0	235.0	167.0	253.0	177.0	185.0	201.0	158.0	196.0	196.0	205.0	170.0	227.0	175.0	269.0	177.0	260.0	247.0	266.0	205.0	286.0	219.0	301.0	219.0	368.0	185.0	0
78.0	201.0	74.0	216.0	95.0	198.0	158.0	164.0	142.0	178.0	173.0	212.0	171.0	235.0	161.0	252.0	180.0	185.0	200.0	158.0	193.0	194.0	204.0	170.0	225.0	175.0	268.0	178.0	256.0	250.0	261.0	206.0	284.0	221.0	299.0	220.0	364.0	187.0	0
74.0	200.0	69.0	217.0	95.0	198.0	160.0	162.0	139.0	179.0	174.0	214.0	171.0	236.0	161.0	254.0	183.0	186.0	202.0	157.0	194.0	195.0	207.0	169.0	226.0	174.0	269.0	178.0	256.0	251.0	261.0	205.0	286.0	221.0	303.0	221.0	368.0	186.0	0
76.0	201.0	73.0	215.0	94.0	198.0	159.0	164.0	141.0	179.0	174.0	212.0	172.0	236.0	163.0	253.0	183.0	186.0	200.0	158.0	195.0	196.0	205.0	170.0	223.0	176.0	264.0	177.0	258.0	250.0	266.0	208.0	285.0	221.0	301.0	221.0	365.0	183.0	0
77.0	202.0	74.0	215.0	97.0	199.0	159.0	163.0	140.0	180.0	175.0	213.0	172.0	235.0	162.0	251.0	180.0	185.0	202.0	158.0	197.0	196.0	205.0	169.0	226.0	175.0	267.0	178.0	257.0	249.0	265.0	207.0	284.0	220.0	295.0	220.0	364.0	186.0	0
73.0	201.0	68.0	215.0	96.0	198.0	155.0	164.0	138.0	178.0	172.0	212.0	171.0	236.0	163.0	254.0	180.0	186.0	200.0	158.0	197.0	197.0	203.0	169.0	227.0	175.0	267.0	177.0	258.0	247.0	268.0	207.0	285.0	219.0	299.0	219.0	366.0	186.0	0
75.0	200.0	70.0	215.0	93.0	198.0	158.0	164.0	140.0	179.0	172.0	213.0	171.0	235.0	163.0	253.0	180.0	186.0	200.0	158.0	196.0	197.0	203.0	170.0	224.0	176.0	269.0	178.0	258.0	247.0	265.0	205.0	287.0	218.0	300.0	218.0	368.0	185.0	0
75.0	201.0	71.0	216.0	95.0	198.0	158.0	163.0	141.0	177.0	175.0	213.0	170.0	236.0	161.0	252.0	180.0	184.0	201.0	158.0	198.0	196.0	205.0	169.0	225.0	175.0	267.0	177.0	258.0	250.0	264.0	206.0	289.0	221.0	303.0	221.0	366.0	183.0	0
72.0	201.0	70.0	216.0	95.0	198.0	159.0	162.0	141.0	177.0	172.0	212.0	169.0	236.0	160.0	254.0	180.0	184.0	200.0	156.0	196.0	195.0	204.0	169.0	227.0	174.0	267.0	177.0	253.0	251.0	266.0	207.0	287.0	221.0	301.0	221.0	365.0	185.0	0
74.0	200.0	68.0	215.0	96.0	198.0	160.0	163.0	140.0	178.0	173.0	214.0	170.0	237.0	162.0	254.0	179.0	185.0	202.0	157.0	197.0	196.0	204.0	168.0	227.0	174.0	271.0	177.0	255.0	249.0	267.0	207.0	287.0	220.0	301.0	221.0	365.0	184.0	0
73.0	200.0	70.0	215.0	98.0	197.0	157.0	165.0	142.0	178.0	173.0	212.0	171.0	236.0	161.0	253.0	185.0	187.0	199.0	159.0	196.0	196.0	205.0	171.0	226.0	176.0	267.0	178.0	256.0	249.0	265.0	206.0	285.0	219.0	299.0	219.0	364.0	185.0	0
77.0	201.0	75.0	217.0	99.0	197.0	158.0	163.0	143.0	177.0	173.0	212.0	169.0	235.0	159.0	253.0	180.0	184.0	201.0	157.0	196.0	195.0	203.0	169.0	225.0	175.0	267.0	178.0	257.0	248.0	263.0	207.0	285.0	221.0	299.0	221.0	368.0	187.0	0
72.0	199.0	68.0	216.0	97.0	197.0	160.0	161.0	140.0	178.0	173.0	213.0	170.0	237.0	160.0	255.0	178.0	184.0	203.0	155.0	197.0	196.0	207.0	168.0	226.0	174.0	266.0	177.0	255.0	250.0	265.0	207.0	284.0	221.0	301.0	222.0	368.0	185.0	0
73.0	201.0	70.0	216.0	92.0	198.0	158.0	162.0	141.0	176.0	173.0	214.0	170.0	237.0	162.0	255.0	177.0	183.0	201.0	156.0	197.0	196.0	204.0	167.0	225.0	173.0	269.0	177.0	256.0	251.0	264.0	206.0	286.0	221.0	300.0	222.0	367.0	185.0	0
74.0	200.0	69.0	215.0	96.0	198.0	155.0	164.0	137.0	178.0	173.0	214.0	169.0	237.0	161.0	253.0	179.0	186.0	199.0	157.0	198.0	198.0	202.0	169.0	224.0	174.0	269.0	176.0	254.0	248.0	267.0	207.0	285.0	219.0	299.0	220.0	370.0	186.0	0
77.0	200.0	74.0	215.0	99.0	197.0	160.0	163.0	142.0	179.0	174.0	212.0	171.0	236.0	163.0	253.0	179.0	185.0	203.0	157.0	198.0	197.0	207.0	169.0	225.0	174.0	267.0	176.0	257.0	249.0	264.0	208.0	286.0	222.0	299.0	221.0	365.0	185.0	0
65.0	200.0	61.0	216.0	89.0	198.0	154.0	162.0	138.0	177.0	175.0	214.0	172.0	238.0	162.0	257.0	180.0	184.0	201.0	155.0	197.0	196.0	207.0	168.0	229.0	173.0	270.0	175.0	261.0	252.0	269.0	206.0	294.0	221.0	309.0	221.0	377.0	183.0	0
67.0	201.0	60.0	216.0	91.0	197.0	156.0	161.0	140.0	176.0	172.0	214.0	170.0	238.0	161.0	258.0	181.0	185.0	200.0	155.0	195.0	195.0	206.0	168.0	229.0	174.0	267.0	177.0	258.0	252.0	267.0	207.0	289.0	221.0	304.0	221.0	375.0	184.0	0
76.0	200.0	72.0	215.0	97.0	197.0	158.0	163.0	139.0	179.0	173.0	212.0	170.0	234.0	162.0	251.0	180.0	185.0	199.0	159.0	197.0	197.0	204.0	171.0	226.0	176.0	267.0	178.0	256.0	249.0	266.0	207.0	284.0	218.0	296.0	218.0	364.0	186.0	0
76.0	200.0	72.0	215.0	95.0	199.0	156.0	163.0	137.0	179.0	172.0	213.0	170.0	236.0	162.0	253.0	180.0	186.0	201.0	156.0	196.0	196.0	206.0	170.0	226.0	175.0	267.0	177.0	254.0	249.0	264.0	207.0	283.0	220.0	297.0	221.0	365.0	186.0	0
73.0	202.0	70.0	216.0	97.0	199.0	157.0	165.0	139.0	181.0	175.0	212.0	173.0	233.0	165.0	251.0	179.0	186.0	201.0	159.0	196.0	197.0	205.0	170.0	227.0	176.0	268.0	179.0	257.0	246.0	264.0	206.0	283.0	218.0	298.0	219.0	368.0	189.0	0
74.0	200.0	71.0	215.0	94.0	197.0	157.0	163.0	139.0	178.0	174.0	214.0	171.0	237.0	162.0	255.0	178.0	186.0	201.0	157.0	196.0	198.0	206.0	170.0	227.0	176.0	268.0	179.0	259.0	252.0	267.0	208.0	287.0	220.0	301.0	219.0	366.0	183.0	0
73.0	202.0	69.0	216.0	94.0	199.0	155.0	163.0	139.0	178.0	174.0	212.0	172.0	236.0	162.0	254.0	179.0	185.0	199.0	157.0	194.0	196.0	204.0	170.0	224.0	175.0	270.0	177.0	257.0	249.0	263.0	205.0	286.0	220.0	301.0	219.0	367.0	186.0	0
76.0	203.0	72.0	217.0	99.0	199.0	156.0	165.0	139.0	181.0	174.0	211.0	171.0	233.0	164.0	250.0	180.0	187.0	199.0	159.0	195.0	197.0	202.0	171.0	226.0	177.0	268.0	179.0	257.0	246.0	263.0	206.0	285.0	219.0	298.0	219.0	361.0	186.0	0
77.0	201.0	72.0	215.0	98.0	198.0	159.0	164.0	141.0	178.0	175.0	213.0	171.0	236.0	164.0	252.0	180.0	185.0	202.0	159.0	196.0	196.0	206.0	171.0	226.0	177.0	268.0	179.0	255.0	247.0	262.0	207.0	281.0	220.0	293.0	219.0	360.0	187.0	0
73.0	198.0	70.0	214.0	97.0	196.0	156.0	164.0	141.0	179.0	173.0	213.0	172.0	235.0	163.0	253.0	182.0	186.0	201.0	157.0	196.0	196.0	204.0	169.0	227.0	174.0	271.0	177.0	257.0	249.0	264.0	207.0	285.0	220.0	300.0	219.0	365.0	183.0	0
79.0	200.0	77.0	215.0	100.0	197.0	159.0	166.0	143.0	180.0	175.0	212.0	171.0	233.0	163.0	250.0	181.0	187.0	201.0	160.0	196.0	198.0	205.0	172.0	227.0	177.0	262.0	179.0	255.0	247.0	262.0	206.0	281.0	220.0	295.0	219.0	361.0	187.0	0
66.0	200.0	63.0	217.0	89.0	196.0	153.0	161.0	133.0	177.0	171.0	213.0	167.0	237.0	158.0	255.0	178.0	185.0	197.0	155.0	198.0	197.0	204.0	168.0	228.0	174.0	275.0	177.0	264.0	253.0	271.0	206.0	295.0	222.0	311.0	222.0	377.0	179.0	0
72.0	201.0	69.0	216.0	94.0	198.0	155.0	162.0	136.0	179.0	172.0	213.0	170.0	236.0	161.0	254.0	179.0	185.0	200.0	156.0	196.0	197.0	204.0	169.0	229.0	175.0	271.0	178.0	259.0	249.0	266.0	206.0	288.0	220.0	303.0	220.0	368.0	187.0	0
74.0	201.0	71.0	217.0	95.0	198.0	155.0	163.0	139.0	179.0	174.0	213.0	172.0	237.0	162.0	254.0	178.0	185.0	198.0	157.0	196.0	197.0	202.0	169.0	222.0	174.0	267.0	176.0	259.0	249.0	267.0	207.0	287.0	220.0	301.0	220.0	368.0	184.0	0
61.0	198.0	57.0	213.0	87.0	196.0	155.0	160.0	137.0	177.0	170.0	213.0	165.0	237.0	156.0	256.0	180.0	185.0	202.0	155.0	197.0	198.0	206.0	168.0	227.0	175.0	271.0	177.0	263.0	254.0	268.0	208.0	292.0	222.0	307.0	222.0	378.0	182.0	0
77.0	200.0	73.0	215.0	99.0	196.0	158.0	164.0	141.0	178.0	174.0	212.0	171.0	235.0	161.0	252.0	177.0	184.0	200.0	158.0	198.0	198.0	205.0	170.0	227.0	176.0	267.0	179.0	255.0	249.0	262.0	208.0	282.0	220.0	297.0	220.0	358.0	183.0	0
72.0	199.0	67.0	214.0	95.0	197.0	158.0	164.0	140.0	180.0	172.0	213.0	170.0	236.0	161.0	253.0	181.0	187.0	200.0	158.0	195.0	197.0	205.0	170.0	228.0	177.0	269.0	179.0	255.0	248.0	263.0	207.0	283.0	220.0	301.0	220.0	364.0	184.0	0
77.0	200.0	73.0	216.0	96.0	198.0	158.0	164.0	142.0	178.0	175.0	212.0	172.0	235.0	164.0	253.0	179.0	186.0	199.0	159.0	198.0	197.0	203.0	170.0	223.0	175.0	264.0	177.0	255.0	247.0	263.0	206.0	284.0	219.0	298.0	219.0	365.0	185.0	0
76.0	200.0	70.0	214.0	102.0	197.0	159.0	163.0	143.0	179.0	173.0	214.0	170.0	237.0	163.0	253.0	178.0	185.0	201.0	157.0	197.0	197.0	205.0	170.0	225.0	175.0	263.0	178.0	255.0	250.0	262.0	207.0	282.0	220.0	296.0	220.0	361.0	184.0	0
74.0	201.0	71.0	216.0	96.0	198.0	156.0	164.0	140.0	179.0	173.0	213.0	170.0	235.0	162.0	252.0	179.0	186.0	199.0	158.0	195.0	197.0	203.0	170.0	226.0	176.0	270.0	177.0	257.0	250.0	266.0	207.0	289.0	221.0	305.0	222.0	366.0	179.0	0
72.0	201.0	69.0	216.0	95.0	198.0	157.0	163.0	142.0	177.0	174.0	212.0	169.0	235.0	161.0	252.0	181.0	185.0	201.0	157.0	195.0	195.0	205.0	168.0	227.0	174.0	266.0	177.0	257.0	250.0	267.0	207.0	288.0	221.0	299.0	221.0	366.0	184.0	0
75.0	199.0	72.0	214.0	95.0	196.0	158.0	164.0	143.0	177.0	173.0	212.0	170.0	236.0	160.0	252.0	181.0	186.0	203.0	158.0	196.0	196.0	206.0	169.0	229.0	176.0	267.0	178.0	259.0	250.0	266.0	207.0	287.0	220.0	300.0	220.0	365.0	184.0	0
74.0	200.0	69.0	215.0	97.0	198.0	156.0	164.0	140.0	179.0	176.0	213.0	174.0	236.0	165.0	254.0	182.0	185.0	200.0	157.0	198.0	196.0	204.0	169.0	225.0	175.0	265.0	176.0	258.0	248.0	265.0	205.0	286.0	219.0	302.0	219.0	370.0	184.0	0
75.0	201.0	71.0	217.0	95.0	198.0	159.0	164.0	143.0	179.0	172.0	214.0	167.0	236.0	160.0	252.0	181.0	186.0	201.0	158.0	196.0	197.0	205.0	170.0	225.0	176.0	265.0	179.0	255.0	249.0	262.0	206.0	285.0	221.0	297.0	220.0	363.0	189.0	0
75.0	200.0	70.0	215.0	96.0	198.0	159.0	163.0	141.0	179.0	174.0	214.0	171.0	236.0	163.0	254.0	179.0	186.0	198.0	157.0	198.0	198.0	202.0	170.0	224.0	176.0	261.0	178.0	258.0	250.0	263.0	205.0	285.0	220.0	298.0	220.0	363.0	184.0	0
72.0	199.0	69.0	215.0	94.0	197.0	157.0	164.0	141.0	178.0	175.0	213.0	172.0	236.0	161.0	253.0	179.0	185.0	201.0	157.0	200.0	197.0	205.0	170.0	226.0	175.0	267.0	178.0	256.0	250.0	263.0	204.0	288.0	220.0	303.0	219.0	371.0	184.0	0
77.0	201.0	73.0	215.0	97.0	199.0	158.0	164.0	140.0	179.0	173.0	212.0	172.0	235.0	163.0	251.0	178.0	185.0	200.0	158.0	195.0	197.0	204.0	170.0	223.0	175.0	265.0	178.0	254.0	247.0	264.0	207.0	284.0	220.0	297.0	220.0	363.0	185.0	0
69.0	200.0	66.0	216.0	87.0	198.0	156.0	160.0	136.0	177.0	173.0	214.0	170.0	239.0	161.0	257.0	178.0	184.0	201.0	155.0	197.0	196.0	205.0	167.0	226.0	173.0	273.0	176.0	262.0	253.0	269.0	207.0	291.0	221.0	304.0	221.0	374.0	183.0	0
77.0	199.0	74.0	214.0	96.0	197.0	159.0	163.0	138.0	179.0	171.0	215.0	168.0	237.0	157.0	254.0	177.0	186.0	199.0	157.0	198.0	198.0	203.0	170.0	226.0	174.0	268.0	176.0	258.0	249.0	268.0	207.0	287.0	219.0	301.0	219.0	371.0	183.0	0
78.0	199.0	74.0	214.0	102.0	197.0	161.0	161.0	143.0	178.0	174.0	213.0	171.0	236.0	161.0	252.0	181.0	185.0	202.0	156.0	197.0	197.0	207.0	169.0	227.0	175.0	265.0	177.0	254.0	250.0	263.0	208.0	282.0	220.0	296.0	220.0	364.0	184.0	0
74.0	200.0	71.0	215.0	98.0	198.0	158.0	164.0	140.0	179.0	172.0	213.0	171.0	236.0	162.0	253.0	179.0	185.0	201.0	159.0	197.0	197.0	204.0	171.0	224.0	176.0	264.0	177.0	258.0	248.0	266.0	207.0	288.0	220.0	301.0	220.0	367.0	183.0	0
77.0	199.0	72.0	215.0	97.0	197.0	158.0	163.0	141.0	178.0	172.0	212.0	171.0	236.0	163.0	254.0	182.0	186.0	200.0	157.0	195.0	196.0	205.0	170.0	228.0	176.0	268.0	178.0	253.0	249.0	264.0	207.0	285.0	221.0	300.0	222.0	367.0	184.0	0
73.0	201.0	68.0	216.0	92.0	198.0	158.0	161.0	138.0	178.0	174.0	212.0	169.0	235.0	160.0	254.0	180.0	185.0	200.0	155.0	196.0	195.0	205.0	167.0	228.0	174.0	278.0	178.0	257.0	251.0	263.0	206.0	287.0	222.0	304.0	222.0	374.0	185.0	0
73.0	201.0	69.0	217.0	92.0	198.0	157.0	162.0	141.0	177.0	172.0	214.0	168.0	237.0	159.0	254.0	181.0	184.0	200.0	156.0	197.0	196.0	205.0	168.0	225.0	174.0	270.0	177.0	258.0	251.0	265.0	207.0	288.0	222.0	301.0	222.0	368.0	187.0	0
76.0	201.0	71.0	216.0	99.0	197.0	157.0	162.0	140.0	178.0	174.0	211.0	171.0	235.0	161.0	253.0	179.0	184.0	201.0	156.0	196.0	195.0	205.0	168.0	228.0	174.0	269.0	177.0	257.0	250.0	265.0	206.0	288.0	220.0	302.0	220.0	367.0	185.0	0
71.0	201.0	67.0	216.0	92.0	199.0	156.0	162.0	139.0	177.0	173.0	213.0	170.0	238.0	160.0	255.0	179.0	184.0	200.0	155.0	196.0	194.0	205.0	167.0	226.0	174.0	270.0	177.0	256.0	250.0	264.0	206.0	286.0	221.0	301.0	221.0	367.0	186.0	0
75.0	201.0	71.0	216.0	97.0	198.0	157.0	162.0	140.0	178.0	176.0	213.0	172.0	235.0	162.0	253.0	180.0	185.0	199.0	156.0	199.0	197.0	204.0	169.0	226.0	175.0	269.0	178.0	256.0	248.0	261.0	205.0	286.0	220.0	300.0	220.0	366.0	185.0	0
79.0	202.0	75.0	216.0	101.0	198.0	158.0	166.0	143.0	179.0	175.0	212.0	174.0	234.0	166.0	251.0	181.0	186.0	199.0	159.0	195.0	195.0	203.0	170.0	227.0	176.0	263.0	178.0	254.0	247.0	263.0	206.0	282.0	219.0	297.0	218.0	359.0	185.0	0
72.0	201.0	69.0	216.0	94.0	198.0	159.0	163.0	145.0	176.0	174.0	211.0	170.0	234.0	159.0	252.0	181.0	184.0	201.0	157.0	197.0	194.0	205.0	169.0	230.0	175.0	271.0	179.0	253.0	250.0	265.0	206.0	285.0	221.0	298.0	221.0	362.0	185.0	0
76.0	200.0	72.0	214.0	95.0	197.0	159.0	163.0	143.0	178.0	174.0	212.0	171.0	236.0	163.0	253.0	177.0	185.0	201.0	158.0	195.0	196.0	206.0	170.0	226.0	176.0	264.0	177.0	257.0	248.0	265.0	208.0	283.0	220.0	296.0	219.0	366.0	185.0	0
78.0	201.0	73.0	215.0	99.0	197.0	158.0	162.0	141.0	178.0	174.0	213.0	171.0	236.0	162.0	253.0	182.0	185.0	202.0	157.0	195.0	195.0	205.0	169.0	227.0	176.0	263.0	179.0	251.0	248.0	260.0	206.0	280.0	219.0	294.0	219.0	365.0	187.0	0
73.0	200.0	69.0	216.0	95.0	197.0	156.0	163.0	138.0	179.0	173.0	213.0	168.0	235.0	160.0	251.0	177.0	185.0	198.0	158.0	197.0	197.0	202.0	170.0	224.0	176.0	267.0	178.0	255.0	248.0	263.0	206.0	285.0	221.0	300.0	221.0	366.0	184.0	0
72.0	201.0	69.0	216.0	96.0	198.0	157.0	164.0	139.0	179.0	174.0	213.0	170.0	236.0	162.0	253.0	182.0	186.0	201.0	157.0	198.0	197.0	206.0	170.0	227.0	176.0	264.0	178.0	257.0	248.0	263.0	207.0	283.0	219.0	297.0	219.0	367.0	186.0	0
71.0	201.0	67.0	216.0	90.0	198.0	155.0	162.0	136.0	179.0	172.0	214.0	169.0	237.0	162.0	256.0	179.0	185.0	202.0	156.0	196.0	196.0	207.0	168.0	230.0	174.0	270.0	176.0	256.0	251.0	271.0	209.0	290.0	220.0	303.0	220.0	370.0	184.0	0
73.0	200.0	69.0	215.0	97.0	198.0	156.0	163.0	139.0	179.0	173.0	212.0	172.0	236.0	163.0	254.0	178.0	185.0	200.0	157.0	197.0	198.0	204.0	170.0	225.0	175.0	266.0	176.0	255.0	251.0	264.0	207.0	285.0	221.0	299.0	221.0	365.0	182.0	0
77.0	201.0	73.0	216.0	95.0	199.0	157.0	165.0	140.0	179.0	177.0	213.0	174.0	236.0	165.0	253.0	179.0	186.0	202.0	158.0	195.0	196.0	205.0	169.0	227.0	175.0	267.0	177.0	258.0	249.0	264.0	205.0	286.0	220.0	299.0	219.0	363.0	184.0	0
72.0	201.0	68.0	216.0	93.0	198.0	156.0	162.0	137.0	177.0	172.0	214.0	169.0	238.0	162.0	253.0	178.0	184.0	201.0	155.0	196.0	196.0	205.0	168.0	230.0	174.0	269.0	177.0	258.0	251.0	270.0	209.0	286.0	221.0	302.0	222.0	375.0	186.0	0
76.0	201.0	73.0	216.0	99.0	198.0	157.0	164.0	141.0	179.0	174.0	212.0	171.0	234.0	162.0	251.0	181.0	186.0	199.0	159.0	200.0	198.0	203.0	170.0	225.0	176.0	266.0	178.0	255.0	247.0	263.0	205.0	283.0	219.0	298.0	219.0	365.0	187.0	0
79.0	199.0	74.0	216.0	100.0	198.0	160.0	164.0	143.0	179.0	174.0	212.0	170.0	234.0	161.0	250.0	183.0	186.0	200.0	158.0	198.0	196.0	204.0	170.0	226.0	176.0	269.0	179.0	251.0	247.0	262.0	207.0	282.0	220.0	296.0	220.0	360.0	184.0	0
76.0	200.0	72.0	215.0	99.0	197.0	158.0	164.0	142.0	179.0	174.0	212.0	171.0	235.0	162.0	252.0	181.0	186.0	200.0	158.0	197.0	196.0	203.0	171.0	226.0	176.0	266.0	178.0	255.0	248.0	263.0	206.0	284.0	219.0	298.0	219.0	365.0	185.0	0
75.0	201.0	71.0	216.0	97.0	199.0	158.0	164.0	142.0	178.0	174.0	214.0	172.0	236.0	163.0	253.0	180.0	185.0	202.0	158.0	196.0	195.0	206.0	170.0	225.0	174.0	267.0	177.0	254.0	249.0	263.0	206.0	286.0	221.0	298.0	221.0	364.0	187.0	0
71.0	200.0	66.0	216.0	95.0	197.0	154.0	163.0	138.0	179.0	173.0	214.0	171.0	238.0	163.0	256.0	179.0	185.0	200.0	157.0	198.0	198.0	204.0	170.0	227.0	176.0	265.0	177.0	258.0	251.0	266.0	207.0	287.0	220.0	301.0	219.0	369.0	183.0	0
73.0	200.0	68.0	215.0	94.0	197.0	160.0	161.0	139.0	178.0	174.0	214.0	172.0	239.0	163.0	257.0	178.0	184.0	200.0	155.0	197.0	197.0	204.0	168.0	227.0	175.0	269.0	176.0	258.0	250.0	265.0	206.0	285.0	220.0	300.0	220.0	367.0	183.0	0
77.0	200.0	72.0	215.0	99.0	198.0	160.0	163.0	142.0	178.0	173.0	213.0	170.0	237.0	162.0	254.0	181.0	186.0	201.0	157.0	195.0	195.0	205.0	170.0	225.0	175.0	263.0	178.0	253.0	249.0	263.0	209.0	283.0	222.0	296.0	221.0	364.0	185.0	0
75.0	200.0	71.0	216.0	98.0	197.0	157.0	162.0	139.0	179.0	173.0	213.0	171.0	237.0	162.0	255.0	177.0	184.0	202.0	157.0	196.0	196.0	206.0	169.0	229.0	176.0	268.0	178.0	256.0	250.0	265.0	207.0	285.0	221.0	299.0	220.0	366.0	182.0	0
76.0	200.0	71.0	216.0	96.0	197.0	154.0	164.0	136.0	179.0	176.0	213.0	172.0	236.0	164.0	254.0	181.0	186.0	199.0	159.0	198.0	196.0	204.0	170.0	223.0	175.0	262.0	176.0	261.0	250.0	267.0	206.0	290.0	219.0	303.0	219.0	362.0	179.0	0
78.0	201.0	74.0	217.0	98.0	199.0	155.0	164.0	141.0	177.0	171.0	212.0	170.0	236.0	163.0	253.0	187.0	186.0	197.0	158.0	195.0	194.0	203.0	170.0	224.0	175.0	263.0	178.0	252.0	249.0	262.0	205.0	282.0	219.0	298.0	220.0	362.0	188.0	0
73.0	200.0	71.0	217.0	97.0	198.0	155.0	162.0	135.0	179.0	174.0	212.0	172.0	235.0	162.0	253.0	184.0	186.0	198.0	155.0	198.0	195.0	204.0	168.0	225.0	173.0	269.0	176.0	255.0	250.0	266.0	206.0	288.0	220.0	300.0	219.0	364.0	185.0	0
75.0	201.0	74.0	216.0	98.0	197.0	159.0	164.0	142.0	179.0	173.0	211.0	171.0	234.0	163.0	252.0	178.0	185.0	200.0	159.0	197.0	197.0	204.0	170.0	227.0	176.0	267.0	178.0	257.0	248.0	263.0	206.0	284.0	220.0	301.0	220.0	366.0	184.0	0
74.0	201.0	71.0	215.0	94.0	198.0	157.0	165.0	140.0	179.0	172.0	213.0	169.0	235.0	161.0	251.0	178.0	185.0	200.0	159.0	198.0	198.0	204.0	171.0	227.0	177.0	267.0	179.0	258.0	248.0	262.0	206.0	284.0	220.0	300.0	220.0	365.0	183.0	0
79.0	201.0	77.0	216.0	99.0	198.0	156.0	164.0	139.0	179.0	174.0	212.0	171.0	235.0	165.0	252.0	176.0	185.0	198.0	159.0	193.0	196.0	200.0	169.0	223.0	176.0	267.0	177.0	256.0	247.0	263.0	205.0	285.0	219.0	299.0	219.0	365.0	184.0	0
76.0	200.0	71.0	215.0	94.0	198.0	158.0	164.0	139.0	178.0	176.0	214.0	173.0	236.0	163.0	253.0	180.0	186.0	202.0	158.0	198.0	197.0	205.0	170.0	228.0	176.0	267.0	179.0	256.0	250.0	264.0	206.0	285.0	220.0	299.0	219.0	362.0	184.0	0
73.0	201.0	68.0	216.0	94.0	198.0	157.0	162.0	140.0	177.0	173.0	213.0	169.0	238.0	162.0	256.0	177.0	184.0	201.0	155.0	196.0	196.0	204.0	168.0	227.0	174.0	270.0	178.0	257.0	250.0	264.0	205.0	287.0	221.0	301.0	221.0	369.0	186.0	0
77.0	201.0	74.0	216.0	98.0	198.0	157.0	165.0	143.0	179.0	174.0	213.0	172.0	236.0	165.0	252.0	179.0	185.0	200.0	158.0	196.0	197.0	204.0	171.0	224.0	176.0	266.0	177.0	256.0	249.0	262.0	206.0	283.0	220.0	299.0	220.0	365.0	183.0	0
73.0	200.0	69.0	217.0	96.0	198.0	157.0	162.0	139.0	179.0	174.0	213.0	171.0	236.0	162.0	254.0	178.0	185.0	199.0	157.0	197.0	196.0	203.0	169.0	223.0	173.0	267.0	175.0	256.0	251.0	268.0	208.0	289.0	221.0	304.0	222.0	366.0	183.0	0
78.0	201.0	75.0	215.0	99.0	198.0	158.0	164.0	139.0	180.0	175.0	215.0	172.0	236.0	162.0	253.0	181.0	187.0	198.0	157.0	196.0	196.0	204.0	169.0	225.0	174.0	265.0	177.0	253.0	249.0	264.0	207.0	283.0	220.0	296.0	220.0	360.0	184.0	0
79.0	200.0	76.0	215.0	98.0	198.0	157.0	163.0	139.0	179.0	175.0	213.0	171.0	235.0	163.0	252.0	176.0	185.0	200.0	157.0	198.0	197.0	204.0	169.0	225.0	175.0	263.0	178.0	257.0	247.0	261.0	207.0	282.0	220.0	295.0	220.0	363.0	187.0	0
73.0	201.0	69.0	216.0	95.0	198.0	159.0	163.0	140.0	178.0	173.0	213.0	171.0	236.0	162.0	254.0	181.0	185.0	201.0	158.0	196.0	196.0	205.0	169.0	225.0	175.0	266.0	176.0	259.0	248.0	264.0	207.0	286.0	221.0	299.0	220.0	372.0	184.0	0
71.0	201.0	65.0	215.0	95.0	198.0	159.0	163.0	142.0	179.0	173.0	214.0	169.0	237.0	161.0	255.0	176.0	185.0	201.0	156.0	196.0	197.0	206.0	169.0	226.0	175.0	271.0	178.0	259.0	250.0	269.0	208.0	287.0	220.0	302.0	220.0	373.0	185.0	0
77.0	201.0	73.0	216.0	98.0	198.0	158.0	163.0	141.0	178.0	174.0	213.0	171.0	235.0	162.0	252.0	182.0	186.0	201.0	158.0	198.0	196.0	206.0	171.0	227.0	176.0	269.0	179.0	252.0	248.0	264.0	206.0	283.0	220.0	297.0	220.0	360.0	186.0	0
68.0	201.0	64.0	217.0	91.0	198.0	156.0	162.0	139.0	178.0	173.0	214.0	170.0	237.0	163.0	256.0	177.0	185.0	198.0	155.0	197.0	197.0	202.0	168.0	225.0	174.0	266.0	176.0	262.0	250.0	269.0	206.0	289.0	220.0	306.0	219.0	375.0	183.0	0
75.0	201.0	71.0	215.0	97.0	198.0	157.0	165.0	140.0	179.0	173.0	212.0	174.0	235.0	166.0	252.0	178.0	186.0	200.0	159.0	195.0	197.0	203.0	171.0	225.0	175.0	268.0	178.0	257.0	248.0	266.0	207.0	283.0	218.0	299.0	219.0	364.0	186.0	0
75.0	200.0	72.0	215.0	100.0	198.0	157.0	165.0	141.0	180.0	173.0	211.0	171.0	233.0	160.0	250.0	180.0	186.0	199.0	159.0	195.0	195.0	203.0	171.0	223.0	175.0	268.0	178.0	254.0	248.0	264.0	207.0	287.0	221.0	300.0	220.0	363.0	183.0	0
71.0	201.0	69.0	217.0	93.0	198.0	154.0	163.0	137.0	178.0	173.0	214.0	171.0	237.0	164.0	254.0	180.0	185.0	198.0	156.0	193.0	196.0	202.0	169.0	226.0	175.0	269.0	176.0	263.0	250.0	268.0	206.0	292.0	221.0	307.0	221.0	375.0	181.0	0
76.0	200.0	73.0	215.0	100.0	197.0	158.0	164.0	140.0	179.0	175.0	213.0	170.0	235.0	162.0	251.0	179.0	186.0	201.0	159.0	197.0	198.0	205.0	170.0	225.0	175.0	266.0	177.0	255.0	248.0	263.0	206.0	284.0	220.0	298.0	219.0	363.0	186.0	0
76.0	202.0	74.0	216.0	100.0	198.0	158.0	166.0	143.0	179.0	173.0	212.0	172.0	234.0	164.0	250.0	183.0	187.0	201.0	159.0	196.0	197.0	205.0	171.0	227.0	177.0	266.0	179.0	254.0	248.0	261.0	205.0	283.0	220.0	297.0	221.0	358.0	185.0	0
73.0	201.0	69.0	215.0	95.0	197.0	158.0	162.0	139.0	179.0	173.0	213.0	170.0	235.0	161.0	254.0	177.0	185.0	199.0	156.0	196.0	197.0	203.0	169.0	224.0	175.0	268.0	178.0	256.0	249.0	266.0	207.0	287.0	221.0	300.0	220.0	370.0	183.0	0
73.0	200.0	69.0	214.0	93.0	197.0	157.0	163.0	139.0	178.0	172.0	213.0	169.0	236.0	161.0	253.0	181.0	185.0	201.0	158.0	196.0	197.0	203.0	170.0	226.0	176.0	267.0	177.0	257.0	249.0	268.0	208.0	287.0	220.0	301.0	220.0	371.0	184.0	0
78.0	200.0	74.0	215.0	99.0	197.0	160.0	164.0	143.0	178.0	174.0	212.0	172.0	235.0	163.0	252.0	181.0	186.0	200.0	159.0	197.0	196.0	205.0	170.0	225.0	175.0	266.0	178.0	253.0	248.0	262.0	205.0	285.0	219.0	298.0	220.0	360.0	184.0	0
75.0	201.0	71.0	215.0	96.0	198.0	155.0	163.0	138.0	179.0	174.0	213.0	172.0	236.0	163.0	253.0	178.0	185.0	200.0	157.0	195.0	196.0	205.0	169.0	226.0	175.0	272.0	177.0	253.0	250.0	264.0	207.0	285.0	219.0	298.0	219.0	365.0	184.0	0
76.0	202.0	74.0	217.0	100.0	199.0	158.0	167.0	141.0	180.0	173.0	214.0	171.0	235.0	163.0	251.0	179.0	187.0	197.0	161.0	196.0	197.0	201.0	173.0	223.0	178.0	264.0	179.0	260.0	245.0	261.0	205.0	283.0	219.0	297.0	218.0	360.0	185.0	0
76.0	201.0	71.0	215.0	100.0	199.0	157.0	165.0	140.0	180.0	174.0	211.0	172.0	233.0	165.0	249.0	182.0	186.0	200.0	158.0	195.0	195.0	207.0	171.0	228.0	176.0	269.0	179.0	254.0	246.0	263.0	206.0	284.0	219.0	298.0	219.0	362.0	188.0	0
72.0	198.0	68.0	213.0	98.0	196.0	158.0	164.0	145.0	177.0	172.0	212.0	170.0	235.0	161.0	253.0	183.0	186.0	200.0	158.0	196.0	197.0	204.0	170.0	226.0	176.0	269.0	180.0	254.0	248.0	262.0	206.0	285.0	219.0	298.0	219.0	360.0	184.0	0
74.0	201.0	70.0	216.0	94.0	199.0	156.0	164.0	140.0	178.0	173.0	213.0	170.0	237.0	162.0	254.0	181.0	186.0	197.0	158.0	195.0	195.0	202.0	170.0	225.0	176.0	268.0	178.0	254.0	250.0	267.0	207.0	287.0	219.0	302.0	219.0	366.0	183.0	0
72.0	200.0	69.0	216.0	91.0	198.0	157.0	162.0	139.0	177.0	172.0	213.0	169.0	237.0	160.0	255.0	182.0	186.0	201.0	156.0	195.0	196.0	205.0	168.0	227.0	174.0	270.0	176.0	256.0	251.0	268.0	209.0	286.0	220.0	301.0	221.0	373.0	186.0	0
79.0	201.0	74.0	214.0	99.0	198.0	160.0	164.0	142.0	178.0	173.0	213.0	172.0	236.0	163.0	252.0	179.0	185.0	201.0	158.0	195.0	196.0	206.0	170.0	224.0	174.0	268.0	177.0	255.0	247.0	268.0	208.0	285.0	219.0	298.0	218.0	364.0	184.0	0
69.0	201.0	65.0	215.0	92.0	198.0	155.0	163.0	137.0	177.0	172.0	214.0	170.0	238.0	161.0	256.0	177.0	185.0	199.0	156.0	193.0	195.0	206.0	169.0	228.0	176.0	270.0	178.0	259.0	250.0	266.0	206.0	290.0	221.0	303.0	220.0	373.0	184.0	0
75.0	201.0	71.0	213.0	97.0	198.0	158.0	163.0	141.0	179.0	172.0	213.0	170.0	235.0	160.0	253.0	182.0	186.0	199.0	158.0	195.0	196.0	204.0	169.0	226.0	175.0	266.0	176.0	254.0	249.0	264.0	207.0	285.0	221.0	300.0	221.0	366.0	183.0	0
75.0	201.0	71.0	216.0	99.0	198.0	158.0	164.0	140.0	179.0	175.0	213.0	171.0	235.0	165.0	253.0	177.0	184.0	198.0	158.0	196.0	196.0	203.0	169.0	225.0	174.0	266.0	177.0	259.0	249.0	265.0	206.0	287.0	219.0	300.0	219.0	364.0	184.0	0
74.0	200.0	70.0	215.0	99.0	197.0	158.0	164.0	142.0	179.0	173.0	212.0	170.0	235.0	164.0	253.0	180.0	186.0	201.0	158.0	195.0	197.0	206.0	171.0	227.0	177.0	268.0	179.0	255.0	248.0	262.0	206.0	283.0	220.0	299.0	220.0	366.0	185.0	0
72.0	201.0	69.0	218.0	93.0	198.0	158.0	161.0	137.0	177.0	173.0	213.0	170.0	238.0	160.0	257.0	179.0	184.0	198.0	155.0	197.0	197.0	203.0	168.0	226.0	175.0	269.0	177.0	257.0	249.0	265.0	207.0	284.0	221.0	299.0	221.0	368.0	185.0	0
75.0	201.0	72.0	216.0	99.0	198.0	157.0	164.0	142.0	179.0	176.0	213.0	173.0	235.0	164.0	252.0	184.0	187.0	200.0	158.0	196.0	197.0	204.0	170.0	227.0	176.0	270.0	179.0	258.0	247.0	262.0	206.0	284.0	219.0	298.0	219.0	365.0	186.0	0
72.0	202.0	69.0	216.0	94.0	198.0	155.0	164.0	139.0	178.0	175.0	212.0	172.0	236.0	164.0	253.0	178.0	184.0	200.0	157.0	197.0	196.0	204.0	169.0	226.0	175.0	270.0	178.0	256.0	249.0	266.0	206.0	287.0	219.0	301.0	220.0	368.0	187.0	0
76.0	201.0	71.0	216.0	97.0	198.0	157.0	164.0	138.0	179.0	174.0	214.0	172.0	236.0	163.0	254.0	177.0	185.0	199.0	157.0	194.0	195.0	204.0	169.0	224.0	174.0	266.0	177.0	256.0	247.0	266.0	207.0	285.0	219.0	299.0	219.0	364.0	187.0	0
70.0	204.0	67.0	218.0	94.0	201.0	150.0	167.0	134.0	181.0	170.0	213.0	167.0	234.0	159.0	251.0	176.0	187.0	194.0	164.0	191.0	197.0	218.0	175.0	250.0	244.0	258.0	176.0	258.0	204.0	275.0	215.0	290.0	214.0	347.0	226.0	354.0	177.0	0
75.0	201.0	71.0	215.0	99.0	198.0	158.0	164.0	141.0	179.0	173.0	213.0	170.0	235.0	161.0	253.0	179.0	184.0	199.0	158.0	196.0	196.0	202.0	169.0	224.0	175.0	266.0	177.0	255.0	250.0	265.0	207.0	286.0	221.0	300.0	220.0	365.0	184.0	0
79.0	200.0	76.0	216.0	100.0	197.0	158.0	164.0	139.0	180.0	174.0	212.0	170.0	234.0	161.0	251.0	180.0	185.0	202.0	158.0	199.0	197.0	206.0	170.0	226.0	175.0	266.0	178.0	255.0	247.0	261.0	206.0	283.0	219.0	297.0	220.0	361.0	186.0	0
75.0	199.0	70.0	215.0	96.0	197.0	156.0	164.0	139.0	178.0	172.0	214.0	170.0	236.0	163.0	253.0	180.0	185.0	201.0	158.0	196.0	196.0	206.0	169.0	227.0	175.0	267.0	177.0	260.0	250.0	264.0	205.0	288.0	220.0	301.0	220.0	366.0	183.0	0
69.0	200.0	64.0	215.0	95.0	197.0	156.0	162.0	139.0	178.0	175.0	213.0	172.0	237.0	161.0	256.0	181.0	185.0	200.0	156.0	200.0	197.0	205.0	169.0	228.0	175.0	267.0	177.0	258.0	251.0	265.0	207.0	289.0	221.0	302.0	220.0	369.0	183.0	0
77.0	200.0	76.0	215.0	99.0	198.0	160.0	164.0	142.0	180.0	174.0	213.0	172.0	235.0	163.0	251.0	180.0	187.0	200.0	159.0	195.0	196.0	204.0	171.0	223.0	176.0	264.0	178.0	255.0	248.0	263.0	206.0	284.0	219.0	296.0	218.0	365.0	185.0	0
74.0	201.0	70.0	216.0	96.0	198.0	157.0	164.0	141.0	180.0	174.0	213.0	170.0	235.0	160.0	252.0	180.0	186.0	197.0	158.0	194.0	196.0	203.0	170.0	224.0	175.0	270.0	178.0	256.0	250.0	263.0	206.0	286.0	220.0	300.0	221.0	368.0	185.0	0
75.0	200.0	70.0	215.0	101.0	198.0	159.0	165.0	142.0	179.0	177.0	212.0	174.0	233.0	165.0	250.0	183.0	187.0	200.0	159.0	198.0	196.0	205.0	171.0	227.0	177.0	267.0	178.0	256.0	247.0	262.0	205.0	284.0	219.0	298.0	219.0	363.0	184.0	0
72.0	199.0	68.0	216.0	92.0	197.0	155.0	162.0	139.0	177.0	172.0	214.0	169.0	237.0	158.0	256.0	182.0	185.0	202.0	155.0	194.0	195.0	205.0	168.0	227.0	173.0	272.0	177.0	252.0	252.0	267.0	208.0	287.0	222.0	302.0	223.0	366.0	184.0	0
73.0	200.0	70.0	215.0	96.0	197.0	158.0	163.0	144.0	176.0	172.0	212.0	170.0	236.0	161.0	253.0	182.0	185.0	200.0	157.0	198.0	196.0	204.0	170.0	225.0	175.0	268.0	179.0	256.0	250.0	264.0	206.0	286.0	221.0	301.0	220.0	364.0	185.0	0
75.0	202.0	72.0	216.0	98.0	198.0	157.0	164.0	141.0	180.0	175.0	212.0	173.0	235.0	164.0	251.0	181.0	186.0	201.0	159.0	198.0	197.0	205.0	170.0	223.0	175.0	263.0	176.0	256.0	248.0	265.0	206.0	286.0	221.0	298.0	220.0	359.0	183.0	0
75.0	199.0	72.0	215.0	95.0	198.0	157.0	164.0	140.0	179.0	174.0	213.0	172.0	236.0	163.0	254.0	177.0	185.0	201.0	157.0	193.0	195.0	205.0	170.0	226.0	175.0	266.0	177.0	256.0	251.0	264.0	206.0	287.0	221.0	302.0	220.0	367.0	181.0	0
75.0	202.0	73.0	216.0	100.0	199.0	157.0	165.0	141.0	179.0	175.0	213.0	172.0	236.0	163.0	251.0	178.0	185.0	201.0	159.0	196.0	196.0	203.0	170.0	224.0	176.0	264.0	177.0	257.0	248.0	262.0	206.0	285.0	219.0	298.0	219.0	361.0	184.0	0
73.0	201.0	69.0	215.0	97.0	198.0	156.0	165.0	141.0	180.0	174.0	212.0	171.0	234.0	162.0	251.0	181.0	187.0	200.0	159.0	195.0	197.0	206.0	171.0	227.0	176.0	270.0	178.0	258.0	248.0	265.0	206.0	288.0	221.0	300.0	220.0	364.0	182.0	0
78.0	201.0	75.0	217.0	98.0	198.0	157.0	163.0	136.0	181.0	174.0	212.0	172.0	235.0	164.0	252.0	176.0	185.0	200.0	158.0	195.0	195.0	202.0	170.0	223.0	175.0	267.0	178.0	259.0	247.0	262.0	205.0	286.0	221.0	299.0	221.0	363.0	186.0	0
75.0	199.0	71.0	215.0	96.0	196.0	158.0	163.0	139.0	177.0	174.0	213.0	172.0	238.0	162.0	255.0	181.0	185.0	201.0	157.0	196.0	196.0	205.0	169.0	225.0	174.0	270.0	178.0	255.0	252.0	266.0	207.0	286.0	221.0	299.0	220.0	365.0	183.0	0
71.0	201.0	68.0	216.0	94.0	198.0	155.0	163.0	140.0	178.0	172.0	212.0	169.0	236.0	160.0	253.0	180.0	185.0	200.0	158.0	196.0	196.0	204.0	170.0	227.0	176.0	268.0	178.0	255.0	248.0	267.0	207.0	284.0	220.0	300.0	220.0	366.0	186.0	0
78.0	200.0	74.0	213.0	100.0	198.0	157.0	165.0	140.0	179.0	174.0	212.0	170.0	233.0	162.0	250.0	181.0	185.0	201.0	159.0	197.0	197.0	205.0	170.0	226.0	176.0	267.0	179.0	254.0	248.0	263.0	207.0	283.0	220.0	296.0	220.0	361.0	185.0	0
61.0	200.0	58.0	217.0	82.0	197.0	152.0	160.0	134.0	176.0	170.0	214.0	167.0	240.0	159.0	258.0	178.0	184.0	198.0	153.0	195.0	196.0	202.0	166.0	226.0	172.0	275.0	176.0	263.0	254.0	270.0	207.0	294.0	221.0	308.0	221.0	381.0	182.0	0
67.0	200.0	64.0	216.0	93.0	197.0	156.0	162.0	139.0	177.0	171.0	214.0	167.0	237.0	158.0	253.0	177.0	185.0	202.0	156.0	196.0	197.0	205.0	169.0	227.0	175.0	270.0	179.0	256.0	250.0	266.0	208.0	287.0	221.0	301.0	220.0	368.0	186.0	0
78.0	200.0	73.0	214.0	102.0	198.0	158.0	165.0	142.0	179.0	173.0	213.0	172.0	236.0	166.0	252.0	180.0	186.0	201.0	158.0	196.0	196.0	206.0	170.0	228.0	176.0	269.0	179.0	255.0	248.0	262.0	207.0	281.0	220.0	295.0	219.0	362.0	186.0	0
67.0	201.0	64.0	216.0	93.0	197.0	154.0	163.0	140.0	177.0	173.0	213.0	169.0	236.0	159.0	254.0	181.0	185.0	200.0	157.0	196.0	195.0	204.0	169.0	227.0	174.0	273.0	177.0	257.0	251.0	270.0	207.0	292.0	222.0	306.0	221.0	370.0	183.0	0
77.0	201.0	75.0	215.0	95.0	198.0	158.0	164.0	140.0	179.0	173.0	211.0	171.0	234.0	164.0	251.0	180.0	186.0	199.0	158.0	195.0	196.0	203.0	170.0	225.0	175.0	268.0	179.0	256.0	246.0	262.0	205.0	281.0	219.0	296.0	219.0	363.0	186.0	0
69.0	199.0	66.0	216.0	91.0	197.0	153.0	162.0	135.0	178.0	173.0	215.0	170.0	239.0	159.0	256.0	180.0	186.0	199.0	156.0	198.0	196.0	203.0	168.0	227.0	174.0	270.0	177.0	259.0	253.0	267.0	207.0	291.0	221.0	305.0	220.0	369.0	180.0	0
79.0	201.0	75.0	215.0	99.0	199.0	160.0	163.0	142.0	179.0	173.0	212.0	172.0	235.0	164.0	252.0	182.0	186.0	198.0	158.0	196.0	195.0	203.0	170.0	225.0	176.0	264.0	179.0	252.0	248.0	262.0	206.0	282.0	220.0	294.0	219.0	356.0	187.0	0
73.0	201.0	70.0	216.0	97.0	198.0	159.0	162.0	141.0	177.0	174.0	213.0	170.0	236.0	162.0	255.0	180.0	185.0	201.0	156.0	196.0	195.0	206.0	168.0	226.0	174.0	268.0	178.0	254.0	248.0	264.0	206.0	286.0	221.0	299.0	220.0	363.0	189.0	0
75.0	201.0	74.0	216.0	96.0	198.0	157.0	166.0	141.0	180.0	175.0	213.0	172.0	235.0	164.0	251.0	177.0	185.0	199.0	160.0	196.0	197.0	201.0	170.0	225.0	176.0	267.0	179.0	256.0	248.0	264.0	206.0	283.0	219.0	298.0	219.0	360.0	185.0	0
71.0	200.0	67.0	216.0	93.0	198.0	157.0	162.0	139.0	177.0	173.0	213.0	169.0	237.0	159.0	255.0	180.0	185.0	201.0	156.0	195.0	196.0	204.0	169.0	227.0	176.0	268.0	179.0	256.0	250.0	264.0	207.0	286.0	220.0	301.0	219.0	370.0	185.0	0
77.0	201.0	74.0	215.0	96.0	199.0	157.0	164.0	140.0	178.0	176.0	213.0	172.0	235.0	165.0	253.0	179.0	185.0	200.0	159.0	196.0	197.0	204.0	170.0	226.0	176.0	267.0	179.0	254.0	246.0	261.0	205.0	281.0	218.0	295.0	219.0	363.0	188.0	0
73.0	201.0	69.0	217.0	96.0	197.0	159.0	163.0	141.0	177.0	173.0	212.0	170.0	236.0	161.0	255.0	179.0	185.0	202.0	157.0	197.0	195.0	205.0	169.0	225.0	174.0	268.0	177.0	257.0	249.0	264.0	206.0	287.0	221.0	303.0	221.0	368.0	185.0	0
74.0	201.0	70.0	215.0	98.0	197.0	157.0	163.0	140.0	178.0	173.0	212.0	170.0	233.0	160.0	252.0	178.0	185.0	198.0	157.0	196.0	198.0	204.0	171.0	224.0	175.0	269.0	178.0	254.0	249.0	264.0	206.0	285.0	220.0	300.0	220.0	363.0	184.0	0
73.0	200.0	70.0	216.0	95.0	198.0	157.0	161.0	139.0	178.0	171.0	212.0	170.0	236.0	160.0	254.0	179.0	184.0	201.0	156.0	198.0	196.0	206.0	168.0	227.0	174.0	268.0	177.0	252.0	248.0	264.0	207.0	283.0	220.0	297.0	220.0	364.0	188.0	0
80.0	200.0	75.0	215.0	100.0	198.0	162.0	164.0	141.0	180.0	175.0	237.0	178.0	214.0	166.0	255.0	120.0	201.0	205.0	163.0	185.0	186.0	200.0	197.0	229.0	175.0	268.0	177.0	260.0	249.0	265.0	204.0	291.0	219.0	305.0	219.0	369.0	183.0	0
67.0	200.0	65.0	217.0	91.0	197.0	155.0	161.0	137.0	177.0	171.0	214.0	169.0	239.0	159.0	256.0	178.0	184.0	200.0	155.0	196.0	197.0	204.0	168.0	225.0	174.0	268.0	177.0	257.0	251.0	263.0	206.0	290.0	223.0	304.0	222.0	373.0	183.0	0
78.0	200.0	73.0	215.0	98.0	197.0	159.0	163.0	141.0	179.0	175.0	213.0	173.0	237.0	165.0	254.0	180.0	187.0	203.0	158.0	196.0	196.0	206.0	170.0	225.0	175.0	266.0	177.0	258.0	251.0	261.0	205.0	285.0	220.0	297.0	220.0	364.0	184.0	0
72.0	200.0	69.0	214.0	92.0	197.0	156.0	164.0	142.0	178.0	172.0	212.0	168.0	235.0	160.0	252.0	184.0	186.0	200.0	158.0	197.0	197.0	206.0	171.0	227.0	176.0	268.0	178.0	255.0	247.0	259.0	205.0	281.0	219.0	295.0	219.0	364.0	189.0	0
80.0	202.0	78.0	217.0	103.0	198.0	159.0	164.0	141.0	180.0	177.0	213.0	175.0	236.0	167.0	252.0	183.0	186.0	202.0	157.0	199.0	197.0	205.0	169.0	226.0	175.0	267.0	177.0	258.0	248.0	263.0	205.0	286.0	220.0	300.0	219.0	364.0	184.0	0
74.0	201.0	70.0	217.0	97.0	198.0	155.0	164.0	140.0	177.0	173.0	212.0	171.0	234.0	163.0	252.0	179.0	184.0	197.0	158.0	197.0	196.0	203.0	169.0	224.0	175.0	266.0	177.0	261.0	246.0	264.0	206.0	285.0	219.0	299.0	218.0	362.0	186.0	0
77.0	201.0	76.0	216.0	100.0	197.0	158.0	165.0	139.0	180.0	174.0	212.0	170.0	234.0	160.0	250.0	179.0	186.0	200.0	159.0	199.0	196.0	203.0	170.0	228.0	176.0	272.0	180.0	255.0	248.0	264.0	207.0	286.0	220.0	298.0	219.0	362.0	187.0	0
84.0	199.0	80.0	215.0	103.0	197.0	161.0	164.0	143.0	178.0	174.0	211.0	171.0	234.0	163.0	249.0	179.0	185.0	202.0	159.0	197.0	196.0	207.0	171.0	227.0	177.0	266.0	179.0	251.0	247.0	262.0	208.0	280.0	220.0	292.0	220.0	356.0	186.0	0
70.0	200.0	67.0	216.0	94.0	197.0	152.0	163.0	138.0	178.0	172.0	213.0	168.0	236.0	159.0	254.0	178.0	185.0	197.0	157.0	195.0	195.0	202.0	169.0	223.0	174.0	267.0	176.0	261.0	250.0	266.0	206.0	291.0	221.0	305.0	220.0	372.0	183.0	0
74.0	199.0	70.0	215.0	95.0	197.0	158.0	162.0	141.0	177.0	174.0	213.0	170.0	237.0	160.0	255.0	180.0	184.0	202.0	157.0	198.0	197.0	206.0	169.0	227.0	175.0	269.0	178.0	258.0	250.0	266.0	206.0	287.0	221.0	301.0	220.0	368.0	184.0	0
67.0	199.0	63.0	215.0	92.0	196.0	156.0	162.0	139.0	177.0	172.0	212.0	169.0	236.0	160.0	254.0	181.0	185.0	200.0	157.0	196.0	196.0	205.0	170.0	230.0	176.0	273.0	178.0	258.0	251.0	270.0	207.0	291.0	221.0	305.0	220.0	373.0	184.0	0
76.0	200.0	72.0	214.0	100.0	197.0	159.0	165.0	143.0	180.0	175.0	213.0	173.0	235.0	165.0	252.0	179.0	185.0	200.0	159.0	196.0	197.0	203.0	171.0	225.0	177.0	262.0	178.0	256.0	248.0	264.0	207.0	286.0	220.0	299.0	220.0	362.0	183.0	0
78.0	200.0	75.0	216.0	99.0	198.0	159.0	164.0	144.0	179.0	173.0	212.0	172.0	235.0	165.0	251.0	182.0	187.0	199.0	159.0	193.0	195.0	204.0	171.0	224.0	176.0	268.0	179.0	256.0	248.0	263.0	206.0	283.0	219.0	298.0	219.0	362.0	184.0	0
72.0	201.0	68.0	217.0	98.0	197.0	156.0	163.0	139.0	179.0	172.0	213.0	171.0	237.0	161.0	254.0	177.0	185.0	200.0	157.0	195.0	196.0	203.0	169.0	226.0	175.0	271.0	179.0	259.0	250.0	267.0	206.0	287.0	220.0	303.0	219.0	370.0	184.0	0
66.0	199.0	61.0	215.0	91.0	197.0	155.0	161.0	137.0	178.0	173.0	214.0	168.0	237.0	160.0	256.0	178.0	183.0	202.0	156.0	199.0	197.0	206.0	168.0	229.0	175.0	272.0	177.0	260.0	251.0	267.0	207.0	289.0	221.0	304.0	221.0	376.0	185.0	0
68.0	200.0	64.0	216.0	92.0	198.0	154.0	162.0	137.0	178.0	175.0	213.0	172.0	238.0	162.0	256.0	179.0	184.0	199.0	156.0	199.0	197.0	202.0	168.0	225.0	174.0	269.0	175.0	262.0	251.0	266.0	207.0	291.0	221.0	307.0	221.0	371.0	180.0	0
77.0	201.0	73.0	216.0	99.0	198.0	158.0	164.0	140.0	179.0	174.0	213.0	171.0	235.0	163.0	252.0	179.0	186.0	201.0	158.0	197.0	197.0	205.0	170.0	225.0	176.0	265.0	179.0	259.0	247.0	265.0	206.0	286.0	220.0	299.0	220.0	363.0	184.0	0
71.0	199.0	68.0	214.0	97.0	197.0	158.0	163.0	139.0	179.0	174.0	214.0	169.0	236.0	161.0	255.0	178.0	186.0	202.0	158.0	194.0	196.0	206.0	170.0	228.0	176.0	271.0	179.0	254.0	250.0	265.0	206.0	286.0	220.0	300.0	220.0	366.0	186.0	0
80.0	202.0	76.0	216.0	100.0	198.0	159.0	165.0	142.0	180.0	176.0	212.0	172.0	235.0	165.0	252.0	179.0	186.0	198.0	159.0	198.0	197.0	203.0	172.0	224.0	177.0	264.0	179.0	258.0	247.0	262.0	206.0	284.0	219.0	296.0	219.0	365.0	184.0	0
74.0	200.0	69.0	214.0	95.0	198.0	159.0	164.0	144.0	178.0	173.0	213.0	171.0	236.0	163.0	252.0	183.0	186.0	202.0	159.0	194.0	195.0	206.0	170.0	226.0	175.0	268.0	177.0	259.0	250.0	263.0	205.0	289.0	220.0	300.0	220.0	365.0	183.0	0
76.0	201.0	73.0	216.0	99.0	197.0	156.0	164.0	139.0	179.0	174.0	212.0	173.0	236.0	162.0	253.0	179.0	185.0	200.0	158.0	194.0	195.0	202.0	169.0	226.0	175.0	269.0	179.0	257.0	249.0	264.0	206.0	287.0	220.0	301.0	219.0	367.0	183.0	0
75.0	202.0	71.0	216.0	98.0	198.0	158.0	163.0	140.0	179.0	172.0	212.0	170.0	234.0	160.0	252.0	177.0	186.0	199.0	156.0	196.0	197.0	203.0	169.0	223.0	175.0	270.0	178.0	254.0	249.0	264.0	206.0	287.0	220.0	300.0	220.0	367.0	185.0	0
76.0	200.0	73.0	215.0	97.0	198.0	156.0	164.0	135.0	181.0	173.0	213.0	173.0	236.0	164.0	252.0	177.0	185.0	199.0	158.0	195.0	197.0	204.0	170.0	226.0	176.0	267.0	178.0	255.0	248.0	266.0	207.0	285.0	221.0	300.0	220.0	364.0	184.0	0
79.0	200.0	74.0	214.0	98.0	197.0	158.0	164.0	140.0	178.0	174.0	212.0	171.0	236.0	164.0	252.0	181.0	186.0	200.0	158.0	196.0	197.0	205.0	170.0	225.0	176.0	263.0	178.0	255.0	248.0	265.0	208.0	282.0	218.0	293.0	218.0	362.0	186.0	0
77.0	201.0	72.0	215.0	98.0	198.0	159.0	165.0	144.0	179.0	173.0	212.0	172.0	234.0	163.0	249.0	182.0	186.0	201.0	159.0	196.0	196.0	206.0	170.0	229.0	177.0	270.0	180.0	254.0	247.0	262.0	206.0	281.0	219.0	294.0	219.0	363.0	187.0	0
71.0	200.0	68.0	216.0	93.0	197.0	157.0	162.0	139.0	177.0	174.0	213.0	170.0	236.0	159.0	254.0	180.0	185.0	198.0	156.0	198.0	198.0	204.0	170.0	226.0	175.0	267.0	176.0	257.0	252.0	267.0	207.0	289.0	221.0	305.0	221.0	369.0	181.0	0
77.0	199.0	73.0	213.0	102.0	198.0	161.0	163.0	144.0	180.0	176.0	212.0	175.0	235.0	165.0	253.0	184.0	187.0	204.0	158.0	196.0	196.0	211.0	172.0	231.0	177.0	265.0	178.0	251.0	250.0	259.0	205.0	280.0	220.0	293.0	221.0	362.0	185.0	0
75.0	200.0	71.0	215.0	95.0	197.0	157.0	164.0	138.0	179.0	173.0	213.0	170.0	236.0	163.0	252.0	179.0	185.0	203.0	158.0	197.0	197.0	206.0	170.0	231.0	177.0	272.0	180.0	255.0	249.0	267.0	208.0	283.0	219.0	296.0	219.0	363.0	186.0	0
75.0	201.0	70.0	215.0	96.0	198.0	158.0	163.0	140.0	178.0	173.0	213.0	172.0	237.0	163.0	255.0	181.0	186.0	202.0	157.0	195.0	195.0	205.0	169.0	224.0	174.0	267.0	176.0	257.0	249.0	264.0	205.0	286.0	220.0	300.0	219.0	366.0	184.0	0
64.0	201.0	60.0	216.0	87.0	197.0	152.0	160.0	134.0	175.0	170.0	214.0	168.0	239.0	158.0	257.0	175.0	183.0	198.0	153.0	195.0	196.0	203.0	166.0	226.0	172.0	273.0	176.0	257.0	254.0	270.0	208.0	290.0	222.0	305.0	221.0	381.0	185.0	0
76.0	200.0	72.0	216.0	97.0	197.0	159.0	163.0	143.0	178.0	174.0	213.0	170.0	236.0	161.0	252.0	181.0	185.0	201.0	158.0	195.0	196.0	204.0	170.0	226.0	176.0	271.0	179.0	260.0	249.0	268.0	207.0	288.0	220.0	303.0	219.0	370.0	184.0	0
79.0	200.0	73.0	214.0	99.0	198.0	161.0	163.0	144.0	177.0	174.0	213.0	170.0	236.0	161.0	252.0	179.0	184.0	201.0	158.0	197.0	196.0	206.0	170.0	224.0	175.0	266.0	178.0	254.0	251.0	264.0	208.0	284.0	220.0	296.0	220.0	362.0	184.0	0
68.0	201.0	64.0	216.0	94.0	198.0	155.0	162.0	139.0	178.0	172.0	214.0	169.0	238.0	160.0	255.0	181.0	186.0	200.0	156.0	197.0	197.0	203.0	168.0	227.0	174.0	270.0	177.0	258.0	250.0	261.0	205.0	289.0	221.0	302.0	220.0	374.0	187.0	0
73.0	200.0	69.0	215.0	96.0	198.0	160.0	163.0	140.0	180.0	174.0	212.0	172.0	236.0	164.0	252.0	181.0	186.0	199.0	158.0	197.0	196.0	203.0	169.0	224.0	175.0	267.0	177.0	258.0	248.0	263.0	204.0	286.0	219.0	301.0	220.0	368.0	187.0	0
68.0	201.0	62.0	218.0	91.0	198.0	155.0	159.0	137.0	175.0	172.0	215.0	170.0	240.0	159.0	259.0	178.0	184.0	199.0	153.0	196.0	197.0	203.0	166.0	225.0	172.0	275.0	176.0	263.0	256.0	269.0	206.0	296.0	222.0	310.0	222.0	380.0	182.0	0
78.0	201.0	75.0	217.0	98.0	198.0	157.0	164.0	140.0	180.0	174.0	213.0	172.0	237.0	164.0	254.0	179.0	186.0	198.0	157.0	194.0	196.0	204.0	170.0	222.0	174.0	267.0	177.0	257.0	249.0	263.0	207.0	284.0	220.0	298.0	220.0	361.0	185.0	0
72.0	201.0	71.0	215.0	96.0	197.0	155.0	164.0	137.0	180.0	173.0	213.0	170.0	235.0	160.0	252.0	179.0	186.0	200.0	158.0	194.0	197.0	204.0	170.0	223.0	174.0	269.0	176.0	260.0	250.0	269.0	208.0	288.0	220.0	300.0	220.0	364.0	182.0	0
79.0	201.0	74.0	214.0	102.0	198.0	159.0	165.0	142.0	180.0	174.0	213.0	171.0	234.0	165.0	250.0	181.0	187.0	201.0	158.0	197.0	198.0	204.0	171.0	226.0	176.0	264.0	178.0	255.0	247.0	263.0	207.0	283.0	219.0	296.0	219.0	361.0	185.0	0
71.0	201.0	67.0	215.0	93.0	199.0	156.0	164.0	137.0	179.0	173.0	213.0	170.0	237.0	160.0	255.0	182.0	186.0	200.0	158.0	198.0	197.0	205.0	170.0	224.0	175.0	265.0	177.0	257.0	251.0	265.0	207.0	286.0	220.0	300.0	220.0	366.0	185.0	0
72.0	200.0	69.0	217.0	91.0	198.0	158.0	162.0	140.0	178.0	173.0	213.0	172.0	237.0	163.0	254.0	180.0	184.0	202.0	156.0	197.0	195.0	206.0	169.0	225.0	174.0	266.0	176.0	261.0	250.0	265.0	205.0	289.0	219.0	301.0	219.0	370.0	185.0	0
53.0	198.0	22.0	210.0	48.0	218.0	155.0	156.0	133.0	173.0	168.0	246.0	171.0	216.0	158.0	265.0	77.0	197.0	204.0	149.0	181.0	182.0	200.0	194.0	209.0	163.0	232.0	169.0	269.0	260.0	278.0	206.0	286.0	174.0	304.0	224.0	319.0	224.0	0
71.0	201.0	67.0	215.0	96.0	198.0	157.0	162.0	141.0	178.0	172.0	213.0	171.0	237.0	160.0	254.0	181.0	185.0	200.0	156.0	195.0	195.0	204.0	169.0	228.0	175.0	271.0	177.0	258.0	251.0	269.0	208.0	288.0	221.0	304.0	221.0	366.0	182.0	0
76.0	200.0	73.0	215.0	96.0	197.0	157.0	163.0	138.0	179.0	171.0	213.0	171.0	236.0	164.0	252.0	177.0	185.0	201.0	157.0	195.0	197.0	205.0	170.0	225.0	176.0	266.0	178.0	254.0	247.0	262.0	206.0	282.0	220.0	296.0	219.0	363.0	186.0	0
76.0	200.0	70.0	215.0	100.0	197.0	159.0	163.0	143.0	177.0	173.0	213.0	170.0	234.0	161.0	251.0	178.0	186.0	201.0	157.0	194.0	196.0	205.0	170.0	224.0	175.0	266.0	179.0	253.0	248.0	264.0	207.0	283.0	218.0	297.0	219.0	362.0	187.0	0
75.0	199.0	71.0	215.0	93.0	197.0	159.0	161.0	139.0	177.0	175.0	214.0	170.0	238.0	161.0	256.0	181.0	185.0	204.0	155.0	197.0	196.0	207.0	167.0	227.0	173.0	270.0	177.0	254.0	252.0	265.0	208.0	285.0	221.0	298.0	220.0	365.0	187.0	0
74.0	201.0	69.0	216.0	95.0	198.0	156.0	163.0	140.0	178.0	175.0	214.0	170.0	236.0	160.0	253.0	179.0	185.0	201.0	156.0	197.0	198.0	205.0	169.0	225.0	175.0	266.0	177.0	258.0	252.0	263.0	206.0	288.0	222.0	302.0	221.0	369.0	182.0	0
74.0	200.0	68.0	213.0	99.0	198.0	155.0	165.0	140.0	179.0	172.0	213.0	169.0	235.0	158.0	251.0	178.0	186.0	200.0	166.0	196.0	198.0	221.0	177.0	251.0	250.0	267.0	157.0	263.0	210.0	262.0	180.0	280.0	222.0	294.0	221.0	362.0	190.0	0
72.0	200.0	68.0	214.0	97.0	197.0	158.0	163.0	142.0	178.0	172.0	213.0	169.0	237.0	160.0	254.0	176.0	184.0	199.0	157.0	196.0	196.0	203.0	169.0	225.0	175.0	270.0	178.0	257.0	250.0	267.0	207.0	287.0	220.0	301.0	220.0	369.0	183.0	0
74.0	201.0	70.0	215.0	95.0	198.0	156.0	163.0	141.0	178.0	174.0	213.0	172.0	236.0	164.0	252.0	181.0	185.0	201.0	157.0	199.0	197.0	205.0	169.0	227.0	175.0	267.0	177.0	259.0	250.0	269.0	207.0	288.0	219.0	303.0	219.0	369.0	183.0	0
70.0	201.0	67.0	217.0	91.0	198.0	156.0	160.0	136.0	177.0	172.0	215.0	168.0	239.0	157.0	258.0	176.0	184.0	200.0	154.0	195.0	195.0	202.0	167.0	226.0	174.0	269.0	177.0	258.0	254.0	267.0	208.0	290.0	222.0	304.0	222.0	371.0	183.0	0
77.0	199.0	74.0	215.0	99.0	197.0	158.0	165.0	142.0	179.0	173.0	213.0	171.0	236.0	163.0	253.0	182.0	187.0	201.0	159.0	195.0	197.0	206.0	171.0	228.0	177.0	265.0	178.0	255.0	250.0	263.0	206.0	284.0	219.0	298.0	220.0	362.0	183.0	0
80.0	199.0	76.0	214.0	102.0	197.0	159.0	165.0	142.0	181.0	175.0	213.0	172.0	235.0	164.0	252.0	180.0	186.0	202.0	159.0	197.0	197.0	205.0	171.0	224.0	176.0	265.0	177.0	254.0	247.0	264.0	208.0	281.0	219.0	296.0	220.0	362.0	182.0	0
73.0	201.0	70.0	217.0	97.0	197.0	154.0	164.0	139.0	179.0	175.0	212.0	172.0	235.0	162.0	253.0	181.0	185.0	199.0	157.0	196.0	197.0	204.0	170.0	227.0	175.0	269.0	178.0	254.0	248.0	264.0	205.0	287.0	220.0	301.0	220.0	366.0	185.0	0
76.0	200.0	74.0	216.0	99.0	198.0	158.0	163.0	141.0	179.0	174.0	212.0	172.0	234.0	163.0	251.0	179.0	186.0	201.0	158.0	196.0	197.0	205.0	171.0	225.0	176.0	269.0	179.0	255.0	248.0	264.0	207.0	283.0	220.0	297.0	220.0	365.0	184.0	0
75.0	203.0	73.0	219.0	94.0	200.0	157.0	163.0	139.0	179.0	173.0	213.0	170.0	235.0	160.0	252.0	181.0	186.0	198.0	156.0	196.0	197.0	203.0	169.0	226.0	175.0	266.0	176.0	257.0	250.0	265.0	208.0	286.0	222.0	298.0	221.0	361.0	184.0	0
75.0	201.0	72.0	217.0	98.0	198.0	156.0	163.0	140.0	179.0	175.0	213.0	172.0	236.0	164.0	253.0	181.0	185.0	200.0	157.0	199.0	197.0	204.0	169.0	226.0	175.0	265.0	177.0	259.0	248.0	266.0	206.0	285.0	220.0	299.0	220.0	366.0	184.0	0
78.0	200.0	74.0	215.0	100.0	198.0	160.0	163.0	143.0	179.0	174.0	214.0	171.0	237.0	161.0	254.0	181.0	185.0	203.0	157.0	198.0	196.0	207.0	169.0	224.0	174.0	263.0	177.0	255.0	251.0	262.0	206.0	285.0	221.0	296.0	220.0	361.0	186.0	0
76.0	199.0	73.0	214.0	97.0	197.0	156.0	163.0	139.0	179.0	174.0	213.0	170.0	235.0	161.0	252.0	177.0	185.0	200.0	157.0	199.0	197.0	204.0	169.0	227.0	175.0	265.0	177.0	254.0	249.0	262.0	206.0	283.0	219.0	297.0	220.0	363.0	184.0	0
74.0	201.0	70.0	215.0	98.0	197.0	159.0	163.0	141.0	178.0	173.0	213.0	170.0	235.0	160.0	253.0	180.0	186.0	201.0	157.0	197.0	196.0	205.0	169.0	224.0	175.0	264.0	177.0	256.0	249.0	263.0	207.0	285.0	221.0	298.0	220.0	368.0	185.0	0
72.0	201.0	68.0	215.0	93.0	199.0	153.0	165.0	135.0	180.0	170.0	213.0	170.0	236.0	162.0	253.0	180.0	186.0	199.0	159.0	194.0	196.0	202.0	170.0	226.0	176.0	267.0	177.0	260.0	249.0	264.0	205.0	287.0	220.0	303.0	220.0	367.0	183.0	0
72.0	201.0	69.0	216.0	94.0	198.0	154.0	163.0	138.0	177.0	173.0	212.0	170.0	236.0	161.0	253.0	180.0	184.0	200.0	157.0	196.0	196.0	204.0	169.0	225.0	174.0	264.0	176.0	256.0	249.0	262.0	206.0	288.0	221.0	301.0	221.0	372.0	185.0	0
77.0	201.0	72.0	214.0	102.0	197.0	160.0	164.0	140.0	179.0	174.0	212.0	172.0	235.0	164.0	251.0	182.0	187.0	201.0	159.0	197.0	197.0	204.0	170.0	227.0	176.0	268.0	179.0	252.0	248.0	264.0	207.0	282.0	219.0	296.0	219.0	362.0	186.0	0
77.0	201.0	73.0	215.0	98.0	198.0	158.0	166.0	141.0	180.0	175.0	212.0	172.0	234.0	163.0	250.0	180.0	187.0	200.0	160.0	197.0	197.0	203.0	171.0	225.0	177.0	265.0	180.0	257.0	247.0	263.0	205.0	285.0	220.0	299.0	219.0	363.0	185.0	0
74.0	202.0	70.0	215.0	94.0	199.0	158.0	165.0	142.0	179.0	174.0	212.0	171.0	235.0	164.0	251.0	179.0	185.0	200.0	159.0	197.0	196.0	204.0	171.0	225.0	176.0	267.0	178.0	260.0	246.0	265.0	205.0	289.0	220.0	301.0	219.0	368.0	184.0	0
67.0	200.0	62.0	216.0	91.0	198.0	152.0	162.0	136.0	178.0	170.0	214.0	170.0	238.0	161.0	257.0	178.0	184.0	200.0	154.0	194.0	194.0	205.0	167.0	228.0	173.0	273.0	176.0	262.0	253.0	267.0	207.0	292.0	223.0	309.0	223.0	377.0	182.0	0
77.0	201.0	72.0	215.0	101.0	197.0	159.0	162.0	142.0	179.0	173.0	214.0	168.0	235.0	161.0	251.0	180.0	185.0	200.0	157.0	199.0	196.0	204.0	169.0	225.0	175.0	265.0	178.0	253.0	249.0	264.0	207.0	281.0	219.0	296.0	220.0	366.0	188.0	0
72.0	202.0	70.0	218.0	94.0	198.0	157.0	162.0	142.0	177.0	175.0	214.0	171.0	237.0	161.0	255.0	179.0	184.0	199.0	156.0	197.0	196.0	204.0	169.0	225.0	174.0	268.0	176.0	259.0	250.0	268.0	207.0	289.0	222.0	302.0	221.0	369.0	183.0	0
79.0	200.0	74.0	215.0	101.0	197.0	159.0	164.0	142.0	179.0	175.0	213.0	171.0	235.0	162.0	252.0	180.0	186.0	201.0	158.0	195.0	196.0	205.0	171.0	223.0	176.0	267.0	179.0	252.0	249.0	261.0	207.0	280.0	220.0	296.0	221.0	362.0	184.0	0
73.0	202.0	70.0	216.0	93.0	198.0	155.0	163.0	139.0	178.0	172.0	212.0	171.0	235.0	162.0	252.0	181.0	186.0	199.0	157.0	195.0	196.0	204.0	170.0	228.0	176.0	270.0	178.0	258.0	249.0	266.0	206.0	287.0	220.0	301.0	220.0	366.0	183.0	0
78.0	201.0	75.0	215.0	100.0	198.0	155.0	165.0	139.0	179.0	174.0	211.0	172.0	234.0	163.0	251.0	177.0	185.0	198.0	159.0	196.0	195.0	202.0	170.0	224.0	175.0	265.0	177.0	256.0	247.0	262.0	205.0	285.0	219.0	299.0	219.0	362.0	182.0	0
74.0	200.0	72.0	215.0	99.0	197.0	160.0	164.0	139.0	180.0	173.0	213.0	171.0	235.0	163.0	252.0	180.0	187.0	199.0	159.0	198.0	198.0	204.0	171.0	227.0	177.0	270.0	179.0	257.0	247.0	266.0	206.0	287.0	219.0	302.0	219.0	363.0	183.0	0
77.0	202.0	73.0	217.0	97.0	199.0	156.0	162.0	139.0	178.0	174.0	213.0	171.0	236.0	164.0	254.0	182.0	185.0	197.0	156.0	196.0	194.0	203.0	169.0	220.0	173.0	266.0	176.0	256.0	249.0	264.0	205.0	287.0	220.0	300.0	220.0	370.0	187.0	0
75.0	201.0	72.0	215.0	99.0	198.0	157.0	165.0	144.0	179.0	174.0	212.0	173.0	235.0	165.0	252.0	181.0	186.0	199.0	159.0	197.0	197.0	203.0	170.0	223.0	176.0	265.0	177.0	258.0	247.0	262.0	206.0	285.0	219.0	297.0	219.0	363.0	185.0	0
71.0	199.0	66.0	213.0	94.0	196.0	155.0	163.0	139.0	179.0	173.0	212.0	171.0	235.0	161.0	254.0	183.0	186.0	202.0	157.0	198.0	197.0	206.0	169.0	229.0	175.0	271.0	177.0	255.0	250.0	266.0	207.0	286.0	220.0	302.0	220.0	371.0	183.0	0
79.0	200.0	76.0	215.0	100.0	197.0	160.0	164.0	144.0	178.0	173.0	214.0	170.0	235.0	162.0	252.0	181.0	186.0	200.0	158.0	196.0	197.0	205.0	171.0	227.0	177.0	268.0	179.0	257.0	251.0	265.0	207.0	285.0	220.0	298.0	220.0	366.0	184.0	0
74.0	201.0	71.0	216.0	95.0	197.0	156.0	165.0	140.0	179.0	173.0	212.0	169.0	235.0	161.0	252.0	180.0	185.0	199.0	158.0	199.0	197.0	205.0	171.0	225.0	175.0	268.0	178.0	256.0	250.0	265.0	206.0	286.0	221.0	302.0	221.0	366.0	184.0	0
73.0	200.0	69.0	216.0	95.0	198.0	158.0	161.0	143.0	176.0	174.0	215.0	169.0	236.0	161.0	254.0	177.0	184.0	201.0	157.0	198.0	197.0	204.0	168.0	226.0	174.0	265.0	177.0	258.0	250.0	262.0	206.0	285.0	220.0	300.0	220.0	365.0	185.0	0
73.0	201.0	71.0	217.0	96.0	198.0	157.0	161.0	139.0	177.0	174.0	214.0	170.0	238.0	161.0	255.0	180.0	183.0	202.0	154.0	197.0	196.0	206.0	168.0	227.0	173.0	271.0	177.0	257.0	252.0	268.0	209.0	286.0	222.0	302.0	222.0	369.0	185.0	0
75.0	201.0	71.0	217.0	95.0	198.0	156.0	164.0	138.0	180.0	175.0	212.0	174.0	236.0	165.0	254.0	180.0	185.0	200.0	157.0	200.0	197.0	204.0	169.0	223.0	175.0	268.0	178.0	256.0	248.0	263.0	205.0	288.0	220.0	301.0	219.0	366.0	185.0	0
71.0	199.0	65.0	213.0	97.0	197.0	156.0	162.0	138.0	178.0	172.0	213.0	169.0	237.0	160.0	255.0	178.0	185.0	201.0	157.0	196.0	196.0	205.0	169.0	227.0	175.0	264.0	177.0	253.0	251.0	264.0	207.0	284.0	220.0	297.0	220.0	365.0	185.0	0
77.0	201.0	72.0	215.0	101.0	198.0	157.0	164.0	143.0	179.0	174.0	214.0	170.0	235.0	162.0	252.0	180.0	186.0	202.0	158.0	196.0	197.0	206.0	170.0	224.0	174.0	264.0	177.0	257.0	249.0	263.0	207.0	284.0	220.0	297.0	220.0	365.0	186.0	0
81.0	202.0	79.0	216.0	103.0	199.0	157.0	163.0	141.0	179.0	174.0	213.0	172.0	236.0	165.0	252.0	180.0	186.0	199.0	157.0	197.0	196.0	202.0	169.0	224.0	175.0	267.0	177.0	258.0	248.0	266.0	207.0	286.0	219.0	298.0	219.0	365.0	184.0	0
76.0	200.0	73.0	216.0	97.0	198.0	157.0	164.0	137.0	179.0	171.0	212.0	170.0	234.0	162.0	252.0	179.0	185.0	199.0	158.0	195.0	196.0	205.0	170.0	225.0	175.0	268.0	179.0	256.0	248.0	265.0	206.0	287.0	219.0	300.0	218.0	365.0	186.0	0
76.0	201.0	72.0	215.0	100.0	198.0	158.0	164.0	140.0	180.0	174.0	212.0	172.0	234.0	163.0	251.0	179.0	186.0	198.0	159.0	197.0	197.0	202.0	170.0	225.0	176.0	266.0	178.0	257.0	248.0	268.0	208.0	285.0	220.0	301.0	220.0	363.0	182.0	0
77.0	200.0	74.0	215.0	98.0	197.0	160.0	164.0	140.0	179.0	175.0	211.0	175.0	234.0	164.0	251.0	181.0	186.0	202.0	158.0	196.0	195.0	206.0	170.0	227.0	177.0	264.0	178.0	254.0	247.0	262.0	205.0	283.0	219.0	298.0	219.0	361.0	186.0	0
72.0	201.0	68.0	215.0	93.0	198.0	156.0	163.0	137.0	179.0	174.0	212.0	171.0	236.0	163.0	255.0	180.0	185.0	199.0	158.0	196.0	195.0	204.0	169.0	227.0	175.0	268.0	178.0	257.0	247.0	263.0	205.0	286.0	220.0	300.0	219.0	366.0	186.0	0
76.0	201.0	74.0	218.0	98.0	198.0	156.0	164.0	137.0	179.0	172.0	213.0	169.0	234.0	160.0	252.0	179.0	186.0	199.0	157.0	195.0	196.0	203.0	168.0	229.0	176.0	267.0	177.0	257.0	250.0	266.0	207.0	287.0	220.0	302.0	221.0	367.0	185.0	0
77.0	200.0	72.0	214.0	97.0	198.0	159.0	164.0	142.0	179.0	172.0	212.0	170.0	234.0	161.0	251.0	176.0	185.0	199.0	158.0	195.0	197.0	204.0	171.0	226.0	177.0	265.0	179.0	254.0	248.0	263.0	208.0	282.0	221.0	295.0	221.0	364.0	184.0	0
76.0	201.0	73.0	216.0	96.0	198.0	160.0	162.0	140.0	178.0	174.0	213.0	172.0	237.0	163.0	255.0	179.0	185.0	201.0	156.0	198.0	198.0	206.0	169.0	226.0	175.0	267.0	177.0	257.0	249.0	263.0	207.0	284.0	220.0	297.0	220.0	365.0	185.0	0
73.0	201.0	70.0	216.0	98.0	198.0	156.0	163.0	140.0	178.0	174.0	213.0	169.0	235.0	160.0	253.0	178.0	185.0	198.0	157.0	194.0	195.0	202.0	169.0	225.0	174.0	268.0	176.0	257.0	249.0	267.0	207.0	286.0	220.0	300.0	220.0	371.0	185.0	0
72.0	201.0	67.0	216.0	95.0	199.0	156.0	163.0	137.0	179.0	175.0	214.0	172.0	238.0	162.0	256.0	177.0	185.0	199.0	156.0	198.0	198.0	204.0	169.0	226.0	174.0	271.0	177.0	256.0	252.0	269.0	208.0	290.0	221.0	303.0	221.0	370.0	183.0	0
76.0	203.0	73.0	216.0	94.0	200.0	155.0	164.0	139.0	179.0	172.0	212.0	169.0	235.0	161.0	251.0	180.0	186.0	198.0	158.0	196.0	196.0	203.0	170.0	227.0	176.0	270.0	179.0	255.0	247.0	266.0	208.0	285.0	220.0	298.0	220.0	361.0	184.0	0
74.0	201.0	70.0	215.0	95.0	198.0	157.0	164.0	140.0	178.0	173.0	214.0	172.0	235.0	165.0	252.0	178.0	186.0	199.0	159.0	195.0	196.0	203.0	169.0	226.0	174.0	270.0	177.0	260.0	247.0	267.0	206.0	287.0	219.0	298.0	218.0	369.0	186.0	0
73.0	201.0	69.0	215.0	99.0	197.0	155.0	163.0	140.0	178.0	175.0	212.0	172.0	235.0	163.0	253.0	181.0	185.0	199.0	157.0	198.0	196.0	203.0	169.0	226.0	175.0	270.0	178.0	256.0	249.0	265.0	206.0	287.0	220.0	301.0	220.0	364.0	183.0	0
72.0	201.0	69.0	216.0	95.0	198.0	156.0	162.0	142.0	175.0	173.0	212.0	169.0	236.0	160.0	253.0	177.0	183.0	202.0	157.0	198.0	196.0	206.0	168.0	227.0	174.0	265.0	177.0	256.0	251.0	265.0	208.0	284.0	220.0	297.0	220.0	365.0	185.0	0
74.0	200.0	70.0	215.0	92.0	198.0	155.0	162.0	136.0	177.0	173.0	213.0	170.0	236.0	159.0	255.0	181.0	184.0	197.0	156.0	199.0	197.0	203.0	168.0	225.0	173.0	268.0	176.0	259.0	252.0	265.0	208.0	286.0	221.0	302.0	220.0	370.0	182.0	0
76.0	200.0	71.0	215.0	97.0	197.0	157.0	162.0	139.0	179.0	174.0	212.0	172.0	236.0	162.0	253.0	180.0	185.0	202.0	157.0	197.0	196.0	206.0	169.0	225.0	175.0	268.0	178.0	257.0	249.0	263.0	207.0	285.0	222.0	298.0	221.0	369.0	184.0	0
67.0	200.0	63.0	215.0	93.0	197.0	158.0	162.0	142.0	177.0	172.0	214.0	168.0	235.0	159.0	254.0	181.0	184.0	200.0	157.0	199.0	197.0	204.0	169.0	227.0	175.0	269.0	179.0	260.0	250.0	263.0	205.0	288.0	221.0	301.0	221.0	370.0	183.0	0
79.0	200.0	75.0	214.0	100.0	198.0	159.0	165.0	142.0	179.0	174.0	213.0	171.0	236.0	162.0	252.0	182.0	187.0	200.0	159.0	197.0	197.0	205.0	171.0	224.0	176.0	264.0	178.0	253.0	248.0	261.0	207.0	282.0	220.0	297.0	220.0	360.0	184.0	0
77.0	201.0	73.0	217.0	98.0	198.0	156.0	164.0	142.0	179.0	175.0	213.0	171.0	236.0	162.0	252.0	179.0	185.0	198.0	157.0	195.0	196.0	202.0	169.0	224.0	175.0	268.0	178.0	255.0	249.0	265.0	207.0	286.0	221.0	298.0	220.0	361.0	185.0	0
72.0	201.0	67.0	217.0	96.0	198.0	159.0	161.0	142.0	178.0	174.0	215.0	170.0	238.0	162.0	255.0	179.0	184.0	201.0	155.0	198.0	198.0	206.0	168.0	226.0	173.0	268.0	177.0	257.0	250.0	266.0	208.0	288.0	222.0	303.0	222.0	368.0	183.0	0
74.0	201.0	71.0	215.0	98.0	198.0	156.0	164.0	141.0	179.0	174.0	213.0	171.0	235.0	161.0	252.0	179.0	184.0	201.0	159.0	196.0	196.0	205.0	170.0	227.0	176.0	267.0	178.0	256.0	248.0	265.0	207.0	285.0	221.0	297.0	220.0	360.0	183.0	0
73.0	201.0	70.0	215.0	97.0	198.0	157.0	164.0	141.0	179.0	175.0	213.0	171.0	234.0	161.0	251.0	181.0	186.0	201.0	158.0	197.0	197.0	205.0	169.0	226.0	175.0	270.0	178.0	256.0	248.0	265.0	206.0	287.0	220.0	300.0	219.0	364.0	184.0	0
74.0	201.0	68.0	215.0	100.0	197.0	158.0	164.0	141.0	180.0	174.0	212.0	170.0	235.0	160.0	252.0	181.0	186.0	199.0	159.0	197.0	197.0	203.0	170.0	225.0	175.0	267.0	178.0	256.0	250.0	262.0	205.0	285.0	220.0	299.0	220.0	369.0	186.0	0
75.0	201.0	73.0	216.0	97.0	198.0	155.0	165.0	138.0	179.0	174.0	212.0	172.0	236.0	165.0	252.0	180.0	186.0	200.0	158.0	196.0	195.0	203.0	170.0	225.0	176.0	266.0	178.0	258.0	247.0	264.0	205.0	287.0	219.0	301.0	218.0	362.0	183.0	0
73.0	201.0	70.0	216.0	94.0	198.0	159.0	162.0	141.0	177.0	174.0	213.0	171.0	236.0	161.0	254.0	179.0	185.0	200.0	156.0	196.0	196.0	204.0	168.0	225.0	174.0	268.0	177.0	253.0	249.0	265.0	208.0	284.0	220.0	298.0	221.0	364.0	187.0	0
78.0	200.0	74.0	215.0	100.0	197.0	161.0	163.0	144.0	179.0	174.0	214.0	171.0	235.0	163.0	252.0	180.0	186.0	200.0	157.0	197.0	197.0	205.0	170.0	226.0	175.0	263.0	178.0	253.0	249.0	263.0	209.0	282.0	220.0	294.0	220.0	361.0	186.0	0
78.0	201.0	74.0	214.0	98.0	199.0	158.0	166.0	144.0	179.0	176.0	212.0	171.0	233.0	162.0	250.0	179.0	185.0	200.0	159.0	199.0	197.0	205.0	171.0	227.0	176.0	267.0	179.0	254.0	247.0	263.0	205.0	284.0	219.0	298.0	219.0	362.0	186.0	0
77.0	201.0	72.0	216.0	96.0	198.0	158.0	162.0	142.0	177.0	174.0	213.0	170.0	237.0	161.0	253.0	182.0	186.0	202.0	156.0	197.0	196.0	206.0	168.0	227.0	175.0	267.0	178.0	252.0	251.0	266.0	208.0	284.0	221.0	298.0	222.0	363.0	186.0	0
68.0	201.0	65.0	216.0	92.0	200.0	152.0	163.0	135.0	180.0	173.0	214.0	169.0	237.0	161.0	254.0	177.0	186.0	198.0	156.0	196.0	197.0	202.0	168.0	225.0	175.0	269.0	177.0	261.0	250.0	266.0	206.0	291.0	221.0	303.0	220.0	368.0	182.0	0
73.0	202.0	68.0	216.0	95.0	198.0	158.0	162.0	141.0	178.0	172.0	213.0	171.0	236.0	161.0	254.0	182.0	185.0	200.0	157.0	194.0	194.0	203.0	169.0	225.0	175.0	267.0	177.0	256.0	251.0	266.0	207.0	286.0	220.0	298.0	220.0	365.0	185.0	0
73.0	200.0	69.0	215.0	95.0	197.0	159.0	162.0	142.0	177.0	173.0	213.0	169.0	235.0	160.0	253.0	179.0	185.0	201.0	157.0	195.0	196.0	203.0	168.0	229.0	175.0	268.0	179.0	256.0	249.0	265.0	207.0	284.0	220.0	298.0	220.0	368.0	185.0	0
76.0	201.0	71.0	216.0	97.0	198.0	155.0	163.0	139.0	179.0	174.0	214.0	171.0	237.0	162.0	253.0	179.0	186.0	198.0	156.0	195.0	196.0	202.0	169.0	223.0	174.0	264.0	175.0	255.0	250.0	266.0	206.0	286.0	220.0	301.0	221.0	367.0	184.0	0
70.0	200.0	64.0	215.0	96.0	198.0	157.0	163.0	142.0	178.0	172.0	212.0	169.0	236.0	160.0	254.0	180.0	185.0	201.0	157.0	197.0	196.0	206.0	170.0	226.0	175.0	267.0	177.0	255.0	252.0	266.0	209.0	286.0	222.0	299.0	222.0	369.0	182.0	0
76.0	200.0	72.0	215.0	98.0	197.0	161.0	165.0	145.0	179.0	174.0	213.0	170.0	235.0	160.0	251.0	182.0	187.0	203.0	159.0	195.0	197.0	206.0	171.0	227.0	177.0	268.0	179.0	254.0	249.0	262.0	206.0	282.0	221.0	296.0	221.0	365.0	187.0	0
74.0	201.0	69.0	216.0	95.0	199.0	154.0	164.0	138.0	178.0	176.0	214.0	173.0	237.0	163.0	254.0	178.0	186.0	200.0	158.0	198.0	198.0	204.0	170.0	226.0	175.0	269.0	178.0	260.0	250.0	262.0	205.0	290.0	220.0	302.0	219.0	365.0	181.0	0
77.0	199.0	76.0	215.0	100.0	197.0	159.0	165.0	143.0	179.0	175.0	212.0	172.0	233.0	165.0	250.0	180.0	186.0	199.0	159.0	196.0	196.0	204.0	171.0	225.0	177.0	266.0	178.0	255.0	246.0	264.0	207.0	283.0	220.0	296.0	219.0	358.0	183.0	0
76.0	201.0	71.0	215.0	95.0	198.0	159.0	163.0	140.0	178.0	174.0	213.0	172.0	235.0	163.0	252.0	177.0	184.0	201.0	157.0	197.0	196.0	204.0	169.0	224.0	174.0	267.0	178.0	259.0	250.0	266.0	206.0	287.0	219.0	300.0	220.0	364.0	184.0	0
71.0	201.0	66.0	214.0	98.0	198.0	153.0	165.0	137.0	180.0	173.0	213.0	172.0	235.0	164.0	253.0	181.0	187.0	197.0	159.0	194.0	197.0	201.0	171.0	226.0	177.0	268.0	179.0	259.0	247.0	265.0	206.0	287.0	220.0	303.0	219.0	363.0	180.0	0
73.0	201.0	69.0	215.0	97.0	198.0	158.0	164.0	140.0	179.0	176.0	213.0	172.0	236.0	163.0	252.0	179.0	185.0	200.0	158.0	197.0	197.0	204.0	170.0	224.0	175.0	265.0	177.0	257.0	248.0	265.0	207.0	284.0	220.0	298.0	220.0	365.0	184.0	0
75.0	201.0	72.0	215.0	96.0	198.0	159.0	164.0	142.0	179.0	174.0	213.0	170.0	235.0	162.0	252.0	179.0	185.0	200.0	158.0	196.0	197.0	203.0	170.0	226.0	176.0	267.0	178.0	254.0	249.0	266.0	208.0	285.0	220.0	299.0	221.0	363.0	184.0	0
69.0	199.0	64.0	215.0	91.0	196.0	153.0	162.0	135.0	178.0	170.0	214.0	168.0	238.0	159.0	256.0	175.0	186.0	198.0	162.0	192.0	198.0	226.0	176.0	255.0	155.0	271.0	180.0	254.0	253.0	267.0	209.0	286.0	223.0	301.0	223.0	368.0	185.0	0
76.0	200.0	73.0	215.0	98.0	198.0	159.0	164.0	142.0	179.0	174.0	213.0	172.0	236.0	164.0	253.0	183.0	185.0	199.0	158.0	196.0	194.0	204.0	170.0	227.0	176.0	269.0	179.0	255.0	247.0	263.0	206.0	283.0	219.0	299.0	219.0	361.0	185.0	0
76.0	200.0	71.0	216.0	97.0	197.0	158.0	162.0	140.0	178.0	173.0	214.0	171.0	237.0	162.0	253.0	179.0	185.0	201.0	156.0	197.0	197.0	206.0	170.0	227.0	175.0	267.0	178.0	255.0	248.0	264.0	206.0	285.0	219.0	299.0	219.0	366.0	183.0	0
65.0	201.0	60.0	216.0	91.0	198.0	155.0	161.0	137.0	178.0	170.0	213.0	168.0	237.0	158.0	255.0	180.0	185.0	201.0	154.0	197.0	195.0	206.0	167.0	229.0	173.0	274.0	176.0	259.0	250.0	271.0	207.0	291.0	222.0	309.0	222.0	382.0	188.0	0
73.0	201.0	68.0	216.0	92.0	198.0	157.0	162.0	138.0	178.0	173.0	214.0	169.0	237.0	161.0	254.0	177.0	185.0	199.0	156.0	196.0	197.0	203.0	168.0	222.0	173.0	264.0	176.0	258.0	249.0	266.0	207.0	286.0	221.0	301.0	220.0	367.0	184.0	0
75.0	201.0	71.0	216.0	98.0	198.0	154.0	164.0	138.0	178.0	173.0	213.0	170.0	235.0	162.0	253.0	177.0	184.0	199.0	158.0	193.0	194.0	202.0	169.0	224.0	174.0	267.0	177.0	254.0	248.0	265.0	206.0	286.0	220.0	300.0	220.0	363.0	183.0	0
77.0	200.0	73.0	215.0	100.0	198.0	156.0	165.0	141.0	179.0	175.0	211.0	172.0	234.0	163.0	251.0	183.0	186.0	200.0	158.0	197.0	197.0	204.0	170.0	227.0	176.0	265.0	178.0	256.0	247.0	263.0	206.0	285.0	220.0	297.0	219.0	365.0	185.0	0
78.0	201.0	75.0	216.0	99.0	198.0	161.0	164.0	142.0	179.0	174.0	212.0	171.0	233.0	161.0	251.0	180.0	185.0	199.0	158.0	197.0	196.0	203.0	170.0	222.0	176.0	262.0	178.0	254.0	248.0	263.0	207.0	282.0	219.0	296.0	219.0	362.0	186.0	0
73.0	199.0	69.0	215.0	95.0	196.0	159.0	163.0	140.0	178.0	173.0	213.0	170.0	236.0	160.0	253.0	181.0	186.0	202.0	158.0	196.0	195.0	206.0	170.0	229.0	176.0	271.0	178.0	255.0	249.0	266.0	207.0	287.0	221.0	300.0	220.0	366.0	186.0	0
74.0	200.0	70.0	215.0	97.0	197.0	157.0	163.0	139.0	179.0	173.0	213.0	172.0	237.0	165.0	254.0	181.0	186.0	201.0	156.0	198.0	198.0	207.0	170.0	231.0	177.0	271.0	179.0	258.0	249.0	263.0	205.0	286.0	220.0	301.0	221.0	366.0	184.0	0
75.0	202.0	70.0	216.0	95.0	198.0	159.0	162.0	141.0	178.0	173.0	213.0	168.0	236.0	161.0	254.0	178.0	185.0	200.0	157.0	195.0	196.0	204.0	169.0	227.0	176.0	268.0	178.0	259.0	251.0	264.0	207.0	287.0	221.0	300.0	221.0	366.0	183.0	0
70.0	202.0	67.0	218.0	95.0	198.0	154.0	161.0	137.0	177.0	174.0	213.0	172.0	238.0	162.0	256.0	179.0	184.0	200.0	154.0	198.0	196.0	205.0	167.0	229.0	173.0	269.0	176.0	259.0	252.0	267.0	206.0	288.0	222.0	304.0	222.0	373.0	183.0	0
80.0	200.0	74.0	214.0	103.0	197.0	159.0	164.0	143.0	179.0	174.0	213.0	173.0	236.0	165.0	253.0	182.0	187.0	202.0	157.0	197.0	198.0	207.0	170.0	227.0	176.0	268.0	179.0	254.0	248.0	262.0	208.0	282.0	221.0	297.0	221.0	361.0	183.0	0
74.0	200.0	70.0	215.0	95.0	197.0	155.0	164.0	139.0	178.0	173.0	214.0	170.0	237.0	162.0	253.0	177.0	186.0	198.0	158.0	194.0	197.0	202.0	170.0	224.0	176.0	265.0	177.0	255.0	249.0	265.0	207.0	286.0	220.0	300.0	220.0	364.0	181.0	0
79.0	202.0	76.0	216.0	100.0	199.0	157.0	166.0	142.0	180.0	174.0	211.0	171.0	234.0	164.0	251.0	181.0	186.0	197.0	159.0	197.0	196.0	201.0	170.0	224.0	176.0	267.0	178.0	255.0	247.0	263.0	206.0	283.0	220.0	298.0	220.0	360.0	186.0	0
72.0	200.0	68.0	216.0	92.0	198.0	158.0	163.0	141.0	178.0	172.0	214.0	167.0	237.0	159.0	252.0	180.0	186.0	201.0	157.0	195.0	196.0	205.0	169.0	228.0	175.0	271.0	178.0	260.0	250.0	267.0	207.0	286.0	220.0	304.0	220.0	367.0	185.0	0
76.0	200.0	73.0	214.0	100.0	197.0	157.0	163.0	142.0	179.0	173.0	213.0	171.0	235.0	161.0	251.0	181.0	186.0	198.0	157.0	196.0	197.0	204.0	170.0	225.0	175.0	267.0	177.0	257.0	251.0	264.0	207.0	284.0	220.0	299.0	220.0	364.0	182.0	0
74.0	201.0	69.0	216.0	95.0	197.0	156.0	161.0	139.0	177.0	172.0	213.0	169.0	237.0	161.0	256.0	178.0	183.0	201.0	156.0	196.0	195.0	205.0	167.0	226.0	174.0	269.0	176.0	259.0	253.0	267.0	208.0	290.0	221.0	304.0	221.0	370.0	182.0	0
71.0	200.0	66.0	215.0	92.0	197.0	157.0	163.0	139.0	178.0	173.0	213.0	171.0	237.0	163.0	256.0	178.0	185.0	200.0	156.0	198.0	197.0	204.0	169.0	226.0	175.0	269.0	177.0	259.0	251.0	269.0	207.0	290.0	221.0	305.0	221.0	369.0	179.0	0
73.0	199.0	69.0	215.0	97.0	197.0	155.0	164.0	138.0	180.0	175.0	213.0	172.0	236.0	163.0	254.0	178.0	186.0	198.0	158.0	195.0	197.0	202.0	169.0	227.0	175.0	275.0	178.0	257.0	249.0	267.0	206.0	287.0	220.0	302.0	219.0	370.0	182.0	0
59.0	200.0	55.0	217.0	86.0	196.0	154.0	159.0	134.0	176.0	171.0	216.0	167.0	239.0	158.0	258.0	173.0	184.0	197.0	153.0	196.0	198.0	202.0	167.0	222.0	172.0	271.0	175.0	263.0	255.0	273.0	208.0	298.0	224.0	314.0	224.0	389.0	181.0	0
74.0	200.0	71.0	215.0	98.0	198.0	156.0	164.0	140.0	180.0	174.0	213.0	173.0	236.0	164.0	252.0	179.0	185.0	198.0	158.0	195.0	196.0	202.0	170.0	224.0	175.0	265.0	177.0	254.0	249.0	265.0	207.0	286.0	221.0	300.0	221.0	364.0	180.0	0
77.0	201.0	73.0	215.0	100.0	198.0	157.0	163.0	141.0	179.0	175.0	213.0	172.0	235.0	162.0	251.0	182.0	186.0	200.0	158.0	196.0	196.0	205.0	170.0	224.0	175.0	265.0	178.0	256.0	248.0	261.0	206.0	283.0	221.0	296.0	220.0	363.0	184.0	0
78.0	201.0	76.0	218.0	99.0	198.0	157.0	164.0	140.0	178.0	173.0	214.0	170.0	236.0	160.0	253.0	178.0	184.0	200.0	157.0	196.0	196.0	203.0	169.0	224.0	175.0	264.0	177.0	258.0	249.0	265.0	208.0	286.0	221.0	298.0	220.0	361.0	186.0	0
77.0	200.0	74.0	216.0	96.0	198.0	159.0	163.0	143.0	177.0	173.0	212.0	169.0	236.0	160.0	252.0	180.0	185.0	201.0	158.0	196.0	197.0	205.0	170.0	224.0	175.0	267.0	179.0	255.0	248.0	263.0	207.0	284.0	221.0	297.0	220.0	362.0	186.0	0
74.0	200.0	71.0	216.0	96.0	198.0	156.0	162.0	138.0	178.0	175.0	213.0	173.0	236.0	163.0	253.0	181.0	186.0	199.0	157.0	198.0	197.0	205.0	170.0	225.0	174.0	266.0	177.0	255.0	250.0	265.0	207.0	285.0	220.0	300.0	220.0	366.0	183.0	0
73.0	200.0	70.0	216.0	95.0	198.0	157.0	164.0	142.0	177.0	175.0	213.0	171.0	236.0	162.0	252.0	182.0	185.0	200.0	158.0	196.0	196.0	204.0	171.0	224.0	176.0	267.0	179.0	253.0	248.0	262.0	206.0	281.0	219.0	294.0	219.0	361.0	187.0	0
77.0	202.0	74.0	217.0	97.0	199.0	156.0	164.0	138.0	179.0	174.0	211.0	171.0	235.0	164.0	252.0	178.0	185.0	198.0	159.0	196.0	197.0	203.0	171.0	226.0	176.0	267.0	178.0	258.0	247.0	264.0	206.0	285.0	219.0	298.0	219.0	366.0	186.0	0
69.0	199.0	65.0	216.0	93.0	196.0	157.0	162.0	137.0	177.0	172.0	213.0	169.0	237.0	159.0	256.0	177.0	185.0	200.0	156.0	195.0	197.0	204.0	168.0	227.0	175.0	267.0	177.0	259.0	251.0	264.0	206.0	288.0	222.0	302.0	222.0	370.0	184.0	0
79.0	202.0	76.0	216.0	99.0	198.0	155.0	165.0	139.0	179.0	173.0	213.0	170.0	235.0	160.0	252.0	181.0	186.0	200.0	157.0	195.0	196.0	204.0	170.0	224.0	175.0	262.0	176.0	255.0	249.0	265.0	208.0	285.0	221.0	300.0	221.0	361.0	184.0	0
77.0	201.0	72.0	216.0	95.0	198.0	157.0	164.0	141.0	178.0	172.0	212.0	170.0	235.0	162.0	253.0	178.0	186.0	199.0	159.0	195.0	196.0	202.0	170.0	225.0	175.0	268.0	178.0	255.0	247.0	263.0	207.0	284.0	220.0	299.0	221.0	364.0	184.0	0
75.0	200.0	72.0	216.0	96.0	198.0	154.0	164.0	136.0	180.0	173.0	212.0	172.0	236.0	164.0	253.0	178.0	186.0	199.0	158.0	196.0	196.0	202.0	170.0	224.0	175.0	267.0	177.0	258.0	250.0	266.0	206.0	286.0	220.0	301.0	220.0	369.0	182.0	0
75.0	200.0	72.0	215.0	97.0	197.0	156.0	163.0	139.0	178.0	173.0	212.0	170.0	236.0	163.0	253.0	180.0	185.0	200.0	157.0	198.0	197.0	205.0	170.0	223.0	176.0	263.0	177.0	258.0	248.0	266.0	208.0	285.0	220.0	298.0	219.0	364.0	186.0	0
73.0	201.0	70.0	217.0	97.0	198.0	155.0	164.0	140.0	179.0	173.0	213.0	170.0	236.0	161.0	253.0	180.0	186.0	198.0	157.0	196.0	196.0	203.0	169.0	224.0	174.0	270.0	176.0	259.0	249.0	267.0	206.0	290.0	221.0	304.0	221.0	370.0	183.0	0
77.0	200.0	73.0	216.0	98.0	197.0	157.0	163.0	141.0	177.0	171.0	213.0	168.0	237.0	161.0	253.0	180.0	185.0	202.0	157.0	195.0	196.0	206.0	169.0	228.0	176.0	265.0	178.0	256.0	249.0	262.0	207.0	282.0	220.0	296.0	220.0	362.0	186.0	0
76.0	201.0	73.0	216.0	99.0	198.0	157.0	163.0	143.0	178.0	172.0	213.0	170.0	233.0	160.0	253.0	178.0	185.0	199.0	157.0	195.0	196.0	202.0	169.0	223.0	175.0	269.0	177.0	256.0	249.0	262.0	205.0	286.0	221.0	302.0	220.0	367.0	185.0	0
76.0	201.0	73.0	217.0	100.0	197.0	157.0	164.0	141.0	179.0	174.0	211.0	172.0	234.0	164.0	253.0	180.0	185.0	200.0	158.0	195.0	195.0	205.0	171.0	225.0	176.0	264.0	179.0	254.0	246.0	262.0	205.0	283.0	219.0	299.0	220.0	362.0	185.0	0
74.0	200.0	72.0	216.0	95.0	197.0	155.0	162.0	139.0	177.0	172.0	213.0	170.0	237.0	161.0	255.0	180.0	185.0	199.0	156.0	196.0	195.0	202.0	168.0	229.0	174.0	274.0	177.0	256.0	252.0	268.0	207.0	290.0	222.0	303.0	221.0	367.0	181.0	0
76.0	201.0	73.0	215.0	99.0	198.0	158.0	165.0	141.0	179.0	172.0	212.0	171.0	234.0	162.0	251.0	180.0	186.0	203.0	158.0	198.0	198.0	207.0	170.0	227.0	176.0	268.0	178.0	255.0	248.0	260.0	206.0	283.0	220.0	296.0	220.0	361.0	187.0	0
75.0	201.0	72.0	214.0	94.0	197.0	156.0	164.0	138.0	179.0	171.0	212.0	169.0	235.0	161.0	251.0	179.0	186.0	197.0	158.0	194.0	196.0	201.0	170.0	226.0	177.0	266.0	177.0	256.0	248.0	265.0	207.0	285.0	220.0	300.0	220.0	365.0	182.0	0
73.0	199.0	69.0	214.0	98.0	197.0	159.0	163.0	143.0	178.0	176.0	212.0	172.0	236.0	162.0	253.0	183.0	185.0	202.0	158.0	197.0	196.0	205.0	171.0	226.0	177.0	266.0	179.0	256.0	250.0	263.0	206.0	285.0	220.0	298.0	220.0	360.0	183.0	0
62.0	200.0	58.0	218.0	84.0	198.0	155.0	158.0	136.0	175.0	171.0	215.0	167.0	240.0	155.0	259.0	178.0	182.0	200.0	152.0	196.0	195.0	204.0	166.0	228.0	172.0	277.0	176.0	262.0	255.0	272.0	208.0	297.0	225.0	310.0	224.0	382.0	184.0	0
72.0	200.0	69.0	216.0	95.0	197.0	158.0	163.0	141.0	179.0	172.0	214.0	169.0	237.0	160.0	254.0	181.0	186.0	200.0	157.0	195.0	194.0	203.0	168.0	226.0	173.0	268.0	177.0	257.0	252.0	267.0	207.0	290.0	221.0	305.0	220.0	371.0	184.0	0
74.0	201.0	71.0	216.0	98.0	198.0	155.0	164.0	137.0	180.0	173.0	212.0	172.0	235.0	162.0	253.0	178.0	185.0	201.0	158.0	198.0	197.0	205.0	170.0	228.0	175.0	271.0	177.0	258.0	248.0	268.0	206.0	290.0	220.0	302.0	220.0	367.0	184.0	0
78.0	201.0	74.0	216.0	98.0	199.0	158.0	164.0	143.0	179.0	174.0	214.0	170.0	236.0	163.0	253.0	182.0	187.0	200.0	157.0	198.0	198.0	203.0	171.0	223.0	176.0	265.0	178.0	255.0	248.0	263.0	207.0	283.0	220.0	297.0	221.0	364.0	186.0	0
76.0	200.0	72.0	215.0	99.0	197.0	157.0	164.0	140.0	179.0	175.0	213.0	173.0	235.0	162.0	254.0	179.0	186.0	198.0	158.0	196.0	197.0	203.0	170.0	226.0	176.0	270.0	179.0	254.0	250.0	266.0	206.0	286.0	219.0	302.0	220.0	367.0	183.0	0
66.0	200.0	62.0	215.0	89.0	198.0	153.0	162.0	136.0	176.0	173.0	215.0	169.0	238.0	160.0	256.0	182.0	184.0	201.0	156.0	194.0	194.0	204.0	168.0	227.0	174.0	274.0	178.0	260.0	251.0	270.0	207.0	292.0	221.0	307.0	221.0	378.0	182.0	0
74.0	200.0	70.0	215.0	93.0	198.0	156.0	163.0	137.0	178.0	174.0	212.0	170.0	235.0	161.0	252.0	178.0	185.0	200.0	157.0	197.0	196.0	204.0	168.0	226.0	174.0	269.0	176.0	256.0	250.0	265.0	207.0	287.0	221.0	300.0	220.0	366.0	183.0	0
75.0	200.0	70.0	216.0	97.0	197.0	155.0	164.0	138.0	179.0	174.0	213.0	170.0	235.0	162.0	254.0	180.0	185.0	200.0	158.0	197.0	197.0	204.0	169.0	226.0	175.0	269.0	177.0	255.0	250.0	263.0	205.0	286.0	220.0	301.0	220.0	365.0	184.0	0
65.0	200.0	61.0	216.0	88.0	196.0	154.0	160.0	136.0	176.0	172.0	214.0	170.0	237.0	161.0	257.0	178.0	184.0	198.0	155.0	195.0	194.0	202.0	166.0	225.0	172.0	274.0	175.0	262.0	252.0	271.0	206.0	295.0	221.0	309.0	221.0	379.0	182.0	0
75.0	200.0	71.0	216.0	97.0	197.0	155.0	162.0	138.0	178.0	174.0	213.0	171.0	237.0	161.0	254.0	179.0	184.0	199.0	157.0	198.0	196.0	203.0	169.0	224.0	175.0	267.0	177.0	257.0	249.0	265.0	208.0	286.0	221.0	300.0	220.0	369.0	183.0	0
76.0	200.0	71.0	214.0	98.0	197.0	161.0	163.0	143.0	179.0	174.0	212.0	170.0	234.0	160.0	251.0	180.0	185.0	201.0	158.0	198.0	197.0	204.0	170.0	226.0	176.0	265.0	177.0	254.0	251.0	265.0	207.0	285.0	221.0	298.0	220.0	366.0	185.0	0
75.0	201.0	70.0	216.0	98.0	198.0	158.0	163.0	143.0	177.0	173.0	213.0	170.0	236.0	163.0	254.0	179.0	185.0	199.0	157.0	196.0	197.0	204.0	169.0	225.0	176.0	265.0	178.0	258.0	249.0	264.0	206.0	283.0	219.0	298.0	219.0	365.0	186.0	0
74.0	201.0	70.0	215.0	97.0	198.0	157.0	166.0	144.0	178.0	173.0	213.0	170.0	235.0	163.0	252.0	181.0	186.0	199.0	160.0	196.0	196.0	205.0	172.0	229.0	178.0	271.0	180.0	256.0	247.0	262.0	205.0	283.0	219.0	298.0	219.0	365.0	187.0	0
76.0	199.0	73.0	214.0	102.0	196.0	159.0	164.0	144.0	179.0	172.0	213.0	171.0	234.0	163.0	251.0	181.0	187.0	201.0	159.0	195.0	198.0	206.0	172.0	225.0	177.0	268.0	179.0	253.0	246.0	261.0	205.0	281.0	219.0	298.0	219.0	365.0	185.0	0
70.0	201.0	65.0	215.0	93.0	198.0	155.0	162.0	138.0	178.0	174.0	213.0	172.0	237.0	162.0	255.0	181.0	186.0	200.0	155.0	198.0	197.0	206.0	169.0	229.0	176.0	268.0	177.0	259.0	250.0	266.0	205.0	288.0	220.0	302.0	219.0	372.0	184.0	0
74.0	201.0	71.0	216.0	97.0	198.0	155.0	163.0	141.0	178.0	174.0	212.0	171.0	235.0	162.0	253.0	181.0	185.0	198.0	157.0	196.0	196.0	203.0	168.0	227.0	175.0	268.0	178.0	255.0	249.0	265.0	207.0	286.0	220.0	297.0	220.0	366.0	185.0	0
76.0	201.0	72.0	216.0	99.0	198.0	154.0	164.0	137.0	179.0	174.0	213.0	171.0	236.0	162.0	253.0	178.0	185.0	198.0	156.0	195.0	196.0	202.0	169.0	225.0	175.0	271.0	178.0	256.0	249.0	264.0	206.0	286.0	219.0	300.0	219.0	365.0	185.0	0
79.0	201.0	77.0	215.0	100.0	198.0	160.0	166.0	142.0	180.0	174.0	212.0	173.0	234.0	165.0	251.0	182.0	187.0	198.0	159.0	196.0	196.0	203.0	171.0	224.0	176.0	263.0	178.0	254.0	246.0	261.0	204.0	283.0	218.0	294.0	218.0	359.0	187.0	0
74.0	201.0	71.0	215.0	100.0	198.0	155.0	164.0	140.0	178.0	174.0	212.0	170.0	235.0	162.0	251.0	179.0	185.0	200.0	158.0	197.0	196.0	204.0	169.0	227.0	176.0	265.0	178.0	257.0	250.0	262.0	205.0	283.0	220.0	298.0	220.0	362.0	184.0	0
69.0	201.0	65.0	215.0	92.0	198.0	154.0	161.0	138.0	176.0	169.0	213.0	167.0	238.0	158.0	254.0	182.0	187.0	199.0	155.0	196.0	196.0	204.0	168.0	225.0	174.0	274.0	178.0	254.0	251.0	265.0	206.0	289.0	221.0	301.0	220.0	372.0	186.0	0
74.0	201.0	71.0	217.0	96.0	198.0	154.0	163.0	136.0	178.0	172.0	214.0	170.0	237.0	164.0	254.0	179.0	186.0	199.0	157.0	195.0	196.0	201.0	168.0	224.0	174.0	267.0	177.0	255.0	250.0	267.0	208.0	287.0	220.0	302.0	219.0	367.0	183.0	0
76.0	202.0	71.0	216.0	99.0	199.0	156.0	164.0	137.0	181.0	174.0	212.0	172.0	234.0	163.0	252.0	179.0	186.0	197.0	159.0	196.0	197.0	201.0	170.0	222.0	175.0	266.0	178.0	257.0	248.0	263.0	205.0	286.0	219.0	300.0	219.0	364.0	183.0	0
79.0	202.0	74.0	216.0	100.0	198.0	157.0	165.0	140.0	179.0	173.0	213.0	170.0	237.0	163.0	252.0	179.0	186.0	200.0	157.0	197.0	197.0	204.0	169.0	221.0	174.0	265.0	178.0	252.0	246.0	264.0	208.0	279.0	219.0	295.0	219.0	362.0	188.0	0
76.0	201.0	71.0	215.0	97.0	198.0	159.0	164.0	141.0	181.0	174.0	213.0	173.0	236.0	165.0	253.0	179.0	186.0	202.0	158.0	194.0	196.0	206.0	171.0	227.0	176.0	267.0	179.0	255.0	246.0	263.0	207.0	282.0	219.0	297.0	219.0	363.0	187.0	0
71.0	200.0	68.0	215.0	98.0	197.0	153.0	163.0	138.0	177.0	171.0	214.0	170.0	236.0	160.0	253.0	178.0	185.0	201.0	156.0	193.0	195.0	204.0	168.0	227.0	174.0	272.0	177.0	258.0	251.0	263.0	205.0	288.0	221.0	302.0	221.0	369.0	185.0	0
71.0	200.0	67.0	215.0	95.0	197.0	155.0	164.0	139.0	178.0	173.0	214.0	170.0	236.0	161.0	254.0	178.0	185.0	201.0	158.0	196.0	197.0	204.0	169.0	228.0	175.0	271.0	177.0	260.0	251.0	268.0	208.0	288.0	221.0	304.0	221.0	371.0	182.0	0
79.0	200.0	75.0	214.0	102.0	197.0	159.0	165.0	143.0	179.0	173.0	213.0	170.0	235.0	163.0	252.0	179.0	184.0	201.0	159.0	195.0	196.0	204.0	171.0	223.0	176.0	266.0	178.0	255.0	247.0	261.0	207.0	283.0	221.0	297.0	221.0	361.0	184.0	0
77.0	200.0	74.0	215.0	96.0	198.0	161.0	162.0	143.0	177.0	174.0	214.0	171.0	236.0	163.0	254.0	180.0	185.0	200.0	157.0	196.0	197.0	204.0	170.0	225.0	175.0	267.0	179.0	257.0	250.0	261.0	205.0	286.0	220.0	300.0	220.0	363.0	184.0	0
72.0	201.0	69.0	215.0	97.0	198.0	157.0	163.0	140.0	179.0	174.0	213.0	171.0	235.0	162.0	252.0	180.0	186.0	201.0	157.0	196.0	198.0	205.0	170.0	226.0	175.0	269.0	177.0	255.0	250.0	266.0	207.0	286.0	220.0	302.0	221.0	365.0	185.0	0
75.0	199.0	72.0	215.0	100.0	197.0	156.0	164.0	139.0	180.0	175.0	214.0	171.0	236.0	163.0	251.0	179.0	186.0	199.0	158.0	197.0	198.0	203.0	170.0	227.0	176.0	267.0	178.0	257.0	249.0	266.0	208.0	286.0	220.0	301.0	220.0	363.0	181.0	0
76.0	201.0	71.0	216.0	98.0	198.0	156.0	164.0	140.0	179.0	174.0	213.0	171.0	236.0	163.0	253.0	180.0	186.0	198.0	158.0	197.0	196.0	202.0	169.0	223.0	175.0	266.0	178.0	257.0	250.0	262.0	206.0	285.0	221.0	301.0	220.0	366.0	184.0	0
77.0	200.0	73.0	216.0	96.0	198.0	159.0	163.0	143.0	177.0	174.0	212.0	171.0	234.0	162.0	251.0	180.0	185.0	201.0	158.0	197.0	196.0	204.0	170.0	225.0	175.0	266.0	178.0	255.0	248.0	260.0	205.0	283.0	221.0	300.0	221.0	363.0	186.0	0
77.0	200.0	72.0	214.0	100.0	198.0	156.0	165.0	139.0	180.0	173.0	214.0	171.0	236.0	163.0	252.0	181.0	188.0	201.0	158.0	195.0	196.0	204.0	171.0	225.0	176.0	266.0	179.0	256.0	248.0	264.0	206.0	283.0	219.0	297.0	219.0	362.0	183.0	0
75.0	200.0	71.0	214.0	95.0	197.0	159.0	163.0	145.0	177.0	173.0	212.0	172.0	236.0	162.0	254.0	181.0	185.0	201.0	158.0	194.0	195.0	206.0	171.0	226.0	176.0	268.0	179.0	255.0	250.0	263.0	206.0	286.0	220.0	300.0	219.0	361.0	183.0	0
77.0	201.0	73.0	217.0	98.0	198.0	159.0	163.0	143.0	178.0	171.0	213.0	169.0	235.0	162.0	251.0	179.0	186.0	202.0	158.0	196.0	197.0	206.0	170.0	227.0	175.0	268.0	178.0	254.0	248.0	263.0	207.0	283.0	220.0	298.0	220.0	361.0	188.0	0
74.0	200.0	70.0	216.0	97.0	198.0	157.0	162.0	138.0	178.0	174.0	214.0	170.0	236.0	161.0	253.0	181.0	186.0	201.0	157.0	195.0	195.0	206.0	168.0	229.0	174.0	269.0	177.0	257.0	251.0	268.0	206.0	289.0	222.0	302.0	222.0	372.0	184.0	0
76.0	202.0	74.0	216.0	96.0	199.0	158.0	165.0	140.0	180.0	174.0	211.0	172.0	235.0	165.0	251.0	181.0	185.0	199.0	159.0	195.0	195.0	204.0	171.0	224.0	176.0	267.0	179.0	254.0	247.0	262.0	206.0	279.0	219.0	294.0	219.0	362.0	186.0	0
77.0	201.0	73.0	215.0	97.0	198.0	156.0	164.0	139.0	179.0	175.0	214.0	174.0	236.0	165.0	254.0	179.0	185.0	199.0	158.0	196.0	195.0	203.0	169.0	223.0	175.0	266.0	178.0	256.0	248.0	262.0	205.0	285.0	219.0	299.0	219.0	361.0	184.0	0
73.0	201.0	70.0	216.0	94.0	198.0	156.0	163.0	140.0	178.0	173.0	211.0	170.0	236.0	163.0	253.0	180.0	185.0	200.0	157.0	196.0	195.0	205.0	169.0	226.0	174.0	273.0	179.0	256.0	249.0	265.0	206.0	285.0	219.0	300.0	220.0	372.0	187.0	0
73.0	201.0	68.0	215.0	93.0	198.0	159.0	163.0	140.0	178.0	173.0	214.0	171.0	236.0	163.0	253.0	181.0	185.0	201.0	157.0	196.0	197.0	206.0	170.0	227.0	176.0	269.0	179.0	260.0	248.0	263.0	206.0	285.0	220.0	299.0	220.0	370.0	185.0	0
66.0	202.0	63.0	218.0	89.0	199.0	152.0	161.0	134.0	178.0	170.0	214.0	167.0	237.0	157.0	256.0	178.0	184.0	197.0	154.0	194.0	196.0	202.0	167.0	228.0	174.0	274.0	176.0	257.0	254.0	269.0	206.0	292.0	223.0	309.0	223.0	377.0	183.0	0
78.0	200.0	73.0	215.0	99.0	198.0	158.0	165.0	140.0	179.0	175.0	212.0	174.0	236.0	164.0	253.0	182.0	186.0	199.0	159.0	196.0	196.0	204.0	170.0	226.0	176.0	269.0	179.0	257.0	247.0	266.0	206.0	286.0	219.0	299.0	219.0	361.0	183.0	0
66.0	200.0	61.0	215.0	88.0	198.0	154.0	160.0	137.0	178.0	170.0	214.0	169.0	240.0	160.0	256.0	179.0	185.0	200.0	154.0	195.0	196.0	205.0	168.0	227.0	174.0	270.0	176.0	261.0	253.0	267.0	205.0	290.0	220.0	304.0	221.0	380.0	186.0	0
81.0	201.0	77.0	213.0	103.0	199.0	157.0	167.0	143.0	181.0	175.0	212.0	170.0	232.0	163.0	247.0	177.0	186.0	199.0	161.0	195.0	197.0	202.0	173.0	222.0	177.0	263.0	179.0	255.0	246.0	263.0	206.0	281.0	218.0	295.0	218.0	360.0	186.0	0
76.0	199.0	71.0	213.0	98.0	196.0	158.0	163.0	142.0	177.0	175.0	213.0	171.0	237.0	161.0	254.0	180.0	184.0	200.0	158.0	198.0	197.0	204.0	169.0	224.0	174.0	271.0	177.0	257.0	251.0	265.0	207.0	286.0	220.0	301.0	220.0	368.0	182.0	0
83.0	200.0	80.0	214.0	100.0	197.0	160.0	166.0	144.0	180.0	177.0	213.0	173.0	234.0	165.0	250.0	180.0	186.0	202.0	160.0	197.0	197.0	205.0	171.0	225.0	177.0	265.0	180.0	254.0	246.0	261.0	206.0	281.0	219.0	294.0	219.0	357.0	184.0	0
72.0	200.0	69.0	216.0	94.0	197.0	156.0	162.0	140.0	177.0	174.0	213.0	170.0	237.0	161.0	254.0	180.0	184.0	200.0	156.0	199.0	197.0	205.0	169.0	227.0	174.0	265.0	177.0	257.0	250.0	264.0	206.0	286.0	221.0	298.0	221.0	368.0	185.0	0
74.0	198.0	71.0	214.0	94.0	197.0	158.0	162.0	140.0	177.0	171.0	213.0	167.0	237.0	160.0	254.0	177.0	185.0	199.0	157.0	193.0	195.0	203.0	169.0	225.0	174.0	267.0	177.0	256.0	249.0	263.0	206.0	287.0	220.0	301.0	220.0	367.0	181.0	0
76.0	201.0	72.0	215.0	98.0	198.0	159.0	163.0	141.0	179.0	172.0	213.0	169.0	235.0	160.0	252.0	179.0	184.0	202.0	157.0	199.0	198.0	207.0	170.0	227.0	175.0	264.0	178.0	252.0	248.0	262.0	206.0	282.0	220.0	295.0	220.0	362.0	189.0	0
75.0	201.0	71.0	215.0	98.0	198.0	158.0	165.0	140.0	180.0	174.0	212.0	173.0	234.0	164.0	251.0	180.0	185.0	202.0	158.0	196.0	196.0	205.0	170.0	227.0	175.0	267.0	179.0	255.0	248.0	264.0	207.0	283.0	219.0	294.0	219.0	362.0	187.0	0
75.0	200.0	71.0	214.0	100.0	197.0	156.0	164.0	142.0	179.0	174.0	212.0	171.0	234.0	162.0	251.0	179.0	187.0	199.0	159.0	197.0	198.0	203.0	171.0	226.0	176.0	266.0	178.0	256.0	249.0	266.0	208.0	284.0	220.0	299.0	220.0	364.0	182.0	0
73.0	201.0	68.0	216.0	93.0	198.0	158.0	162.0	140.0	178.0	175.0	213.0	172.0	237.0	163.0	254.0	178.0	185.0	202.0	156.0	198.0	197.0	206.0	168.0	228.0	174.0	270.0	177.0	257.0	251.0	265.0	207.0	286.0	222.0	303.0	222.0	367.0	183.0	0
62.0	200.0	59.0	216.0	89.0	197.0	151.0	160.0	134.0	177.0	172.0	213.0	168.0	237.0	157.0	255.0	181.0	184.0	197.0	154.0	197.0	196.0	204.0	168.0	229.0	174.0	272.0	177.0	259.0	250.0	267.0	207.0	289.0	221.0	304.0	221.0	378.0	186.0	0
75.0	201.0	72.0	217.0	101.0	198.0	159.0	164.0	142.0	179.0	176.0	213.0	171.0	235.0	162.0	253.0	181.0	185.0	199.0	158.0	198.0	196.0	202.0	169.0	224.0	175.0	268.0	177.0	258.0	248.0	264.0	206.0	288.0	221.0	302.0	220.0	366.0	185.0	0
73.0	201.0	69.0	216.0	98.0	197.0	158.0	163.0	142.0	178.0	174.0	213.0	172.0	235.0	160.0	252.0	183.0	186.0	199.0	155.0	198.0	197.0	206.0	169.0	228.0	175.0	268.0	177.0	255.0	250.0	265.0	207.0	287.0	221.0	302.0	221.0	368.0	186.0	0
73.0	199.0	67.0	213.0	98.0	197.0	160.0	162.0	144.0	177.0	175.0	215.0	171.0	237.0	160.0	254.0	182.0	186.0	203.0	157.0	198.0	196.0	207.0	170.0	227.0	175.0	265.0	178.0	256.0	250.0	264.0	207.0	284.0	221.0	299.0	220.0	364.0	183.0	0
77.0	200.0	73.0	216.0	98.0	198.0	159.0	163.0	141.0	178.0	174.0	212.0	173.0	235.0	163.0	253.0	179.0	185.0	197.0	158.0	196.0	195.0	202.0	170.0	224.0	176.0	266.0	178.0	256.0	249.0	261.0	205.0	285.0	220.0	297.0	219.0	356.0	184.0	0
72.0	199.0	67.0	214.0	96.0	197.0	158.0	163.0	141.0	178.0	173.0	214.0	170.0	236.0	160.0	253.0	180.0	186.0	199.0	157.0	198.0	198.0	204.0	170.0	225.0	176.0	266.0	178.0	258.0	250.0	264.0	206.0	286.0	221.0	301.0	221.0	367.0	182.0	0
71.0	201.0	68.0	217.0	96.0	197.0	157.0	163.0	141.0	179.0	175.0	213.0	169.0	236.0	162.0	254.0	179.0	184.0	200.0	157.0	199.0	197.0	205.0	170.0	227.0	175.0	268.0	178.0	262.0	249.0	267.0	207.0	289.0	220.0	302.0	220.0	367.0	183.0	0
73.0	201.0	69.0	214.0	94.0	198.0	155.0	164.0	138.0	180.0	173.0	212.0	169.0	236.0	161.0	253.0	178.0	186.0	200.0	157.0	195.0	196.0	204.0	170.0	227.0	176.0	268.0	178.0	256.0	247.0	262.0	205.0	284.0	219.0	298.0	220.0	368.0	187.0	0
74.0	201.0	71.0	216.0	95.0	199.0	156.0	163.0	139.0	178.0	173.0	213.0	170.0	236.0	162.0	252.0	179.0	185.0	201.0	158.0	195.0	196.0	205.0	170.0	224.0	175.0	268.0	179.0	256.0	248.0	266.0	207.0	286.0	220.0	300.0	219.0	365.0	186.0	0
75.0	199.0	70.0	214.0	101.0	197.0	159.0	166.0	144.0	179.0	174.0	212.0	171.0	234.0	163.0	250.0	178.0	186.0	199.0	161.0	198.0	198.0	203.0	172.0	226.0	177.0	268.0	179.0	258.0	248.0	264.0	205.0	286.0	219.0	302.0	219.0	364.0	183.0	0
74.0	202.0	71.0	216.0	96.0	199.0	156.0	164.0	139.0	178.0	174.0	213.0	170.0	234.0	160.0	251.0	179.0	185.0	198.0	158.0	197.0	197.0	202.0	170.0	224.0	175.0	269.0	178.0	258.0	250.0	264.0	206.0	287.0	220.0	302.0	220.0	371.0	186.0	0
74.0	202.0	70.0	216.0	97.0	199.0	156.0	164.0	138.0	180.0	174.0	213.0	171.0	235.0	163.0	251.0	179.0	186.0	199.0	159.0	199.0	197.0	204.0	171.0	226.0	176.0	268.0	177.0	259.0	248.0	268.0	207.0	286.0	219.0	301.0	219.0	369.0	184.0	0
76.0	201.0	73.0	216.0	98.0	197.0	157.0	164.0	141.0	178.0	174.0	213.0	171.0	235.0	162.0	252.0	181.0	186.0	198.0	158.0	197.0	197.0	203.0	171.0	227.0	176.0	268.0	179.0	260.0	248.0	264.0	206.0	286.0	219.0	300.0	218.0	369.0	186.0	0
77.0	201.0	72.0	214.0	102.0	197.0	159.0	163.0	142.0	178.0	174.0	212.0	170.0	235.0	160.0	252.0	181.0	186.0	198.0	156.0	196.0	196.0	204.0	168.0	223.0	174.0	266.0	177.0	251.0	249.0	263.0	208.0	281.0	220.0	295.0	221.0	361.0	185.0	0
35.0	187.0	82.0	200.0	80.0	216.0	164.0	164.0	145.0	180.0	177.0	235.0	179.0	214.0	168.0	252.0	103.0	198.0	181.0	185.0	201.0	197.0	207.0	164.0	230.0	176.0	272.0	178.0	259.0	246.0	270.0	208.0	287.0	219.0	302.0	219.0	365.0	182.0	0
75.0	200.0	70.0	215.0	96.0	198.0	156.0	163.0	137.0	178.0	173.0	214.0	171.0	236.0	164.0	254.0	178.0	185.0	201.0	157.0	193.0	196.0	204.0	169.0	225.0	174.0	272.0	177.0	255.0	250.0	265.0	208.0	285.0	221.0	299.0	221.0	371.0	184.0	0
76.0	199.0	73.0	215.0	99.0	197.0	158.0	162.0	139.0	180.0	174.0	213.0	170.0	236.0	161.0	253.0	177.0	185.0	200.0	157.0	196.0	196.0	205.0	169.0	227.0	174.0	266.0	176.0	252.0	251.0	264.0	208.0	283.0	221.0	297.0	222.0	364.0	184.0	0
76.0	201.0	71.0	217.0	98.0	198.0	158.0	164.0	142.0	179.0	176.0	213.0	174.0	236.0	165.0	254.0	180.0	185.0	199.0	157.0	196.0	196.0	203.0	170.0	225.0	175.0	265.0	177.0	256.0	248.0	265.0	207.0	285.0	221.0	298.0	220.0	365.0	185.0	0
78.0	201.0	76.0	216.0	100.0	197.0	158.0	165.0	140.0	179.0	175.0	212.0	172.0	235.0	166.0	252.0	180.0	186.0	200.0	159.0	193.0	195.0	203.0	170.0	222.0	175.0	267.0	178.0	256.0	246.0	259.0	205.0	284.0	219.0	297.0	218.0	361.0	186.0	0
79.0	201.0	74.0	215.0	101.0	198.0	158.0	165.0	142.0	179.0	175.0	213.0	174.0	235.0	164.0	253.0	181.0	186.0	201.0	158.0	196.0	196.0	204.0	169.0	224.0	175.0	265.0	177.0	254.0	249.0	262.0	207.0	282.0	220.0	297.0	220.0	361.0	185.0	0
75.0	201.0	72.0	216.0	95.0	198.0	155.0	164.0	139.0	178.0	172.0	213.0	168.0	236.0	161.0	253.0	180.0	186.0	201.0	157.0	193.0	196.0	204.0	169.0	225.0	175.0	267.0	178.0	258.0	250.0	267.0	207.0	289.0	221.0	304.0	222.0	370.0	182.0	0
76.0	201.0	71.0	214.0	97.0	198.0	157.0	163.0	139.0	179.0	172.0	213.0	170.0	237.0	162.0	253.0	180.0	186.0	201.0	157.0	194.0	195.0	204.0	169.0	226.0	175.0	266.0	177.0	257.0	249.0	263.0	206.0	284.0	220.0	300.0	220.0	367.0	184.0	0
77.0	200.0	73.0	215.0	98.0	197.0	159.0	162.0	140.0	178.0	174.0	213.0	171.0	236.0	162.0	253.0	176.0	184.0	199.0	156.0	195.0	195.0	204.0	168.0	225.0	175.0	265.0	176.0	256.0	251.0	268.0	209.0	288.0	221.0	300.0	220.0	364.0	183.0	0
75.0	199.0	70.0	215.0	97.0	196.0	158.0	162.0	143.0	176.0	174.0	213.0	170.0	237.0	161.0	255.0	181.0	184.0	202.0	156.0	198.0	196.0	206.0	168.0	230.0	176.0	268.0	178.0	258.0	252.0	267.0	208.0	286.0	221.0	299.0	220.0	366.0	183.0	0
75.0	200.0	72.0	216.0	98.0	197.0	160.0	163.0	144.0	177.0	175.0	213.0	171.0	236.0	162.0	253.0	182.0	185.0	199.0	157.0	198.0	196.0	204.0	170.0	228.0	176.0	265.0	178.0	254.0	249.0	265.0	206.0	285.0	220.0	297.0	219.0	364.0	186.0	0
65.0	201.0	62.0	219.0	90.0	198.0	152.0	158.0	134.0	176.0	171.0	215.0	170.0	240.0	159.0	258.0	177.0	183.0	198.0	152.0	194.0	196.0	203.0	165.0	222.0	171.0	272.0	175.0	261.0	257.0	269.0	209.0	291.0	224.0	307.0	224.0	380.0	181.0	0
74.0	200.0	69.0	215.0	97.0	198.0	157.0	164.0	140.0	179.0	175.0	213.0	172.0	234.0	161.0	251.0	179.0	186.0	199.0	158.0	196.0	197.0	203.0	170.0	224.0	175.0	269.0	177.0	256.0	248.0	266.0	206.0	288.0	220.0	302.0	219.0	366.0	185.0	0
69.0	200.0	68.0	215.0	91.0	197.0	157.0	162.0	138.0	178.0	171.0	213.0	167.0	236.0	157.0	254.0	177.0	184.0	199.0	157.0	196.0	197.0	203.0	169.0	226.0	175.0	266.0	177.0	255.0	249.0	264.0	207.0	285.0	221.0	300.0	221.0	372.0	186.0	0
80.0	202.0	78.0	216.0	103.0	197.0	159.0	165.0	143.0	180.0	176.0	212.0	172.0	234.0	162.0	250.0	179.0	185.0	200.0	158.0	197.0	197.0	204.0	171.0	225.0	177.0	264.0	179.0	253.0	246.0	262.0	207.0	283.0	221.0	296.0	221.0	361.0	185.0	0
76.0	200.0	73.0	216.0	99.0	197.0	159.0	163.0	142.0	178.0	174.0	213.0	171.0	235.0	162.0	252.0	177.0	185.0	199.0	157.0	198.0	197.0	203.0	169.0	225.0	175.0	267.0	177.0	256.0	250.0	265.0	208.0	286.0	220.0	302.0	220.0	367.0	184.0	0
75.0	200.0	72.0	216.0	95.0	197.0	158.0	162.0	142.0	176.0	172.0	214.0	169.0	236.0	161.0	253.0	176.0	183.0	202.0	157.0	197.0	197.0	206.0	170.0	229.0	177.0	264.0	179.0	256.0	250.0	263.0	208.0	285.0	221.0	297.0	221.0	359.0	184.0	0
75.0	199.0	71.0	215.0	99.0	196.0	158.0	163.0	141.0	179.0	176.0	214.0	172.0	236.0	162.0	254.0	181.0	185.0	202.0	158.0	199.0	197.0	204.0	169.0	223.0	173.0	264.0	175.0	258.0	251.0	266.0	206.0	289.0	220.0	302.0	220.0	366.0	183.0	0
70.0	202.0	66.0	218.0	95.0	198.0	156.0	162.0	140.0	178.0	173.0	215.0	170.0	237.0	161.0	255.0	180.0	186.0	199.0	155.0	197.0	196.0	205.0	168.0	227.0	173.0	267.0	176.0	258.0	252.0	266.0	207.0	288.0	223.0	303.0	223.0	366.0	182.0	0
74.0	200.0	70.0	216.0	96.0	197.0	158.0	162.0	141.0	179.0	174.0	212.0	171.0	236.0	162.0	252.0	180.0	185.0	203.0	157.0	199.0	196.0	207.0	170.0	228.0	176.0	269.0	179.0	256.0	248.0	265.0	207.0	285.0	220.0	301.0	221.0	367.0	186.0	0
72.0	201.0	69.0	215.0	97.0	198.0	156.0	164.0	140.0	180.0	174.0	213.0	172.0	236.0	164.0	254.0	182.0	186.0	199.0	158.0	198.0	196.0	202.0	170.0	225.0	175.0	268.0	177.0	260.0	250.0	267.0	207.0	290.0	221.0	305.0	220.0	369.0	179.0	0
78.0	200.0	74.0	215.0	98.0	197.0	156.0	163.0	139.0	179.0	174.0	213.0	170.0	237.0	161.0	252.0	181.0	186.0	200.0	157.0	197.0	197.0	205.0	170.0	228.0	175.0	274.0	178.0	258.0	249.0	265.0	206.0	287.0	221.0	298.0	220.0	364.0	183.0	0
76.0	201.0	71.0	215.0	99.0	198.0	159.0	165.0	143.0	179.0	173.0	212.0	172.0	235.0	164.0	252.0	181.0	186.0	199.0	159.0	196.0	195.0	204.0	171.0	225.0	176.0	266.0	179.0	256.0	248.0	262.0	206.0	285.0	220.0	298.0	219.0	363.0	184.0	0
76.0	202.0	73.0	218.0	95.0	199.0	156.0	163.0	139.0	177.0	174.0	212.0	174.0	237.0	165.0	254.0	177.0	184.0	199.0	157.0	197.0	196.0	204.0	169.0	225.0	175.0	265.0	177.0	258.0	249.0	264.0	205.0	289.0	220.0	301.0	219.0	365.0	183.0	0
76.0	201.0	73.0	216.0	97.0	198.0	155.0	164.0	139.0	179.0	174.0	212.0	172.0	235.0	162.0	253.0	182.0	186.0	201.0	158.0	197.0	196.0	205.0	169.0	226.0	175.0	270.0	178.0	258.0	249.0	268.0	208.0	288.0	221.0	301.0	220.0	365.0	185.0	0
76.0	200.0	72.0	215.0	98.0	198.0	159.0	163.0	142.0	178.0	174.0	213.0	171.0	236.0	163.0	253.0	180.0	185.0	202.0	158.0	196.0	196.0	206.0	170.0	226.0	176.0	269.0	178.0	256.0	249.0	262.0	206.0	283.0	221.0	300.0	222.0	367.0	183.0	0
79.0	200.0	74.0	215.0	98.0	198.0	160.0	164.0	142.0	179.0	174.0	214.0	172.0	236.0	163.0	253.0	181.0	185.0	201.0	157.0	195.0	195.0	205.0	170.0	226.0	175.0	267.0	178.0	255.0	249.0	265.0	206.0	285.0	220.0	298.0	219.0	361.0	183.0	0
75.0	201.0	72.0	216.0	96.0	198.0	157.0	163.0	141.0	178.0	173.0	212.0	169.0	234.0	160.0	251.0	180.0	185.0	200.0	158.0	196.0	196.0	205.0	170.0	227.0	176.0	265.0	178.0	258.0	248.0	265.0	206.0	286.0	220.0	298.0	219.0	364.0	186.0	0
76.0	201.0	73.0	217.0	101.0	198.0	159.0	163.0	141.0	179.0	172.0	213.0	169.0	235.0	161.0	252.0	179.0	185.0	199.0	158.0	197.0	197.0	203.0	170.0	225.0	175.0	263.0	178.0	253.0	248.0	262.0	206.0	282.0	219.0	297.0	220.0	367.0	186.0	0
74.0	200.0	70.0	216.0	98.0	197.0	160.0	163.0	143.0	179.0	174.0	213.0	170.0	235.0	160.0	253.0	179.0	186.0	200.0	158.0	196.0	196.0	204.0	170.0	225.0	175.0	264.0	178.0	254.0	249.0	263.0	207.0	284.0	221.0	298.0	221.0	362.0	185.0	0
73.0	200.0	70.0	215.0	98.0	198.0	156.0	165.0	140.0	179.0	173.0	213.0	169.0	236.0	160.0	253.0	177.0	185.0	199.0	159.0	196.0	197.0	205.0	170.0	225.0	176.0	269.0	178.0	252.0	249.0	264.0	207.0	285.0	220.0	299.0	220.0	365.0	184.0	0
80.0	200.0	77.0	215.0	99.0	198.0	159.0	164.0	141.0	179.0	175.0	213.0	173.0	235.0	165.0	252.0	177.0	185.0	200.0	159.0	200.0	198.0	202.0	170.0	222.0	176.0	262.0	177.0	257.0	248.0	260.0	205.0	284.0	220.0	298.0	219.0	359.0	183.0	0
77.0	201.0	71.0	216.0	98.0	198.0	158.0	162.0	137.0	179.0	173.0	213.0	170.0	236.0	160.0	254.0	177.0	184.0	197.0	156.0	194.0	195.0	202.0	168.0	220.0	173.0	264.0	175.0	254.0	250.0	263.0	205.0	286.0	220.0	300.0	220.0	369.0	185.0	0
71.0	199.0	66.0	213.0	94.0	197.0	157.0	162.0	137.0	179.0	173.0	213.0	170.0	237.0	161.0	255.0	181.0	186.0	202.0	156.0	196.0	196.0	207.0	169.0	228.0	175.0	270.0	177.0	256.0	252.0	265.0	207.0	288.0	221.0	303.0	220.0	371.0	183.0	0
72.0	201.0	68.0	216.0	97.0	198.0	156.0	162.0	139.0	178.0	176.0	215.0	172.0	238.0	161.0	255.0	176.0	184.0	200.0	156.0	198.0	196.0	203.0	167.0	227.0	173.0	271.0	176.0	260.0	253.0	268.0	207.0	291.0	221.0	305.0	221.0	370.0	182.0	0
76.0	200.0	73.0	215.0	98.0	197.0	157.0	165.0	144.0	178.0	173.0	212.0	170.0	235.0	161.0	252.0	180.0	187.0	200.0	160.0	195.0	197.0	203.0	171.0	228.0	177.0	270.0	179.0	254.0	248.0	261.0	206.0	284.0	220.0	298.0	220.0	360.0	185.0	0
75.0	201.0	71.0	216.0	96.0	198.0	156.0	163.0	143.0	177.0	175.0	213.0	171.0	237.0	160.0	255.0	182.0	185.0	203.0	156.0	196.0	195.0	207.0	168.0	227.0	174.0	271.0	177.0	257.0	252.0	263.0	206.0	286.0	221.0	299.0	221.0	362.0	186.0	0
77.0	201.0	71.0	215.0	100.0	199.0	159.0	165.0	144.0	179.0	174.0	211.0	172.0	234.0	163.0	250.0	181.0	186.0	201.0	159.0	198.0	197.0	204.0	170.0	226.0	176.0	268.0	178.0	256.0	247.0	264.0	206.0	286.0	221.0	300.0	220.0	364.0	187.0	0
70.0	200.0	66.0	216.0	93.0	198.0	157.0	162.0	140.0	177.0	173.0	213.0	172.0	239.0	162.0	257.0	177.0	184.0	202.0	156.0	198.0	196.0	207.0	169.0	229.0	175.0	274.0	177.0	259.0	252.0	268.0	206.0	290.0	221.0	305.0	221.0	374.0	184.0	0
68.0	199.0	66.0	215.0	92.0	197.0	157.0	165.0	141.0	179.0	173.0	212.0	169.0	235.0	162.0	252.0	178.0	185.0	200.0	158.0	195.0	197.0	206.0	171.0	229.0	177.0	270.0	178.0	257.0	250.0	267.0	206.0	289.0	220.0	302.0	220.0	368.0	182.0	0
74.0	201.0	70.0	216.0	94.0	198.0	156.0	163.0	139.0	179.0	175.0	214.0	172.0	236.0	162.0	253.0	175.0	184.0	202.0	157.0	196.0	197.0	205.0	169.0	226.0	174.0	270.0	177.0	256.0	251.0	262.0	206.0	286.0	221.0	301.0	221.0	367.0	184.0	0
77.0	199.0	74.0	213.0	100.0	197.0	159.0	164.0	141.0	179.0	176.0	213.0	172.0	235.0	163.0	251.0	179.0	185.0	203.0	159.0	199.0	198.0	206.0	170.0	229.0	176.0	269.0	179.0	256.0	249.0	264.0	206.0	285.0	219.0	298.0	219.0	362.0	183.0	0
76.0	201.0	72.0	216.0	96.0	198.0	156.0	163.0	137.0	179.0	173.0	213.0	171.0	236.0	163.0	253.0	178.0	184.0	199.0	157.0	197.0	196.0	203.0	169.0	224.0	174.0	269.0	176.0	258.0	250.0	266.0	207.0	287.0	220.0	301.0	222.0	362.0	182.0	0
75.0	199.0	71.0	214.0	98.0	197.0	159.0	163.0	140.0	179.0	172.0	213.0	170.0	236.0	161.0	253.0	180.0	185.0	199.0	158.0	197.0	197.0	205.0	170.0	228.0	177.0	266.0	178.0	254.0	250.0	262.0	206.0	283.0	220.0	297.0	220.0	366.0	183.0	0
74.0	200.0	71.0	215.0	97.0	197.0	157.0	163.0	139.0	178.0	175.0	214.0	171.0	236.0	162.0	253.0	181.0	186.0	201.0	157.0	199.0	198.0	205.0	168.0	227.0	175.0	265.0	177.0	254.0	250.0	265.0	208.0	285.0	220.0	300.0	221.0	368.0	184.0	0
75.0	201.0	70.0	216.0	97.0	199.0	159.0	163.0	142.0	179.0	174.0	212.0	172.0	236.0	163.0	253.0	178.0	185.0	200.0	157.0	194.0	196.0	204.0	169.0	224.0	175.0	269.0	178.0	257.0	249.0	266.0	207.0	286.0	220.0	300.0	220.0	371.0	185.0	0
77.0	201.0	74.0	216.0	97.0	198.0	158.0	164.0	140.0	180.0	172.0	212.0	170.0	235.0	162.0	252.0	177.0	185.0	200.0	158.0	194.0	197.0	205.0	170.0	224.0	175.0	268.0	178.0	256.0	248.0	263.0	206.0	286.0	220.0	298.0	218.0	361.0	185.0	0
69.0	200.0	67.0	217.0	94.0	197.0	157.0	160.0	137.0	177.0	172.0	215.0	170.0	239.0	159.0	257.0	181.0	185.0	198.0	155.0	194.0	195.0	204.0	168.0	227.0	174.0	273.0	178.0	258.0	253.0	265.0	206.0	290.0	222.0	305.0	222.0	373.0	183.0	0
75.0	200.0	71.0	215.0	96.0	197.0	157.0	163.0	139.0	178.0	173.0	213.0	171.0	235.0	163.0	252.0	177.0	185.0	201.0	157.0	199.0	197.0	206.0	170.0	227.0	175.0	268.0	177.0	257.0	248.0	269.0	208.0	286.0	220.0	301.0	220.0	367.0	183.0	0
81.0	200.0	77.0	213.0	99.0	198.0	158.0	165.0	142.0	179.0	176.0	212.0	174.0	235.0	165.0	250.0	178.0	186.0	201.0	160.0	200.0	198.0	203.0	171.0	224.0	177.0	266.0	180.0	253.0	246.0	260.0	205.0	280.0	219.0	293.0	220.0	358.0	187.0	0
78.0	200.0	73.0	214.0	100.0	197.0	159.0	164.0	143.0	178.0	174.0	212.0	172.0	235.0	163.0	252.0	177.0	185.0	198.0	159.0	194.0	196.0	201.0	170.0	223.0	176.0	268.0	178.0	254.0	249.0	261.0	205.0	285.0	219.0	298.0	219.0	364.0	184.0	0
75.0	200.0	72.0	216.0	94.0	198.0	158.0	163.0	140.0	178.0	174.0	213.0	169.0	236.0	161.0	253.0	178.0	186.0	196.0	157.0	196.0	197.0	202.0	169.0	223.0	174.0	270.0	178.0	257.0	250.0	265.0	206.0	287.0	219.0	302.0	219.0	367.0	184.0	0
76.0	201.0	72.0	215.0	98.0	198.0	156.0	165.0	139.0	179.0	173.0	213.0	170.0	234.0	161.0	252.0	179.0	186.0	198.0	158.0	195.0	196.0	202.0	170.0	224.0	176.0	271.0	177.0	255.0	248.0	266.0	207.0	285.0	220.0	301.0	220.0	367.0	184.0	0
70.0	200.0	67.0	215.0	94.0	197.0	156.0	163.0	139.0	178.0	173.0	212.0	168.0	235.0	158.0	253.0	178.0	185.0	200.0	157.0	196.0	197.0	204.0	170.0	227.0	176.0	265.0	178.0	258.0	251.0	263.0	206.0	287.0	221.0	300.0	221.0	369.0	183.0	0
75.0	200.0	71.0	216.0	97.0	197.0	157.0	163.0	139.0	179.0	173.0	214.0	171.0	237.0	162.0	255.0	180.0	186.0	203.0	157.0	195.0	196.0	205.0	168.0	225.0	174.0	272.0	177.0	257.0	252.0	268.0	209.0	288.0	221.0	303.0	220.0	370.0	184.0	0
77.0	201.0	74.0	216.0	100.0	198.0	159.0	164.0	143.0	179.0	174.0	212.0	170.0	234.0	161.0	250.0	180.0	186.0	202.0	158.0	197.0	197.0	207.0	171.0	227.0	176.0	265.0	179.0	254.0	248.0	262.0	207.0	281.0	220.0	295.0	220.0	363.0	187.0	0
75.0	200.0	71.0	215.0	96.0	197.0	159.0	164.0	141.0	178.0	173.0	214.0	168.0	236.0	159.0	252.0	179.0	186.0	198.0	158.0	195.0	197.0	202.0	170.0	222.0	175.0	269.0	177.0	259.0	251.0	264.0	205.0	286.0	220.0	303.0	220.0	370.0	184.0	0
78.0	201.0	75.0	217.0	99.0	198.0	157.0	164.0	141.0	178.0	174.0	212.0	171.0	235.0	161.0	252.0	180.0	185.0	200.0	158.0	196.0	197.0	204.0	169.0	224.0	175.0	268.0	177.0	253.0	248.0	265.0	207.0	286.0	219.0	299.0	219.0	367.0	186.0	0
75.0	200.0	72.0	215.0	99.0	197.0	160.0	164.0	142.0	179.0	174.0	212.0	172.0	234.0	163.0	252.0	180.0	187.0	200.0	158.0	195.0	196.0	205.0	171.0	226.0	175.0	267.0	178.0	253.0	247.0	265.0	206.0	283.0	219.0	298.0	219.0	360.0	186.0	0
77.0	202.0	72.0	215.0	102.0	198.0	157.0	165.0	141.0	179.0	175.0	214.0	172.0	234.0	163.0	251.0	180.0	187.0	200.0	158.0	195.0	197.0	205.0	170.0	225.0	176.0	265.0	177.0	254.0	247.0	262.0	206.0	283.0	220.0	297.0	220.0	364.0	185.0	0
69.0	201.0	65.0	216.0	92.0	198.0	159.0	161.0	141.0	176.0	171.0	211.0	169.0	237.0	160.0	255.0	182.0	185.0	201.0	155.0	194.0	195.0	206.0	168.0	227.0	174.0	270.0	177.0	256.0	253.0	270.0	209.0	289.0	221.0	304.0	222.0	368.0	185.0	0
77.0	201.0	73.0	216.0	96.0	198.0	157.0	164.0	140.0	179.0	175.0	211.0	173.0	233.0	165.0	251.0	178.0	186.0	200.0	160.0	195.0	195.0	204.0	171.0	224.0	175.0	268.0	177.0	260.0	246.0	268.0	206.0	287.0	218.0	301.0	217.0	364.0	183.0	0
81.0	201.0	78.0	217.0	101.0	198.0	156.0	165.0	140.0	180.0	174.0	214.0	173.0	235.0	165.0	252.0	177.0	186.0	198.0	159.0	197.0	198.0	202.0	171.0	222.0	176.0	264.0	177.0	260.0	248.0	263.0	206.0	286.0	219.0	299.0	218.0	362.0	180.0	0
75.0	199.0	71.0	215.0	95.0	196.0	159.0	163.0	142.0	177.0	175.0	213.0	170.0	236.0	162.0	254.0	181.0	185.0	200.0	157.0	197.0	195.0	205.0	169.0	226.0	175.0	266.0	177.0	255.0	251.0	268.0	208.0	287.0	220.0	301.0	220.0	368.0	184.0	0
75.0	200.0	70.0	214.0	97.0	198.0	157.0	164.0	141.0	179.0	173.0	212.0	171.0	235.0	161.0	253.0	178.0	185.0	202.0	157.0	197.0	196.0	205.0	169.0	228.0	175.0	267.0	177.0	257.0	249.0	264.0	206.0	287.0	220.0	300.0	220.0	365.0	183.0	0
77.0	200.0	73.0	215.0	99.0	198.0	160.0	164.0	141.0	180.0	175.0	213.0	172.0	236.0	162.0	252.0	181.0	186.0	199.0	158.0	194.0	195.0	202.0	169.0	224.0	175.0	269.0	178.0	257.0	249.0	264.0	205.0	288.0	220.0	300.0	220.0	365.0	185.0	0
69.0	200.0	67.0	216.0	93.0	197.0	157.0	163.0	140.0	178.0	174.0	214.0	169.0	236.0	161.0	253.0	180.0	185.0	201.0	157.0	200.0	197.0	205.0	169.0	228.0	175.0	268.0	177.0	260.0	250.0	266.0	207.0	286.0	220.0	303.0	221.0	370.0	185.0	0
76.0	200.0	72.0	217.0	98.0	198.0	157.0	164.0	141.0	178.0	174.0	214.0	171.0	236.0	164.0	254.0	180.0	186.0	199.0	158.0	195.0	196.0	204.0	170.0	225.0	176.0	265.0	178.0	258.0	250.0	262.0	205.0	285.0	219.0	298.0	219.0	365.0	185.0	0
76.0	201.0	73.0	216.0	100.0	198.0	158.0	164.0	143.0	179.0	174.0	212.0	170.0	235.0	161.0	251.0	181.0	186.0	200.0	157.0	196.0	196.0	205.0	170.0	224.0	175.0	272.0	178.0	257.0	249.0	265.0	206.0	286.0	221.0	300.0	220.0	365.0	186.0	0
80.0	200.0	77.0	215.0	100.0	198.0	159.0	165.0	143.0	178.0	175.0	212.0	174.0	235.0	165.0	252.0	180.0	186.0	200.0	159.0	196.0	196.0	203.0	170.0	224.0	176.0	267.0	179.0	253.0	247.0	262.0	205.0	284.0	219.0	298.0	219.0	365.0	185.0	0
82.0	199.0	78.0	215.0	102.0	197.0	160.0	163.0	145.0	177.0	173.0	212.0	171.0	234.0	161.0	252.0	179.0	185.0	198.0	158.0	195.0	196.0	204.0	169.0	222.0	174.0	266.0	177.0	251.0	249.0	261.0	206.0	283.0	220.0	296.0	219.0	357.0	185.0	0
75.0	201.0	71.0	215.0	99.0	198.0	153.0	166.0	140.0	180.0	175.0	212.0	172.0	233.0	163.0	250.0	182.0	187.0	198.0	159.0	195.0	195.0	202.0	172.0	223.0	176.0	271.0	179.0	260.0	246.0	265.0	205.0	287.0	219.0	300.0	218.0	365.0	184.0	0
76.0	200.0	70.0	214.0	98.0	197.0	158.0	162.0	139.0	179.0	173.0	211.0	172.0	236.0	162.0	255.0	180.0	185.0	200.0	157.0	196.0	197.0	205.0	170.0	225.0	175.0	271.0	178.0	252.0	250.0	263.0	207.0	285.0	221.0	300.0	221.0	368.0	185.0	0
78.0	200.0	74.0	214.0	98.0	198.0	160.0	165.0	142.0	180.0	176.0	213.0	172.0	234.0	163.0	250.0	180.0	185.0	202.0	159.0	196.0	196.0	204.0	170.0	225.0	175.0	266.0	179.0	257.0	247.0	262.0	206.0	284.0	220.0	300.0	220.0	365.0	186.0	0
72.0	201.0	69.0	217.0	96.0	198.0	159.0	162.0	141.0	177.0	172.0	214.0	169.0	237.0	161.0	254.0	180.0	185.0	201.0	156.0	199.0	197.0	205.0	169.0	226.0	175.0	269.0	179.0	254.0	250.0	265.0	208.0	285.0	221.0	300.0	221.0	371.0	187.0	0
80.0	201.0	76.0	216.0	99.0	198.0	160.0	164.0	143.0	179.0	175.0	212.0	172.0	235.0	163.0	252.0	180.0	185.0	202.0	158.0	197.0	196.0	205.0	169.0	224.0	175.0	268.0	179.0	253.0	247.0	264.0	208.0	283.0	220.0	298.0	220.0	362.0	186.0	0
79.0	201.0	75.0	214.0	99.0	198.0	159.0	165.0	143.0	180.0	175.0	213.0	173.0	236.0	165.0	251.0	182.0	187.0	200.0	159.0	195.0	196.0	204.0	172.0	225.0	177.0	264.0	179.0	254.0	247.0	261.0	206.0	282.0	219.0	294.0	219.0	359.0	184.0	0
75.0	200.0	71.0	214.0	100.0	197.0	160.0	164.0	143.0	179.0	173.0	213.0	172.0	235.0	161.0	252.0	181.0	186.0	199.0	159.0	194.0	196.0	204.0	171.0	226.0	176.0	265.0	178.0	254.0	247.0	262.0	206.0	285.0	220.0	299.0	220.0	361.0	183.0	0
76.0	201.0	70.0	216.0	100.0	198.0	159.0	164.0	142.0	178.0	174.0	213.0	169.0	235.0	162.0	250.0	179.0	185.0	200.0	158.0	198.0	197.0	204.0	170.0	226.0	176.0	266.0	179.0	256.0	248.0	263.0	206.0	283.0	219.0	297.0	219.0	363.0	185.0	0
77.0	201.0	72.0	216.0	97.0	199.0	156.0	163.0	139.0	180.0	174.0	214.0	171.0	237.0	162.0	254.0	177.0	185.0	197.0	157.0	196.0	197.0	200.0	169.0	222.0	175.0	263.0	176.0	257.0	251.0	268.0	208.0	288.0	221.0	301.0	220.0	363.0	182.0	0
75.0	201.0	70.0	215.0	98.0	198.0	156.0	165.0	139.0	179.0	173.0	213.0	170.0	235.0	163.0	254.0	180.0	186.0	199.0	158.0	195.0	196.0	202.0	170.0	226.0	176.0	267.0	177.0	260.0	249.0	267.0	206.0	291.0	220.0	303.0	220.0	371.0	183.0	0
77.0	200.0	73.0	216.0	98.0	198.0	157.0	164.0	140.0	178.0	174.0	215.0	172.0	237.0	165.0	254.0	179.0	186.0	202.0	157.0	194.0	196.0	205.0	169.0	224.0	174.0	270.0	178.0	261.0	250.0	263.0	206.0	288.0	221.0	301.0	220.0	370.0	183.0	0
73.0	200.0	70.0	215.0	95.0	197.0	157.0	164.0	140.0	179.0	173.0	212.0	171.0	235.0	162.0	253.0	179.0	185.0	199.0	159.0	196.0	197.0	205.0	170.0	225.0	175.0	269.0	178.0	259.0	249.0	266.0	207.0	287.0	219.0	301.0	219.0	364.0	183.0	0
76.0	200.0	73.0	215.0	97.0	198.0	157.0	164.0	140.0	179.0	173.0	213.0	171.0	235.0	162.0	253.0	181.0	186.0	201.0	157.0	195.0	196.0	205.0	169.0	225.0	174.0	267.0	177.0	253.0	249.0	265.0	207.0	284.0	220.0	298.0	220.0	361.0	185.0	0
76.0	200.0	72.0	215.0	101.0	197.0	158.0	165.0	141.0	180.0	173.0	212.0	171.0	234.0	162.0	251.0	180.0	186.0	201.0	159.0	196.0	196.0	205.0	171.0	224.0	176.0	266.0	178.0	256.0	247.0	264.0	207.0	282.0	219.0	296.0	219.0	358.0	185.0	0
76.0	201.0	73.0	215.0	98.0	199.0	158.0	164.0	140.0	179.0	173.0	212.0	171.0	234.0	164.0	251.0	179.0	186.0	201.0	158.0	195.0	197.0	204.0	169.0	225.0	175.0	266.0	177.0	258.0	246.0	267.0	208.0	285.0	220.0	300.0	221.0	365.0	184.0	0
65.0	199.0	63.0	215.0	88.0	196.0	153.0	162.0	139.0	176.0	175.0	213.0	172.0	237.0	163.0	256.0	179.0	184.0	200.0	157.0	197.0	196.0	205.0	169.0	226.0	174.0	272.0	176.0	259.0	252.0	268.0	205.0	291.0	219.0	306.0	219.0	377.0	184.0	0
68.0	199.0	65.0	214.0	96.0	196.0	154.0	162.0	139.0	176.0	174.0	212.0	170.0	235.0	161.0	254.0	183.0	184.0	201.0	157.0	197.0	195.0	206.0	169.0	229.0	175.0	271.0	178.0	261.0	249.0	269.0	207.0	290.0	221.0	305.0	221.0	372.0	184.0	0
78.0	200.0	74.0	215.0	96.0	197.0	159.0	162.0	141.0	177.0	173.0	213.0	170.0	236.0	160.0	253.0	178.0	185.0	201.0	156.0	197.0	196.0	206.0	170.0	227.0	176.0	267.0	179.0	251.0	250.0	263.0	207.0	283.0	220.0	296.0	220.0	362.0	187.0	0
74.0	199.0	70.0	214.0	95.0	197.0	155.0	163.0	138.0	178.0	172.0	213.0	171.0	237.0	161.0	254.0	180.0	186.0	200.0	157.0	197.0	197.0	205.0	170.0	227.0	176.0	271.0	177.0	256.0	251.0	264.0	206.0	286.0	220.0	299.0	220.0	367.0	183.0	0
77.0	201.0	73.0	215.0	97.0	198.0	157.0	163.0	142.0	178.0	174.0	213.0	170.0	237.0	163.0	253.0	182.0	186.0	203.0	157.0	199.0	197.0	207.0	169.0	226.0	175.0	267.0	178.0	254.0	250.0	264.0	207.0	281.0	220.0	297.0	221.0	365.0	186.0	0
70.0	200.0	67.0	217.0	92.0	197.0	154.0	161.0	138.0	176.0	172.0	213.0	168.0	236.0	159.0	253.0	178.0	184.0	199.0	155.0	196.0	197.0	204.0	168.0	227.0	174.0	270.0	176.0	262.0	253.0	269.0	207.0	291.0	221.0	306.0	222.0	372.0	181.0	0
76.0	200.0	73.0	215.0	96.0	198.0	159.0	164.0	143.0	179.0	176.0	214.0	172.0	235.0	164.0	252.0	180.0	185.0	201.0	158.0	199.0	197.0	204.0	170.0	223.0	174.0	266.0	177.0	258.0	248.0	261.0	205.0	285.0	220.0	299.0	220.0	363.0	185.0	0
76.0	201.0	71.0	215.0	97.0	198.0	156.0	164.0	139.0	180.0	173.0	212.0	170.0	235.0	163.0	252.0	179.0	186.0	199.0	158.0	199.0	197.0	204.0	170.0	225.0	175.0	265.0	178.0	257.0	247.0	265.0	207.0	284.0	220.0	297.0	219.0	360.0	182.0	0
74.0	199.0	69.0	215.0	97.0	197.0	159.0	161.0	142.0	176.0	175.0	212.0	171.0	236.0	161.0	254.0	180.0	184.0	202.0	156.0	200.0	197.0	206.0	169.0	228.0	175.0	268.0	178.0	255.0	251.0	263.0	207.0	283.0	221.0	298.0	220.0	362.0	185.0	0
73.0	201.0	69.0	215.0	99.0	198.0	155.0	164.0	140.0	179.0	173.0	213.0	171.0	234.0	160.0	251.0	179.0	185.0	198.0	157.0	195.0	196.0	204.0	170.0	227.0	176.0	270.0	177.0	252.0	250.0	266.0	207.0	285.0	220.0	299.0	220.0	363.0	185.0	0
76.0	201.0	74.0	217.0	99.0	197.0	158.0	162.0	141.0	179.0	172.0	212.0	171.0	236.0	160.0	253.0	180.0	185.0	200.0	156.0	195.0	195.0	204.0	169.0	225.0	174.0	268.0	177.0	254.0	249.0	260.0	205.0	284.0	221.0	300.0	222.0	367.0	187.0	0
76.0	201.0	72.0	215.0	98.0	198.0	155.0	165.0	138.0	179.0	174.0	213.0	171.0	235.0	162.0	253.0	180.0	186.0	198.0	158.0	195.0	197.0	202.0	170.0	223.0	175.0	266.0	177.0	259.0	250.0	265.0	208.0	286.0	220.0	300.0	219.0	364.0	181.0	0
74.0	201.0	70.0	216.0	95.0	198.0	158.0	162.0	139.0	178.0	172.0	214.0	171.0	238.0	162.0	256.0	182.0	186.0	199.0	157.0	197.0	197.0	203.0	169.0	227.0	174.0	266.0	177.0	256.0	252.0	265.0	206.0	287.0	220.0	302.0	220.0	367.0	184.0	0
73.0	202.0	71.0	217.0	95.0	200.0	156.0	163.0	141.0	178.0	175.0	212.0	174.0	236.0	166.0	254.0	182.0	185.0	201.0	158.0	197.0	195.0	204.0	169.0	226.0	175.0	268.0	178.0	258.0	248.0	263.0	204.0	286.0	219.0	300.0	220.0	366.0	186.0	0
78.0	201.0	75.0	214.0	98.0	198.0	159.0	165.0	142.0	179.0	173.0	212.0	170.0	235.0	162.0	251.0	181.0	186.0	200.0	158.0	196.0	196.0	205.0	170.0	223.0	175.0	273.0	179.0	252.0	248.0	265.0	207.0	284.0	220.0	298.0	220.0	364.0	186.0	0
74.0	200.0	71.0	215.0	94.0	197.0	156.0	163.0	139.0	177.0	175.0	213.0	172.0	235.0	163.0	254.0	181.0	185.0	199.0	157.0	198.0	196.0	204.0	170.0	229.0	176.0	272.0	178.0	258.0	248.0	268.0	206.0	289.0	219.0	302.0	219.0	370.0	184.0	0
75.0	200.0	71.0	215.0	98.0	197.0	156.0	164.0	138.0	179.0	174.0	213.0	170.0	235.0	161.0	253.0	178.0	185.0	200.0	158.0	197.0	196.0	203.0	168.0	225.0	174.0	268.0	177.0	261.0	249.0	267.0	207.0	290.0	220.0	302.0	220.0	367.0	182.0	0
75.0	200.0	73.0	216.0	96.0	197.0	154.0	163.0	137.0	179.0	172.0	212.0	169.0	236.0	159.0	252.0	182.0	186.0	198.0	158.0	195.0	196.0	203.0	170.0	226.0	175.0	265.0	177.0	255.0	248.0	264.0	205.0	287.0	220.0	301.0	220.0	365.0	184.0	0
75.0	200.0	71.0	214.0	96.0	197.0	160.0	165.0	143.0	179.0	176.0	212.0	173.0	234.0	164.0	251.0	182.0	185.0	202.0	160.0	197.0	195.0	203.0	171.0	223.0	176.0	263.0	179.0	258.0	246.0	265.0	206.0	283.0	218.0	299.0	218.0	362.0	184.0	0
74.0	201.0	70.0	214.0	97.0	198.0	157.0	163.0	137.0	180.0	174.0	212.0	171.0	235.0	163.0	252.0	175.0	186.0	200.0	158.0	196.0	197.0	204.0	169.0	224.0	174.0	267.0	176.0	256.0	248.0	265.0	207.0	286.0	220.0	300.0	220.0	367.0	183.0	0
74.0	201.0	71.0	216.0	97.0	198.0	156.0	164.0	139.0	179.0	174.0	212.0	172.0	235.0	164.0	253.0	178.0	184.0	200.0	158.0	196.0	196.0	204.0	170.0	227.0	175.0	268.0	177.0	258.0	250.0	265.0	205.0	288.0	220.0	302.0	220.0	368.0	185.0	0
72.0	200.0	67.0	215.0	95.0	198.0	158.0	162.0	142.0	177.0	176.0	213.0	173.0	236.0	161.0	253.0	180.0	184.0	200.0	156.0	198.0	196.0	204.0	168.0	227.0	175.0	266.0	177.0	259.0	249.0	266.0	207.0	286.0	221.0	301.0	220.0	370.0	184.0	0
66.0	200.0	63.0	216.0	91.0	197.0	154.0	160.0	137.0	177.0	171.0	213.0	168.0	237.0	158.0	255.0	180.0	184.0	199.0	154.0	195.0	195.0	204.0	168.0	227.0	175.0	270.0	177.0	260.0	251.0	269.0	208.0	289.0	221.0	306.0	222.0	376.0	184.0	0
77.0	200.0	74.0	214.0	101.0	197.0	159.0	165.0	142.0	179.0	175.0	212.0	173.0	234.0	166.0	252.0	181.0	186.0	199.0	159.0	194.0	196.0	203.0	170.0	223.0	175.0	272.0	179.0	254.0	249.0	262.0	205.0	284.0	218.0	297.0	218.0	363.0	185.0	0
75.0	200.0	72.0	215.0	98.0	198.0	158.0	164.0	141.0	179.0	173.0	213.0	169.0	235.0	159.0	252.0	178.0	186.0	201.0	158.0	195.0	198.0	205.0	169.0	227.0	175.0	271.0	178.0	254.0	250.0	265.0	209.0	284.0	222.0	299.0	222.0	368.0	185.0	0
71.0	200.0	67.0	215.0	94.0	197.0	156.0	164.0	139.0	178.0	173.0	212.0	171.0	234.0	162.0	253.0	181.0	187.0	198.0	158.0	195.0	196.0	203.0	170.0	227.0	176.0	268.0	177.0	256.0	248.0	267.0	207.0	287.0	220.0	301.0	220.0	367.0	184.0	0
74.0	200.0	69.0	215.0	97.0	197.0	156.0	165.0	138.0	179.0	173.0	212.0	169.0	235.0	161.0	251.0	179.0	185.0	200.0	159.0	197.0	196.0	202.0	170.0	228.0	176.0	271.0	178.0	256.0	247.0	265.0	205.0	289.0	220.0	303.0	219.0	366.0	184.0	0
74.0	200.0	69.0	215.0	100.0	197.0	159.0	163.0	143.0	178.0	175.0	213.0	172.0	236.0	162.0	253.0	182.0	185.0	200.0	157.0	198.0	196.0	205.0	169.0	226.0	174.0	268.0	177.0	253.0	251.0	263.0	207.0	282.0	220.0	297.0	220.0	363.0	184.0	0
79.0	200.0	74.0	215.0	100.0	198.0	159.0	164.0	141.0	179.0	176.0	212.0	174.0	235.0	165.0	252.0	181.0	186.0	198.0	158.0	197.0	197.0	203.0	170.0	224.0	175.0	263.0	178.0	254.0	246.0	261.0	206.0	280.0	218.0	293.0	218.0	362.0	187.0	0
70.0	202.0	65.0	219.0	94.0	198.0	154.0	161.0	137.0	177.0	172.0	213.0	170.0	237.0	161.0	256.0	179.0	184.0	201.0	154.0	194.0	195.0	203.0	167.0	228.0	174.0	273.0	177.0	260.0	252.0	268.0	207.0	291.0	221.0	307.0	222.0	373.0	185.0	0
75.0	201.0	72.0	217.0	98.0	197.0	158.0	163.0	141.0	178.0	173.0	213.0	170.0	235.0	161.0	252.0	181.0	185.0	199.0	157.0	196.0	196.0	203.0	169.0	225.0	175.0	262.0	177.0	255.0	249.0	265.0	208.0	283.0	219.0	297.0	219.0	366.0	184.0	0
75.0	201.0	72.0	217.0	94.0	197.0	157.0	162.0	139.0	178.0	172.0	211.0	170.0	235.0	160.0	253.0	181.0	184.0	201.0	156.0	197.0	195.0	206.0	168.0	228.0	174.0	269.0	177.0	253.0	249.0	263.0	205.0	286.0	221.0	300.0	220.0	365.0	187.0	0
76.0	202.0	71.0	216.0	97.0	198.0	157.0	165.0	141.0	179.0	176.0	213.0	175.0	236.0	166.0	252.0	181.0	186.0	200.0	159.0	198.0	196.0	204.0	170.0	225.0	176.0	267.0	179.0	259.0	245.0	266.0	206.0	286.0	220.0	302.0	218.0	366.0	186.0	0
75.0	201.0	71.0	216.0	96.0	198.0	154.0	165.0	139.0	179.0	172.0	213.0	170.0	236.0	162.0	253.0	178.0	186.0	200.0	159.0	195.0	197.0	202.0	170.0	223.0	175.0	265.0	178.0	257.0	249.0	264.0	206.0	288.0	220.0	302.0	220.0	365.0	184.0	0
75.0	200.0	72.0	215.0	99.0	198.0	156.0	163.0	140.0	180.0	175.0	213.0	172.0	237.0	163.0	255.0	179.0	186.0	199.0	157.0	197.0	197.0	204.0	169.0	225.0	175.0	271.0	178.0	258.0	250.0	263.0	206.0	286.0	220.0	299.0	219.0	366.0	185.0	0
75.0	200.0	72.0	216.0	97.0	197.0	158.0	163.0	141.0	178.0	174.0	212.0	171.0	235.0	161.0	253.0	180.0	185.0	202.0	157.0	199.0	197.0	206.0	170.0	227.0	176.0	265.0	178.0	256.0	249.0	262.0	205.0	285.0	220.0	297.0	220.0	363.0	185.0	0
74.0	202.0	71.0	218.0	94.0	198.0	154.0	164.0	138.0	179.0	174.0	213.0	172.0	236.0	164.0	255.0	177.0	185.0	198.0	157.0	196.0	197.0	202.0	169.0	224.0	175.0	265.0	176.0	258.0	248.0	268.0	206.0	291.0	220.0	306.0	219.0	368.0	183.0	0
76.0	202.0	73.0	217.0	99.0	199.0	157.0	164.0	140.0	179.0	176.0	213.0	171.0	235.0	162.0	252.0	180.0	185.0	199.0	157.0	199.0	198.0	204.0	170.0	227.0	176.0	266.0	177.0	258.0	251.0	265.0	207.0	285.0	221.0	297.0	220.0	366.0	184.0	0
74.0	200.0	70.0	214.0	96.0	197.0	157.0	166.0	143.0	178.0	174.0	212.0	171.0	234.0	162.0	251.0	182.0	187.0	200.0	160.0	197.0	198.0	205.0	171.0	226.0	177.0	266.0	178.0	255.0	248.0	262.0	206.0	281.0	219.0	295.0	219.0	363.0	186.0	0
70.0	200.0	66.0	216.0	92.0	197.0	156.0	161.0	139.0	176.0	173.0	213.0	170.0	237.0	160.0	256.0	179.0	184.0	198.0	155.0	196.0	196.0	204.0	167.0	227.0	173.0	271.0	176.0	261.0	252.0	268.0	206.0	293.0	221.0	306.0	219.0	375.0	182.0	0
78.0	202.0	74.0	215.0	98.0	199.0	158.0	164.0	140.0	180.0	176.0	213.0	173.0	234.0	164.0	251.0	180.0	186.0	199.0	158.0	197.0	196.0	204.0	170.0	225.0	176.0	266.0	179.0	254.0	246.0	262.0	206.0	282.0	219.0	297.0	219.0	360.0	188.0	0
74.0	201.0	70.0	216.0	96.0	197.0	156.0	163.0	138.0	179.0	173.0	214.0	170.0	236.0	161.0	253.0	180.0	185.0	197.0	157.0	197.0	197.0	203.0	170.0	226.0	175.0	270.0	178.0	257.0	249.0	265.0	206.0	286.0	219.0	301.0	219.0	368.0	184.0	0
75.0	201.0	72.0	216.0	98.0	198.0	159.0	164.0	143.0	179.0	174.0	213.0	171.0	235.0	161.0	252.0	183.0	187.0	199.0	158.0	195.0	196.0	203.0	171.0	225.0	176.0	264.0	178.0	256.0	248.0	263.0	206.0	283.0	219.0	299.0	219.0	364.0	186.0	0
80.0	201.0	75.0	215.0	98.0	198.0	160.0	164.0	143.0	179.0	173.0	212.0	170.0	234.0	162.0	250.0	183.0	187.0	202.0	158.0	197.0	195.0	206.0	170.0	227.0	176.0	266.0	179.0	254.0	247.0	263.0	206.0	282.0	220.0	295.0	221.0	361.0	188.0	0
72.0	201.0	71.0	216.0	95.0	198.0	157.0	164.0	140.0	179.0	173.0	212.0	169.0	234.0	160.0	251.0	180.0	186.0	200.0	163.0	194.0	196.0	223.0	175.0	255.0	247.0	263.0	176.0	261.0	204.0	283.0	218.0	296.0	218.0	309.0	224.0	360.0	181.0	0
72.0	201.0	69.0	214.0	96.0	198.0	157.0	164.0	142.0	178.0	174.0	212.0	169.0	234.0	161.0	251.0	185.0	187.0	200.0	159.0	194.0	195.0	204.0	170.0	229.0	176.0	273.0	178.0	260.0	247.0	267.0	206.0	289.0	221.0	304.0	221.0	366.0	184.0	0
69.0	201.0	64.0	217.0	92.0	198.0	153.0	160.0	135.0	176.0	171.0	214.0	170.0	240.0	160.0	258.0	177.0	184.0	200.0	154.0	194.0	195.0	204.0	166.0	225.0	172.0	269.0	175.0	259.0	252.0	267.0	206.0	290.0	221.0	304.0	220.0	373.0	184.0	0
78.0	199.0	73.0	214.0	99.0	196.0	162.0	163.0	144.0	178.0	176.0	212.0	172.0	236.0	163.0	253.0	185.0	186.0	204.0	158.0	199.0	196.0	208.0	170.0	226.0	174.0	265.0	178.0	253.0	250.0	265.0	208.0	284.0	220.0	297.0	220.0	360.0	184.0	0
75.0	200.0	71.0	215.0	95.0	198.0	158.0	164.0	139.0	180.0	173.0	212.0	170.0	236.0	163.0	251.0	180.0	187.0	200.0	158.0	195.0	197.0	204.0	169.0	226.0	175.0	270.0	178.0	259.0	248.0	265.0	205.0	287.0	219.0	302.0	219.0	365.0	184.0	0
80.0	201.0	78.0	216.0	101.0	197.0	161.0	164.0	143.0	179.0	175.0	212.0	172.0	236.0	163.0	252.0	179.0	186.0	200.0	158.0	200.0	198.0	205.0	170.0	224.0	175.0	264.0	178.0	258.0	249.0	263.0	206.0	286.0	220.0	298.0	219.0	367.0	184.0	0
75.0	200.0	71.0	216.0	97.0	198.0	157.0	163.0	139.0	179.0	175.0	213.0	173.0	236.0	163.0	254.0	179.0	185.0	199.0	156.0	197.0	196.0	203.0	169.0	226.0	175.0	264.0	176.0	259.0	249.0	265.0	207.0	285.0	220.0	299.0	220.0	365.0	183.0	0
76.0	201.0	71.0	215.0	98.0	198.0	158.0	164.0	142.0	179.0	175.0	213.0	173.0	236.0	165.0	253.0	180.0	186.0	201.0	158.0	197.0	196.0	204.0	170.0	224.0	175.0	266.0	178.0	256.0	248.0	264.0	206.0	285.0	219.0	299.0	219.0	369.0	186.0	0
74.0	200.0	72.0	216.0	95.0	198.0	158.0	165.0	141.0	181.0	171.0	211.0	170.0	233.0	162.0	250.0	179.0	185.0	200.0	159.0	195.0	196.0	204.0	171.0	229.0	177.0	267.0	178.0	257.0	246.0	267.0	206.0	287.0	219.0	301.0	219.0	368.0	185.0	0
76.0	201.0	73.0	216.0	96.0	199.0	157.0	164.0	140.0	179.0	174.0	213.0	171.0	235.0	162.0	252.0	179.0	185.0	198.0	158.0	196.0	196.0	203.0	170.0	224.0	175.0	267.0	177.0	255.0	249.0	267.0	207.0	286.0	219.0	300.0	219.0	363.0	185.0	0
78.0	201.0	73.0	214.0	103.0	197.0	159.0	165.0	141.0	180.0	174.0	213.0	171.0	234.0	162.0	250.0	180.0	186.0	199.0	160.0	199.0	198.0	202.0	170.0	224.0	176.0	264.0	178.0	257.0	249.0	263.0	206.0	283.0	219.0	296.0	218.0	364.0	186.0	0
74.0	199.0	70.0	216.0	96.0	196.0	159.0	162.0	141.0	178.0	174.0	212.0	171.0	236.0	161.0	254.0	180.0	184.0	200.0	156.0	198.0	196.0	205.0	168.0	226.0	174.0	265.0	177.0	257.0	250.0	265.0	206.0	286.0	219.0	300.0	219.0	366.0	185.0	0
71.0	200.0	66.0	216.0	96.0	196.0	156.0	163.0	140.0	178.0	174.0	214.0	170.0	238.0	160.0	255.0	181.0	185.0	201.0	156.0	198.0	197.0	204.0	168.0	226.0	174.0	268.0	177.0	255.0	251.0	265.0	207.0	287.0	222.0	301.0	221.0	364.0	183.0	0
79.0	200.0	75.0	215.0	102.0	197.0	159.0	164.0	142.0	178.0	173.0	212.0	172.0	235.0	165.0	252.0	183.0	187.0	200.0	158.0	195.0	196.0	205.0	170.0	225.0	176.0	269.0	179.0	256.0	246.0	260.0	204.0	284.0	220.0	297.0	219.0	362.0	186.0	0
65.0	202.0	60.0	217.0	87.0	198.0	157.0	160.0	139.0	175.0	174.0	212.0	172.0	236.0	165.0	257.0	181.0	184.0	204.0	155.0	200.0	197.0	206.0	167.0	234.0	176.0	275.0	179.0	264.0	249.0	269.0	207.0	287.0	218.0	303.0	221.0	356.0	185.0	0
73.0	201.0	69.0	214.0	96.0	198.0	156.0	165.0	140.0	180.0	174.0	213.0	172.0	234.0	162.0	252.0	179.0	186.0	199.0	159.0	196.0	197.0	203.0	171.0	226.0	177.0	271.0	179.0	257.0	248.0	267.0	207.0	287.0	219.0	303.0	219.0	367.0	184.0	0
75.0	200.0	72.0	214.0	97.0	197.0	157.0	165.0	143.0	179.0	173.0	213.0	168.0	233.0	160.0	250.0	179.0	186.0	199.0	159.0	198.0	197.0	203.0	171.0	227.0	177.0	266.0	179.0	255.0	249.0	262.0	208.0	282.0	221.0	296.0	220.0	364.0	185.0	0
76.0	201.0	73.0	216.0	97.0	198.0	156.0	164.0	141.0	179.0	174.0	212.0	171.0	235.0	161.0	253.0	182.0	186.0	199.0	159.0	197.0	196.0	202.0	170.0	223.0	175.0	266.0	178.0	251.0	247.0	263.0	207.0	283.0	220.0	296.0	219.0	361.0	186.0	0
74.0	201.0	70.0	217.0	95.0	199.0	155.0	163.0	138.0	178.0	173.0	213.0	171.0	236.0	163.0	254.0	180.0	185.0	199.0	157.0	196.0	195.0	203.0	169.0	224.0	174.0	265.0	177.0	257.0	248.0	263.0	204.0	286.0	220.0	300.0	219.0	368.0	187.0	0
80.0	200.0	77.0	215.0	101.0	197.0	160.0	165.0	142.0	180.0	174.0	212.0	173.0	235.0	163.0	251.0	182.0	186.0	197.0	159.0	196.0	195.0	203.0	171.0	223.0	176.0	263.0	177.0	255.0	248.0	262.0	206.0	284.0	220.0	297.0	219.0	357.0	183.0	0
73.0	201.0	68.0	216.0	95.0	198.0	157.0	163.0	141.0	177.0	173.0	214.0	167.0	236.0	159.0	253.0	179.0	184.0	201.0	157.0	197.0	197.0	204.0	169.0	227.0	175.0	268.0	178.0	256.0	251.0	262.0	206.0	286.0	221.0	300.0	222.0	371.0	186.0	0
76.0	200.0	71.0	215.0	97.0	197.0	156.0	164.0	139.0	178.0	172.0	213.0	168.0	235.0	159.0	252.0	181.0	186.0	201.0	158.0	196.0	196.0	205.0	170.0	226.0	176.0	265.0	178.0	256.0	251.0	265.0	209.0	285.0	222.0	299.0	221.0	362.0	182.0	0
74.0	201.0	69.0	216.0	98.0	198.0	156.0	163.0	139.0	180.0	174.0	213.0	171.0	236.0	163.0	254.0	177.0	185.0	197.0	157.0	194.0	197.0	204.0	170.0	223.0	175.0	263.0	176.0	259.0	250.0	265.0	207.0	286.0	220.0	299.0	219.0	365.0	181.0	0
77.0	200.0	73.0	215.0	98.0	197.0	155.0	162.0	138.0	178.0	174.0	214.0	172.0	237.0	163.0	254.0	177.0	184.0	199.0	157.0	197.0	197.0	202.0	168.0	227.0	176.0	268.0	177.0	255.0	250.0	264.0	206.0	285.0	219.0	299.0	220.0	364.0	183.0	0
71.0	200.0	65.0	216.0	95.0	198.0	157.0	163.0	140.0	179.0	173.0	213.0	170.0	235.0	161.0	253.0	179.0	185.0	202.0	157.0	199.0	197.0	206.0	170.0	227.0	176.0	268.0	178.0	256.0	248.0	265.0	207.0	285.0	220.0	301.0	221.0	368.0	186.0	0
74.0	200.0	70.0	215.0	99.0	197.0	157.0	164.0	140.0	179.0	175.0	213.0	171.0	235.0	162.0	251.0	180.0	185.0	200.0	158.0	197.0	197.0	203.0	170.0	226.0	176.0	268.0	178.0	260.0	249.0	266.0	206.0	287.0	220.0	300.0	220.0	365.0	183.0	0
76.0	200.0	71.0	216.0	99.0	197.0	157.0	164.0	141.0	179.0	172.0	212.0	168.0	235.0	159.0	251.0	179.0	186.0	202.0	158.0	195.0	197.0	207.0	170.0	228.0	176.0	267.0	179.0	254.0	248.0	262.0	207.0	281.0	220.0	298.0	221.0	366.0	186.0	0
68.0	201.0	63.0	216.0	96.0	198.0	156.0	163.0	139.0	178.0	172.0	214.0	169.0	235.0	159.0	254.0	183.0	186.0	197.0	156.0	193.0	194.0	203.0	169.0	228.0	175.0	271.0	177.0	257.0	251.0	266.0	206.0	289.0	221.0	306.0	222.0	371.0	183.0	0
77.0	200.0	73.0	214.0	99.0	198.0	156.0	166.0	139.0	181.0	175.0	212.0	172.0	235.0	165.0	251.0	180.0	186.0	200.0	160.0	197.0	197.0	203.0	172.0	226.0	178.0	272.0	180.0	257.0	247.0	264.0	206.0	285.0	219.0	299.0	219.0	364.0	184.0	0
74.0	199.0	70.0	215.0	97.0	196.0	159.0	161.0	141.0	177.0	173.0	214.0	171.0	238.0	160.0	255.0	181.0	183.0	202.0	155.0	197.0	196.0	205.0	167.0	226.0	173.0	269.0	176.0	254.0	252.0	265.0	207.0	285.0	221.0	299.0	221.0	368.0	184.0	0
76.0	200.0	72.0	215.0	98.0	197.0	156.0	164.0	142.0	178.0	174.0	213.0	169.0	236.0	162.0	254.0	181.0	186.0	201.0	157.0	197.0	197.0	204.0	170.0	226.0	175.0	270.0	179.0	257.0	249.0	265.0	206.0	285.0	220.0	301.0	219.0	361.0	184.0	0
76.0	201.0	71.0	214.0	97.0	198.0	158.0	163.0	141.0	177.0	175.0	213.0	172.0	236.0	162.0	252.0	181.0	184.0	201.0	158.0	198.0	197.0	206.0	169.0	227.0	176.0	268.0	178.0	254.0	248.0	260.0	205.0	282.0	220.0	296.0	220.0	365.0	185.0	0
76.0	200.0	71.0	214.0	100.0	198.0	158.0	165.0	140.0	180.0	173.0	211.0	172.0	234.0	161.0	251.0	182.0	186.0	198.0	159.0	195.0	196.0	203.0	171.0	226.0	176.0	265.0	177.0	256.0	248.0	263.0	206.0	283.0	218.0	298.0	219.0	361.0	184.0	0
76.0	200.0	73.0	217.0	98.0	197.0	159.0	162.0	142.0	177.0	174.0	212.0	171.0	235.0	161.0	252.0	183.0	186.0	201.0	157.0	197.0	196.0	207.0	170.0	230.0	176.0	269.0	180.0	250.0	249.0	263.0	207.0	280.0	220.0	297.0	221.0	361.0	187.0	0
73.0	202.0	70.0	218.0	92.0	199.0	154.0	164.0	136.0	180.0	174.0	213.0	172.0	236.0	162.0	252.0	184.0	186.0	200.0	158.0	198.0	196.0	202.0	169.0	226.0	175.0	267.0	178.0	255.0	249.0	264.0	205.0	287.0	221.0	303.0	221.0	370.0	185.0	0
70.0	202.0	65.0	216.0	91.0	199.0	154.0	163.0	135.0	179.0	171.0	213.0	169.0	236.0	161.0	255.0	178.0	185.0	200.0	157.0	196.0	196.0	205.0	169.0	226.0	174.0	269.0	177.0	257.0	250.0	268.0	208.0	288.0	221.0	301.0	220.0	370.0	185.0	0
75.0	199.0	71.0	215.0	96.0	197.0	157.0	162.0	140.0	179.0	173.0	214.0	170.0	238.0	161.0	255.0	178.0	186.0	203.0	156.0	197.0	197.0	207.0	169.0	227.0	175.0	266.0	178.0	256.0	250.0	264.0	207.0	285.0	221.0	298.0	221.0	363.0	182.0	0
76.0	202.0	74.0	217.0	98.0	199.0	155.0	163.0	136.0	179.0	172.0	212.0	171.0	235.0	163.0	253.0	175.0	183.0	202.0	156.0	193.0	195.0	206.0	169.0	227.0	174.0	272.0	177.0	255.0	249.0	262.0	205.0	285.0	221.0	298.0	221.0	369.0	188.0	0
78.0	200.0	74.0	216.0	98.0	198.0	159.0	162.0	142.0	178.0	173.0	212.0	171.0	236.0	163.0	253.0	179.0	185.0	200.0	157.0	195.0	196.0	204.0	169.0	226.0	174.0	268.0	177.0	253.0	250.0	264.0	206.0	286.0	221.0	301.0	222.0	364.0	186.0	0
72.0	201.0	69.0	216.0	94.0	198.0	156.0	163.0	137.0	179.0	173.0	213.0	170.0	235.0	163.0	253.0	177.0	184.0	199.0	157.0	196.0	196.0	202.0	168.0	225.0	175.0	266.0	177.0	260.0	250.0	265.0	206.0	288.0	221.0	301.0	221.0	368.0	184.0	0
74.0	199.0	70.0	214.0	97.0	197.0	157.0	164.0	141.0	178.0	174.0	213.0	170.0	237.0	161.0	253.0	183.0	186.0	200.0	158.0	197.0	197.0	203.0	170.0	222.0	175.0	263.0	178.0	255.0	250.0	263.0	207.0	284.0	221.0	297.0	220.0	360.0	182.0	0
77.0	202.0	75.0	216.0	98.0	199.0	157.0	164.0	139.0	179.0	173.0	212.0	171.0	235.0	162.0	252.0	177.0	184.0	199.0	158.0	197.0	197.0	205.0	170.0	224.0	175.0	270.0	177.0	254.0	249.0	262.0	206.0	283.0	219.0	298.0	220.0	366.0	187.0	0
75.0	201.0	72.0	217.0	97.0	198.0	157.0	164.0	141.0	179.0	175.0	213.0	171.0	235.0	162.0	252.0	178.0	185.0	200.0	159.0	197.0	195.0	202.0	169.0	224.0	175.0	267.0	179.0	258.0	248.0	265.0	207.0	287.0	220.0	300.0	220.0	364.0	183.0	0
72.0	199.0	68.0	215.0	94.0	196.0	154.0	161.0	137.0	177.0	171.0	214.0	168.0	237.0	159.0	255.0	178.0	184.0	199.0	155.0	193.0	195.0	204.0	167.0	224.0	173.0	269.0	176.0	257.0	253.0	265.0	206.0	288.0	221.0	303.0	221.0	374.0	184.0	0
78.0	200.0	73.0	215.0	99.0	197.0	160.0	163.0	145.0	178.0	175.0	213.0	172.0	235.0	163.0	252.0	181.0	186.0	200.0	158.0	195.0	195.0	205.0	170.0	227.0	176.0	267.0	179.0	255.0	247.0	263.0	206.0	283.0	219.0	298.0	219.0	365.0	186.0	0
81.0	202.0	79.0	216.0	101.0	198.0	158.0	164.0	141.0	180.0	175.0	211.0	173.0	234.0	164.0	250.0	179.0	186.0	198.0	159.0	197.0	196.0	203.0	171.0	226.0	177.0	266.0	179.0	256.0	245.0	265.0	206.0	284.0	219.0	297.0	218.0	357.0	186.0	0
75.0	201.0	73.0	216.0	95.0	199.0	157.0	164.0	140.0	178.0	174.0	213.0	172.0	236.0	164.0	254.0	179.0	185.0	198.0	157.0	197.0	196.0	201.0	169.0	226.0	175.0	266.0	177.0	259.0	249.0	265.0	205.0	287.0	219.0	301.0	220.0	369.0	184.0	0
75.0	201.0	73.0	215.0	98.0	198.0	156.0	165.0	139.0	180.0	175.0	211.0	173.0	235.0	165.0	252.0	179.0	185.0	202.0	158.0	196.0	196.0	205.0	170.0	230.0	177.0	269.0	179.0	256.0	247.0	263.0	206.0	285.0	220.0	298.0	220.0	366.0	187.0	0
75.0	200.0	71.0	215.0	101.0	198.0	156.0	163.0	140.0	179.0	175.0	214.0	172.0	236.0	162.0	254.0	179.0	185.0	199.0	157.0	195.0	196.0	203.0	169.0	225.0	175.0	267.0	177.0	254.0	250.0	262.0	205.0	284.0	220.0	299.0	222.0	365.0	185.0	0
73.0	202.0	71.0	216.0	95.0	199.0	156.0	166.0	140.0	180.0	173.0	212.0	170.0	234.0	161.0	251.0	181.0	187.0	198.0	159.0	194.0	197.0	203.0	172.0	226.0	178.0	266.0	180.0	254.0	248.0	262.0	207.0	283.0	220.0	297.0	220.0	362.0	187.0	0
71.0	202.0	67.0	218.0	92.0	198.0	154.0	160.0	136.0	177.0	171.0	214.0	168.0	237.0	160.0	254.0	178.0	184.0	198.0	155.0	194.0	196.0	203.0	168.0	228.0	174.0	271.0	178.0	259.0	251.0	264.0	205.0	287.0	221.0	301.0	221.0	367.0	184.0	0
75.0	201.0	70.0	215.0	97.0	198.0	157.0	163.0	141.0	178.0	174.0	213.0	171.0	236.0	162.0	255.0	177.0	184.0	198.0	157.0	195.0	196.0	202.0	168.0	222.0	174.0	267.0	176.0	255.0	250.0	264.0	206.0	285.0	220.0	299.0	221.0	365.0	184.0	0
74.0	200.0	71.0	216.0	97.0	197.0	156.0	163.0	141.0	178.0	174.0	213.0	170.0	235.0	160.0	253.0	184.0	186.0	197.0	158.0	197.0	195.0	202.0	170.0	223.0	175.0	268.0	177.0	256.0	249.0	265.0	207.0	285.0	220.0	299.0	219.0	364.0	184.0	0
77.0	201.0	75.0	216.0	97.0	198.0	155.0	164.0	137.0	179.0	174.0	213.0	171.0	236.0	164.0	252.0	177.0	185.0	200.0	157.0	197.0	197.0	204.0	170.0	224.0	175.0	265.0	178.0	257.0	249.0	265.0	206.0	285.0	219.0	298.0	219.0	364.0	184.0	0
71.0	200.0	66.0	215.0	92.0	198.0	157.0	162.0	138.0	178.0	171.0	212.0	169.0	235.0	160.0	254.0	178.0	185.0	199.0	157.0	194.0	196.0	203.0	169.0	225.0	174.0	271.0	177.0	257.0	251.0	266.0	206.0	289.0	221.0	306.0	221.0	370.0	184.0	0
76.0	200.0	72.0	215.0	99.0	197.0	157.0	164.0	142.0	179.0	173.0	212.0	169.0	234.0	160.0	251.0	180.0	185.0	197.0	159.0	196.0	198.0	202.0	170.0	226.0	176.0	269.0	178.0	254.0	247.0	263.0	206.0	283.0	220.0	299.0	220.0	365.0	184.0	0
73.0	199.0	69.0	213.0	95.0	197.0	157.0	163.0	139.0	179.0	171.0	213.0	170.0	235.0	162.0	253.0	181.0	187.0	201.0	158.0	195.0	196.0	205.0	169.0	228.0	175.0	268.0	177.0	253.0	249.0	266.0	206.0	284.0	219.0	298.0	219.0	368.0	184.0	0
73.0	202.0	72.0	217.0	98.0	199.0	154.0	165.0	140.0	179.0	175.0	212.0	173.0	236.0	163.0	253.0	181.0	185.0	198.0	158.0	197.0	196.0	203.0	170.0	225.0	175.0	267.0	178.0	257.0	248.0	264.0	206.0	284.0	219.0	298.0	219.0	364.0	186.0	0
75.0	201.0	70.0	215.0	97.0	198.0	160.0	162.0	142.0	177.0	172.0	213.0	170.0	237.0	160.0	253.0	182.0	185.0	202.0	156.0	195.0	195.0	206.0	169.0	227.0	174.0	270.0	178.0	255.0	251.0	265.0	207.0	286.0	221.0	300.0	221.0	366.0	185.0	0
71.0	201.0	68.0	216.0	95.0	198.0	160.0	163.0	141.0	179.0	175.0	213.0	172.0	235.0	162.0	253.0	179.0	185.0	202.0	157.0	199.0	197.0	206.0	169.0	228.0	175.0	268.0	178.0	260.0	249.0	267.0	206.0	289.0	220.0	303.0	220.0	373.0	185.0	0
73.0	202.0	68.0	217.0	95.0	199.0	155.0	164.0	139.0	179.0	172.0	212.0	169.0	234.0	160.0	252.0	179.0	185.0	199.0	158.0	192.0	194.0	203.0	170.0	223.0	175.0	270.0	178.0	256.0	249.0	265.0	206.0	285.0	220.0	300.0	222.0	368.0	184.0	0
78.0	200.0	75.0	215.0	100.0	198.0	158.0	164.0	141.0	179.0	173.0	212.0	170.0	234.0	162.0	252.0	180.0	186.0	199.0	158.0	198.0	198.0	204.0	171.0	225.0	177.0	266.0	179.0	255.0	249.0	260.0	206.0	283.0	221.0	297.0	220.0	364.0	184.0	0
75.0	201.0	71.0	216.0	98.0	199.0	155.0	163.0	139.0	178.0	173.0	213.0	171.0	236.0	163.0	253.0	180.0	185.0	200.0	157.0	196.0	196.0	204.0	168.0	227.0	174.0	269.0	177.0	256.0	250.0	267.0	208.0	287.0	220.0	302.0	220.0	367.0	184.0	0
78.0	200.0	74.0	215.0	96.0	198.0	159.0	163.0	141.0	179.0	173.0	216.0	169.0	235.0	159.0	252.0	178.0	185.0	200.0	157.0	197.0	197.0	203.0	169.0	224.0	174.0	265.0	176.0	253.0	250.0	264.0	208.0	283.0	221.0	297.0	220.0	367.0	185.0	0
74.0	199.0	69.0	215.0	96.0	196.0	158.0	162.0	139.0	178.0	174.0	213.0	171.0	236.0	161.0	254.0	181.0	186.0	201.0	157.0	197.0	196.0	206.0	169.0	226.0	174.0	267.0	178.0	256.0	250.0	267.0	207.0	287.0	220.0	302.0	221.0	367.0	183.0	0
70.0	202.0	66.0	217.0	93.0	199.0	155.0	164.0	137.0	179.0	172.0	213.0	172.0	236.0	164.0	254.0	181.0	187.0	198.0	156.0	194.0	196.0	203.0	169.0	227.0	175.0	271.0	177.0	257.0	249.0	267.0	206.0	289.0	220.0	305.0	220.0	367.0	183.0	0
78.0	202.0	74.0	216.0	98.0	199.0	158.0	165.0	142.0	179.0	174.0	213.0	173.0	236.0	164.0	252.0	178.0	186.0	200.0	158.0	197.0	198.0	204.0	171.0	226.0	176.0	263.0	179.0	252.0	247.0	259.0	204.0	282.0	220.0	296.0	221.0	362.0	187.0	0
77.0	200.0	72.0	215.0	98.0	198.0	158.0	165.0	142.0	179.0	175.0	213.0	173.0	235.0	164.0	252.0	177.0	186.0	200.0	158.0	197.0	197.0	202.0	170.0	226.0	176.0	265.0	178.0	256.0	248.0	264.0	207.0	285.0	220.0	297.0	219.0	363.0	183.0	0
76.0	202.0	71.0	215.0	97.0	199.0	159.0	164.0	140.0	179.0	174.0	212.0	172.0	234.0	163.0	252.0	179.0	185.0	200.0	158.0	194.0	194.0	205.0	170.0	226.0	175.0	267.0	178.0	255.0	248.0	267.0	207.0	285.0	219.0	298.0	218.0	363.0	187.0	0
74.0	200.0	70.0	214.0	95.0	198.0	156.0	165.0	140.0	179.0	174.0	213.0	172.0	235.0	162.0	252.0	181.0	186.0	200.0	159.0	196.0	196.0	203.0	170.0	225.0	175.0	268.0	177.0	257.0	248.0	265.0	204.0	288.0	220.0	301.0	219.0	367.0	185.0	0
78.0	202.0	75.0	216.0	97.0	199.0	158.0	164.0	140.0	180.0	174.0	211.0	172.0	236.0	164.0	253.0	177.0	185.0	200.0	157.0	195.0	196.0	203.0	169.0	224.0	175.0	266.0	178.0	256.0	248.0	262.0	204.0	285.0	220.0	298.0	219.0	364.0	187.0	0
77.0	200.0	74.0	215.0	97.0	198.0	157.0	163.0	140.0	179.0	173.0	212.0	171.0	235.0	162.0	253.0	180.0	186.0	203.0	157.0	196.0	196.0	207.0	169.0	226.0	174.0	268.0	177.0	254.0	249.0	263.0	207.0	285.0	221.0	299.0	221.0	366.0	185.0	0
69.0	200.0	66.0	215.0	94.0	197.0	156.0	162.0	137.0	178.0	172.0	214.0	169.0	238.0	160.0	256.0	177.0	185.0	201.0	155.0	197.0	196.0	205.0	168.0	227.0	174.0	270.0	177.0	258.0	252.0	269.0	208.0	289.0	221.0	305.0	221.0	372.0	184.0	0
75.0	201.0	71.0	217.0	96.0	198.0	159.0	163.0	138.0	179.0	175.0	213.0	174.0	237.0	166.0	255.0	179.0	185.0	202.0	157.0	201.0	198.0	205.0	169.0	224.0	174.0	266.0	177.0	258.0	249.0	267.0	207.0	289.0	221.0	301.0	220.0	366.0	184.0	0
68.0	200.0	64.0	216.0	92.0	197.0	155.0	161.0	136.0	178.0	171.0	213.0	171.0	237.0	160.0	257.0	178.0	185.0	197.0	154.0	197.0	197.0	202.0	169.0	225.0	174.0	271.0	177.0	257.0	253.0	264.0	206.0	288.0	220.0	305.0	221.0	372.0	184.0	0
78.0	200.0	74.0	216.0	100.0	197.0	158.0	162.0	141.0	179.0	174.0	212.0	172.0	236.0	162.0	253.0	180.0	186.0	199.0	157.0	197.0	197.0	204.0	169.0	227.0	176.0	267.0	178.0	255.0	250.0	263.0	206.0	286.0	221.0	299.0	221.0	366.0	184.0	0
75.0	200.0	70.0	214.0	98.0	197.0	162.0	164.0	143.0	180.0	174.0	212.0	171.0	233.0	163.0	250.0	182.0	187.0	202.0	159.0	197.0	196.0	207.0	171.0	228.0	177.0	272.0	180.0	254.0	246.0	267.0	207.0	285.0	219.0	300.0	219.0	361.0	186.0	0
74.0	201.0	70.0	217.0	97.0	198.0	154.0	163.0	138.0	178.0	174.0	213.0	171.0	236.0	162.0	254.0	177.0	184.0	199.0	157.0	196.0	196.0	202.0	168.0	222.0	173.0	268.0	176.0	257.0	249.0	263.0	205.0	287.0	221.0	301.0	221.0	365.0	185.0	0
81.0	201.0	77.0	216.0	101.0	199.0	159.0	163.0	143.0	178.0	175.0	213.0	172.0	236.0	165.0	253.0	181.0	185.0	199.0	157.0	197.0	195.0	204.0	169.0	225.0	175.0	265.0	178.0	255.0	248.0	261.0	206.0	282.0	219.0	296.0	219.0	363.0	186.0	0
80.0	200.0	77.0	215.0	102.0	198.0	160.0	166.0	144.0	179.0	175.0	212.0	172.0	235.0	164.0	251.0	186.0	187.0	202.0	159.0	195.0	195.0	207.0	172.0	226.0	177.0	266.0	179.0	253.0	247.0	263.0	207.0	283.0	220.0	296.0	220.0	362.0	186.0	0
75.0	202.0	71.0	217.0	95.0	199.0	156.0	164.0	138.0	180.0	174.0	214.0	173.0	237.0	164.0	254.0	177.0	186.0	195.0	157.0	195.0	196.0	200.0	169.0	223.0	174.0	265.0	176.0	258.0	249.0	266.0	207.0	289.0	220.0	302.0	220.0	366.0	183.0	0
71.0	199.0	66.0	215.0	89.0	197.0	153.0	161.0	134.0	177.0	171.0	213.0	168.0	236.0	158.0	255.0	176.0	184.0	199.0	156.0	194.0	196.0	204.0	168.0	223.0	173.0	272.0	175.0	263.0	251.0	270.0	207.0	293.0	221.0	307.0	220.0	375.0	181.0	0
67.0	200.0	63.0	215.0	90.0	198.0	154.0	162.0	135.0	178.0	171.0	213.0	168.0	238.0	158.0	256.0	176.0	184.0	200.0	155.0	195.0	196.0	203.0	168.0	226.0	174.0	272.0	177.0	258.0	252.0	267.0	207.0	289.0	221.0	304.0	222.0	372.0	184.0	0
74.0	199.0	70.0	215.0	96.0	197.0	157.0	162.0	140.0	179.0	173.0	212.0	171.0	236.0	161.0	254.0	181.0	186.0	201.0	157.0	196.0	196.0	205.0	170.0	227.0	175.0	268.0	177.0	256.0	250.0	263.0	206.0	286.0	221.0	301.0	221.0	366.0	183.0	0
68.0	200.0	64.0	216.0	90.0	197.0	156.0	160.0	136.0	178.0	173.0	215.0	170.0	239.0	160.0	257.0	179.0	184.0	200.0	154.0	197.0	196.0	206.0	167.0	227.0	173.0	271.0	176.0	258.0	253.0	267.0	207.0	290.0	221.0	304.0	222.0	376.0	185.0	0
69.0	201.0	66.0	216.0	89.0	198.0	156.0	163.0	139.0	177.0	172.0	213.0	169.0	237.0	162.0	254.0	177.0	185.0	199.0	157.0	194.0	196.0	203.0	169.0	228.0	175.0	271.0	178.0	260.0	249.0	265.0	205.0	288.0	221.0	302.0	220.0	373.0	185.0	0
80.0	199.0	76.0	214.0	101.0	197.0	160.0	164.0	143.0	179.0	175.0	212.0	173.0	235.0	164.0	253.0	181.0	186.0	200.0	159.0	199.0	196.0	203.0	170.0	224.0	175.0	268.0	178.0	255.0	248.0	264.0	206.0	285.0	220.0	299.0	219.0	366.0	183.0	0
73.0	200.0	70.0	215.0	99.0	197.0	157.0	162.0	141.0	177.0	173.0	213.0	169.0	236.0	161.0	253.0	182.0	185.0	202.0	156.0	199.0	197.0	206.0	169.0	229.0	175.0	268.0	179.0	254.0	249.0	263.0	206.0	283.0	220.0	297.0	220.0	365.0	185.0	0
73.0	201.0	69.0	216.0	93.0	199.0	157.0	163.0	139.0	178.0	173.0	213.0	172.0	237.0	162.0	255.0	182.0	185.0	201.0	158.0	198.0	195.0	205.0	169.0	225.0	174.0	266.0	177.0	256.0	252.0	263.0	206.0	288.0	222.0	302.0	221.0	367.0	183.0	0
78.0	201.0	74.0	216.0	99.0	198.0	157.0	165.0	141.0	180.0	175.0	212.0	174.0	234.0	166.0	252.0	178.0	185.0	201.0	158.0	194.0	195.0	203.0	169.0	226.0	176.0	265.0	178.0	255.0	248.0	265.0	206.0	283.0	219.0	299.0	220.0	359.0	184.0	0
71.0	201.0	66.0	217.0	94.0	197.0	156.0	162.0	139.0	178.0	172.0	215.0	171.0	239.0	162.0	257.0	179.0	186.0	198.0	155.0	195.0	197.0	203.0	168.0	225.0	174.0	266.0	177.0	257.0	252.0	265.0	207.0	288.0	221.0	301.0	221.0	369.0	183.0	0
76.0	200.0	73.0	216.0	96.0	197.0	155.0	164.0	138.0	179.0	173.0	212.0	171.0	235.0	163.0	254.0	181.0	187.0	200.0	158.0	195.0	195.0	204.0	170.0	222.0	175.0	269.0	178.0	257.0	249.0	267.0	208.0	287.0	220.0	301.0	220.0	362.0	183.0	0
76.0	199.0	71.0	214.0	100.0	197.0	159.0	163.0	143.0	178.0	173.0	212.0	171.0	236.0	161.0	254.0	181.0	187.0	200.0	158.0	195.0	196.0	205.0	171.0	225.0	176.0	262.0	177.0	252.0	249.0	261.0	205.0	283.0	219.0	297.0	220.0	365.0	185.0	0
80.0	201.0	77.0	217.0	101.0	198.0	159.0	164.0	141.0	179.0	174.0	213.0	172.0	235.0	164.0	251.0	179.0	185.0	201.0	158.0	198.0	196.0	205.0	169.0	224.0	174.0	264.0	177.0	256.0	249.0	264.0	207.0	286.0	221.0	300.0	221.0	363.0	185.0	0
71.0	201.0	69.0	217.0	94.0	198.0	153.0	164.0	137.0	180.0	172.0	214.0	170.0	236.0	160.0	253.0	180.0	186.0	197.0	157.0	195.0	196.0	203.0	170.0	226.0	175.0	274.0	178.0	259.0	251.0	266.0	205.0	290.0	219.0	304.0	218.0	370.0	184.0	0
74.0	202.0	70.0	216.0	96.0	199.0	156.0	163.0	141.0	178.0	173.0	213.0	170.0	236.0	160.0	253.0	178.0	185.0	198.0	157.0	195.0	196.0	204.0	170.0	224.0	175.0	269.0	177.0	255.0	249.0	265.0	206.0	287.0	220.0	302.0	221.0	368.0	185.0	0
75.0	201.0	71.0	215.0	97.0	198.0	160.0	164.0	142.0	179.0	176.0	213.0	172.0	235.0	164.0	252.0	182.0	186.0	202.0	159.0	198.0	196.0	204.0	170.0	226.0	177.0	267.0	179.0	258.0	248.0	262.0	205.0	285.0	219.0	298.0	218.0	359.0	185.0	0
76.0	200.0	71.0	215.0	99.0	198.0	159.0	164.0	142.0	179.0	173.0	212.0	170.0	235.0	164.0	254.0	185.0	186.0	201.0	158.0	195.0	195.0	205.0	170.0	227.0	176.0	268.0	179.0	254.0	247.0	263.0	207.0	284.0	220.0	298.0	220.0	361.0	187.0	0
75.0	201.0	73.0	217.0	100.0	198.0	156.0	164.0	140.0	179.0	176.0	213.0	174.0	237.0	166.0	254.0	179.0	186.0	198.0	157.0	198.0	197.0	203.0	169.0	227.0	175.0	262.0	176.0	258.0	248.0	266.0	206.0	285.0	220.0	298.0	219.0	368.0	184.0	0
78.0	201.0	74.0	214.0	98.0	198.0	158.0	164.0	141.0	179.0	173.0	213.0	170.0	235.0	161.0	251.0	182.0	186.0	202.0	158.0	198.0	197.0	206.0	170.0	228.0	176.0	265.0	178.0	253.0	247.0	265.0	209.0	280.0	219.0	296.0	220.0	362.0	188.0	0
77.0	200.0	72.0	215.0	97.0	197.0	158.0	164.0	140.0	178.0	175.0	213.0	172.0	236.0	164.0	253.0	179.0	185.0	200.0	157.0	195.0	196.0	204.0	170.0	223.0	175.0	266.0	178.0	252.0	248.0	262.0	206.0	282.0	220.0	297.0	220.0	359.0	184.0	0
76.0	201.0	73.0	214.0	101.0	198.0	159.0	166.0	141.0	181.0	174.0	213.0	171.0	234.0	162.0	250.0	181.0	187.0	200.0	159.0	195.0	196.0	205.0	171.0	230.0	177.0	266.0	180.0	255.0	247.0	263.0	207.0	282.0	219.0	294.0	218.0	361.0	185.0	0
75.0	199.0	70.0	215.0	93.0	197.0	156.0	163.0	139.0	178.0	172.0	213.0	170.0	237.0	162.0	254.0	178.0	184.0	201.0	156.0	197.0	195.0	204.0	168.0	227.0	175.0	267.0	178.0	259.0	249.0	266.0	207.0	288.0	221.0	301.0	221.0	367.0	182.0	0
78.0	201.0	75.0	216.0	98.0	198.0	156.0	163.0	139.0	179.0	175.0	214.0	174.0	238.0	165.0	253.0	179.0	185.0	202.0	157.0	199.0	197.0	205.0	170.0	225.0	175.0	267.0	178.0	257.0	249.0	268.0	209.0	284.0	220.0	298.0	220.0	366.0	185.0	0
76.0	201.0	71.0	215.0	98.0	198.0	159.0	163.0	143.0	178.0	175.0	213.0	172.0	236.0	163.0	253.0	179.0	186.0	199.0	157.0	199.0	198.0	203.0	170.0	224.0	175.0	265.0	177.0	255.0	252.0	264.0	208.0	284.0	221.0	298.0	220.0	365.0	183.0	0
77.0	200.0	74.0	215.0	98.0	198.0	157.0	165.0	140.0	179.0	174.0	212.0	171.0	234.0	162.0	250.0	180.0	186.0	197.0	159.0	194.0	196.0	202.0	170.0	224.0	176.0	268.0	178.0	253.0	248.0	262.0	207.0	285.0	219.0	297.0	219.0	361.0	184.0	0
75.0	200.0	71.0	215.0	95.0	197.0	155.0	164.0	138.0	179.0	174.0	214.0	170.0	236.0	161.0	253.0	176.0	185.0	199.0	158.0	199.0	198.0	202.0	169.0	225.0	175.0	267.0	177.0	258.0	251.0	268.0	208.0	286.0	220.0	302.0	220.0	369.0	181.0	0
72.0	201.0	68.0	214.0	94.0	199.0	155.0	163.0	138.0	179.0	173.0	213.0	171.0	236.0	162.0	253.0	179.0	186.0	201.0	157.0	192.0	196.0	204.0	169.0	227.0	175.0	269.0	178.0	258.0	249.0	264.0	207.0	285.0	220.0	300.0	219.0	366.0	182.0	0
74.0	201.0	71.0	216.0	94.0	198.0	155.0	163.0	139.0	178.0	174.0	214.0	168.0	236.0	159.0	253.0	177.0	185.0	201.0	163.0	195.0	197.0	225.0	176.0	257.0	249.0	267.0	179.0	263.0	206.0	273.0	189.0	283.0	220.0	297.0	220.0	365.0	186.0	0
72.0	200.0	68.0	216.0	98.0	197.0	158.0	163.0	141.0	179.0	174.0	213.0	173.0	236.0	163.0	253.0	183.0	185.0	197.0	157.0	198.0	196.0	202.0	169.0	225.0	175.0	268.0	178.0	256.0	249.0	262.0	205.0	284.0	220.0	298.0	220.0	364.0	184.0	0
78.0	202.0	74.0	216.0	99.0	199.0	155.0	164.0	140.0	179.0	175.0	214.0	171.0	235.0	162.0	251.0	178.0	185.0	197.0	158.0	198.0	198.0	200.0	170.0	223.0	176.0	267.0	178.0	256.0	248.0	264.0	207.0	282.0	219.0	299.0	220.0	364.0	184.0	0
70.0	201.0	66.0	215.0	94.0	198.0	157.0	163.0	142.0	176.0	174.0	213.0	172.0	238.0	163.0	255.0	177.0	184.0	202.0	157.0	196.0	196.0	205.0	169.0	226.0	174.0	267.0	176.0	258.0	251.0	267.0	207.0	288.0	220.0	301.0	220.0	369.0	183.0	0
69.0	201.0	66.0	218.0	90.0	197.0	154.0	162.0	136.0	178.0	173.0	214.0	170.0	238.0	161.0	256.0	175.0	183.0	198.0	156.0	198.0	196.0	202.0	168.0	224.0	173.0	270.0	176.0	259.0	253.0	269.0	207.0	291.0	221.0	306.0	220.0	374.0	183.0	0
72.0	200.0	69.0	216.0	96.0	197.0	157.0	163.0	140.0	178.0	174.0	214.0	173.0	237.0	165.0	255.0	181.0	186.0	202.0	156.0	196.0	197.0	207.0	169.0	226.0	175.0	266.0	177.0	256.0	249.0	264.0	206.0	286.0	220.0	300.0	220.0	367.0	183.0	0
75.0	200.0	71.0	215.0	97.0	197.0	157.0	164.0	139.0	179.0	172.0	213.0	171.0	236.0	163.0	253.0	180.0	186.0	199.0	158.0	194.0	196.0	204.0	170.0	225.0	176.0	266.0	178.0	256.0	250.0	262.0	205.0	287.0	220.0	301.0	220.0	363.0	183.0	0
77.0	201.0	74.0	216.0	97.0	198.0	159.0	162.0	142.0	178.0	175.0	213.0	172.0	236.0	162.0	253.0	178.0	184.0	200.0	157.0	199.0	197.0	205.0	169.0	225.0	174.0	266.0	177.0	254.0	249.0	264.0	207.0	285.0	221.0	298.0	221.0	365.0	185.0	0
74.0	201.0	69.0	215.0	97.0	198.0	160.0	163.0	141.0	178.0	171.0	213.0	170.0	235.0	161.0	253.0	182.0	186.0	200.0	157.0	196.0	196.0	204.0	169.0	226.0	175.0	267.0	178.0	255.0	248.0	262.0	207.0	283.0	220.0	297.0	220.0	365.0	187.0	0
75.0	200.0	71.0	215.0	99.0	198.0	158.0	163.0	141.0	178.0	174.0	214.0	171.0	237.0	161.0	253.0	180.0	185.0	201.0	157.0	198.0	197.0	206.0	169.0	228.0	175.0	267.0	177.0	254.0	249.0	263.0	205.0	286.0	220.0	299.0	219.0	367.0	186.0	0
79.0	200.0	75.0	215.0	101.0	197.0	159.0	164.0	141.0	178.0	174.0	213.0	172.0	235.0	164.0	252.0	182.0	186.0	202.0	159.0	196.0	196.0	205.0	171.0	227.0	177.0	268.0	179.0	255.0	248.0	264.0	207.0	284.0	220.0	298.0	219.0	362.0	184.0	0
79.0	200.0	76.0	215.0	102.0	198.0	160.0	165.0	145.0	180.0	175.0	212.0	172.0	234.0	164.0	251.0	180.0	185.0	201.0	159.0	197.0	196.0	205.0	171.0	224.0	176.0	264.0	178.0	255.0	249.0	262.0	207.0	284.0	220.0	298.0	219.0	362.0	184.0	0
77.0	200.0	75.0	214.0	96.0	198.0	158.0	165.0	141.0	179.0	176.0	212.0	172.0	234.0	163.0	251.0	178.0	185.0	200.0	160.0	198.0	196.0	203.0	171.0	225.0	176.0	265.0	178.0	256.0	247.0	263.0	205.0	286.0	219.0	300.0	218.0	362.0	181.0	0
70.0	201.0	66.0	217.0	92.0	199.0	157.0	163.0	139.0	178.0	173.0	213.0	171.0	236.0	161.0	255.0	179.0	184.0	201.0	156.0	197.0	196.0	204.0	169.0	226.0	175.0	269.0	178.0	263.0	249.0	267.0	206.0	291.0	220.0	303.0	220.0	374.0	184.0	0
77.0	201.0	73.0	215.0	98.0	198.0	156.0	164.0	138.0	179.0	175.0	212.0	172.0	236.0	164.0	253.0	180.0	185.0	199.0	159.0	198.0	196.0	202.0	169.0	223.0	175.0	265.0	178.0	255.0	248.0	265.0	207.0	284.0	220.0	298.0	219.0	361.0	183.0	0
75.0	200.0	72.0	215.0	95.0	197.0	156.0	164.0	140.0	179.0	174.0	212.0	171.0	236.0	161.0	253.0	180.0	185.0	201.0	158.0	198.0	197.0	203.0	170.0	224.0	175.0	265.0	178.0	256.0	249.0	263.0	207.0	284.0	221.0	299.0	221.0	363.0	183.0	0
71.0	199.0	68.0	215.0	91.0	197.0	156.0	164.0	138.0	179.0	174.0	213.0	170.0	235.0	162.0	252.0	182.0	186.0	202.0	159.0	198.0	196.0	205.0	170.0	227.0	176.0	269.0	178.0	256.0	248.0	266.0	206.0	288.0	220.0	301.0	220.0	364.0	183.0	0
72.0	200.0	69.0	214.0	97.0	196.0	159.0	164.0	140.0	180.0	174.0	212.0	171.0	235.0	162.0	252.0	180.0	186.0	201.0	159.0	197.0	197.0	206.0	171.0	228.0	176.0	264.0	178.0	255.0	249.0	265.0	207.0	284.0	220.0	297.0	220.0	363.0	183.0	0
78.0	200.0	74.0	215.0	99.0	198.0	161.0	165.0	145.0	179.0	175.0	213.0	172.0	235.0	164.0	253.0	180.0	186.0	203.0	160.0	196.0	197.0	206.0	172.0	224.0	176.0	264.0	178.0	254.0	249.0	260.0	206.0	281.0	219.0	297.0	220.0	363.0	187.0	0
77.0	201.0	74.0	217.0	98.0	198.0	156.0	163.0	139.0	178.0	174.0	213.0	170.0	235.0	162.0	252.0	177.0	184.0	198.0	157.0	196.0	197.0	202.0	169.0	223.0	174.0	261.0	176.0	254.0	248.0	264.0	207.0	284.0	220.0	297.0	220.0	362.0	186.0	0
76.0	201.0	74.0	217.0	97.0	198.0	158.0	164.0	139.0	179.0	173.0	213.0	170.0	235.0	163.0	252.0	183.0	187.0	201.0	159.0	195.0	195.0	205.0	170.0	225.0	175.0	269.0	179.0	257.0	247.0	263.0	207.0	282.0	219.0	297.0	219.0	362.0	185.0	0
73.0	200.0	68.0	214.0	94.0	198.0	158.0	163.0	142.0	179.0	174.0	213.0	170.0	235.0	161.0	252.0	180.0	186.0	201.0	159.0	197.0	195.0	205.0	170.0	226.0	175.0	268.0	178.0	256.0	250.0	263.0	207.0	284.0	220.0	297.0	221.0	360.0	183.0	0
74.0	202.0	71.0	217.0	97.0	199.0	155.0	164.0	136.0	179.0	175.0	213.0	173.0	236.0	164.0	253.0	179.0	186.0	200.0	158.0	195.0	197.0	203.0	170.0	224.0	176.0	266.0	177.0	258.0	248.0	264.0	206.0	286.0	220.0	302.0	220.0	365.0	184.0	0
74.0	199.0	70.0	215.0	96.0	198.0	156.0	164.0	139.0	178.0	173.0	213.0	170.0	235.0	162.0	253.0	181.0	185.0	200.0	157.0	197.0	196.0	203.0	169.0	229.0	175.0	271.0	177.0	259.0	249.0	267.0	207.0	289.0	220.0	302.0	219.0	368.0	183.0	0
71.0	200.0	68.0	215.0	97.0	197.0	159.0	163.0	144.0	177.0	175.0	213.0	171.0	235.0	160.0	253.0	185.0	186.0	202.0	157.0	199.0	197.0	207.0	170.0	227.0	175.0	268.0	178.0	254.0	251.0	269.0	209.0	286.0	220.0	300.0	220.0	365.0	184.0	0
77.0	201.0	73.0	215.0	98.0	199.0	157.0	165.0	142.0	179.0	174.0	213.0	173.0	236.0	164.0	253.0	177.0	185.0	197.0	159.0	192.0	196.0	201.0	170.0	222.0	175.0	267.0	177.0	257.0	250.0	264.0	207.0	287.0	221.0	301.0	221.0	362.0	180.0	0
72.0	200.0	65.0	214.0	95.0	197.0	156.0	163.0	137.0	179.0	172.0	213.0	169.0	236.0	161.0	253.0	177.0	185.0	200.0	157.0	196.0	198.0	204.0	169.0	227.0	175.0	271.0	177.0	257.0	250.0	266.0	207.0	288.0	220.0	303.0	220.0	368.0	183.0	0
77.0	201.0	71.0	215.0	96.0	198.0	158.0	163.0	140.0	178.0	173.0	213.0	171.0	237.0	162.0	254.0	180.0	185.0	199.0	158.0	195.0	195.0	203.0	169.0	222.0	175.0	267.0	177.0	254.0	250.0	265.0	208.0	286.0	221.0	300.0	221.0	366.0	185.0	0
72.0	200.0	68.0	215.0	95.0	198.0	157.0	164.0	141.0	178.0	174.0	212.0	172.0	236.0	163.0	254.0	180.0	185.0	201.0	158.0	195.0	196.0	205.0	170.0	226.0	175.0	268.0	177.0	257.0	249.0	265.0	206.0	289.0	221.0	303.0	220.0	368.0	183.0	0
77.0	199.0	72.0	214.0	99.0	197.0	159.0	165.0	142.0	179.0	175.0	213.0	172.0	234.0	163.0	249.0	184.0	188.0	202.0	160.0	197.0	197.0	207.0	172.0	229.0	177.0	265.0	179.0	252.0	248.0	266.0	209.0	281.0	220.0	296.0	219.0	367.0	185.0	0
77.0	201.0	72.0	216.0	98.0	198.0	154.0	164.0	140.0	178.0	174.0	214.0	171.0	236.0	162.0	252.0	180.0	186.0	197.0	157.0	196.0	196.0	202.0	170.0	224.0	175.0	268.0	177.0	258.0	249.0	266.0	206.0	287.0	220.0	302.0	220.0	366.0	182.0	0
74.0	201.0	72.0	216.0	95.0	198.0	156.0	164.0	141.0	179.0	174.0	212.0	172.0	235.0	163.0	252.0	179.0	185.0	202.0	159.0	198.0	197.0	206.0	171.0	228.0	176.0	269.0	178.0	258.0	248.0	262.0	204.0	288.0	220.0	303.0	221.0	362.0	185.0	0
69.0	200.0	65.0	216.0	91.0	197.0	154.0	160.0	135.0	176.0	171.0	213.0	170.0	239.0	160.0	256.0	179.0	184.0	200.0	154.0	197.0	196.0	204.0	167.0	227.0	173.0	273.0	177.0	256.0	253.0	269.0	207.0	289.0	220.0	304.0	221.0	374.0	183.0	0
77.0	200.0	73.0	216.0	101.0	197.0	156.0	163.0	142.0	179.0	173.0	213.0	170.0	236.0	160.0	252.0	177.0	185.0	202.0	158.0	195.0	197.0	206.0	169.0	225.0	175.0	267.0	177.0	257.0	249.0	263.0	208.0	282.0	220.0	296.0	219.0	363.0	186.0	0
60.0	198.0	57.0	215.0	82.0	196.0	156.0	158.0	136.0	174.0	170.0	213.0	167.0	239.0	155.0	257.0	179.0	183.0	203.0	154.0	199.0	197.0	208.0	167.0	231.0	173.0	273.0	176.0	256.0	255.0	270.0	209.0	291.0	223.0	308.0	223.0	384.0	181.0	0
79.0	201.0	75.0	216.0	99.0	198.0	159.0	163.0	143.0	179.0	176.0	214.0	173.0	237.0	164.0	253.0	181.0	186.0	202.0	156.0	196.0	197.0	207.0	170.0	226.0	175.0	264.0	177.0	255.0	249.0	264.0	207.0	283.0	220.0	296.0	220.0	365.0	187.0	0
73.0	199.0	68.0	214.0	95.0	197.0	159.0	163.0	141.0	178.0	171.0	212.0	169.0	235.0	160.0	254.0	180.0	185.0	201.0	157.0	194.0	196.0	204.0	169.0	227.0	175.0	269.0	178.0	254.0	249.0	267.0	207.0	285.0	219.0	299.0	219.0	371.0	186.0	0
75.0	202.0	74.0	217.0	94.0	199.0	155.0	163.0	137.0	179.0	172.0	211.0	171.0	235.0	164.0	252.0	180.0	185.0	200.0	157.0	194.0	195.0	202.0	169.0	224.0	175.0	266.0	177.0	259.0	249.0	265.0	206.0	286.0	220.0	300.0	220.0	370.0	186.0	0
75.0	201.0	72.0	217.0	100.0	198.0	158.0	164.0	142.0	179.0	175.0	212.0	172.0	234.0	164.0	251.0	181.0	186.0	200.0	159.0	193.0	196.0	205.0	171.0	226.0	177.0	265.0	179.0	254.0	247.0	265.0	207.0	282.0	219.0	298.0	220.0	364.0	186.0	0
77.0	201.0	73.0	214.0	101.0	198.0	157.0	165.0	142.0	180.0	174.0	212.0	172.0	235.0	163.0	251.0	178.0	185.0	200.0	158.0	198.0	197.0	205.0	172.0	226.0	176.0	262.0	178.0	254.0	248.0	263.0	206.0	283.0	219.0	296.0	219.0	358.0	184.0	0
76.0	201.0	72.0	217.0	97.0	198.0	152.0	165.0	138.0	179.0	174.0	213.0	170.0	236.0	161.0	252.0	175.0	185.0	198.0	158.0	198.0	197.0	202.0	169.0	225.0	174.0	271.0	177.0	258.0	250.0	266.0	207.0	287.0	220.0	302.0	219.0	367.0	183.0	0
75.0	201.0	72.0	217.0	96.0	197.0	154.0	164.0	139.0	178.0	174.0	213.0	170.0	236.0	162.0	252.0	181.0	185.0	202.0	158.0	199.0	196.0	205.0	170.0	226.0	175.0	271.0	177.0	258.0	248.0	265.0	206.0	286.0	220.0	300.0	220.0	367.0	186.0	0
73.0	202.0	70.0	217.0	94.0	199.0	156.0	161.0	138.0	178.0	174.0	213.0	171.0	237.0	161.0	255.0	178.0	184.0	199.0	155.0	197.0	195.0	203.0	167.0	226.0	173.0	268.0	175.0	258.0	251.0	271.0	208.0	289.0	222.0	304.0	222.0	369.0	184.0	0
73.0	200.0	71.0	215.0	96.0	197.0	157.0	161.0	139.0	177.0	172.0	213.0	170.0	236.0	161.0	254.0	181.0	185.0	201.0	155.0	195.0	196.0	206.0	167.0	230.0	175.0	273.0	178.0	254.0	252.0	265.0	207.0	283.0	221.0	298.0	222.0	366.0	184.0	0
72.0	200.0	69.0	215.0	96.0	197.0	159.0	163.0	142.0	178.0	177.0	213.0	173.0	235.0	162.0	252.0	182.0	186.0	203.0	158.0	199.0	198.0	207.0	170.0	228.0	176.0	270.0	179.0	257.0	248.0	267.0	207.0	286.0	220.0	301.0	220.0	367.0	185.0	0
80.0	202.0	75.0	217.0	99.0	199.0	158.0	163.0	143.0	177.0	173.0	212.0	171.0	235.0	162.0	252.0	184.0	185.0	200.0	158.0	197.0	195.0	205.0	171.0	225.0	176.0	264.0	179.0	253.0	247.0	258.0	205.0	282.0	220.0	295.0	220.0	363.0	190.0	0
77.0	200.0	70.0	215.0	99.0	198.0	156.0	164.0	138.0	179.0	173.0	213.0	172.0	236.0	164.0	253.0	179.0	185.0	200.0	157.0	195.0	196.0	204.0	170.0	223.0	175.0	268.0	177.0	256.0	249.0	263.0	205.0	286.0	219.0	300.0	220.0	367.0	183.0	0
76.0	200.0	72.0	215.0	96.0	198.0	158.0	165.0	142.0	178.0	174.0	212.0	171.0	235.0	163.0	251.0	181.0	186.0	201.0	160.0	198.0	197.0	205.0	171.0	226.0	176.0	267.0	178.0	260.0	248.0	264.0	206.0	286.0	220.0	299.0	219.0	364.0	183.0	0
73.0	201.0	66.0	214.0	94.0	198.0	156.0	163.0	141.0	179.0	172.0	213.0	170.0	236.0	161.0	253.0	178.0	186.0	200.0	157.0	197.0	196.0	204.0	168.0	228.0	174.0	272.0	179.0	256.0	249.0	267.0	207.0	285.0	219.0	300.0	220.0	367.0	185.0	0
74.0	202.0	70.0	216.0	95.0	199.0	158.0	163.0	139.0	179.0	174.0	213.0	172.0	237.0	162.0	254.0	179.0	185.0	201.0	157.0	196.0	196.0	204.0	169.0	224.0	174.0	271.0	178.0	256.0	251.0	265.0	207.0	286.0	221.0	299.0	221.0	362.0	184.0	0
75.0	201.0	73.0	215.0	96.0	198.0	155.0	164.0	138.0	178.0	173.0	212.0	171.0	236.0	162.0	253.0	179.0	186.0	201.0	158.0	194.0	196.0	205.0	169.0	228.0	176.0	272.0	179.0	258.0	248.0	264.0	206.0	287.0	219.0	303.0	220.0	366.0	184.0	0
74.0	202.0	70.0	216.0	98.0	198.0	156.0	163.0	140.0	178.0	173.0	213.0	172.0	237.0	163.0	254.0	180.0	185.0	198.0	157.0	195.0	195.0	203.0	168.0	223.0	173.0	266.0	176.0	258.0	250.0	266.0	206.0	288.0	219.0	301.0	219.0	370.0	186.0	0
74.0	201.0	70.0	215.0	96.0	198.0	158.0	161.0	140.0	179.0	174.0	213.0	172.0	237.0	161.0	254.0	180.0	185.0	202.0	155.0	199.0	196.0	207.0	168.0	228.0	174.0	267.0	177.0	257.0	251.0	263.0	207.0	287.0	222.0	300.0	222.0	371.0	186.0	0
76.0	200.0	72.0	215.0	100.0	198.0	158.0	164.0	139.0	180.0	174.0	214.0	173.0	237.0	164.0	254.0	176.0	186.0	200.0	157.0	198.0	197.0	203.0	170.0	224.0	175.0	266.0	177.0	256.0	251.0	263.0	206.0	286.0	220.0	299.0	219.0	361.0	184.0	0
72.0	202.0	70.0	218.0	93.0	199.0	154.0	164.0	137.0	178.0	173.0	211.0	173.0	236.0	166.0	253.0	181.0	185.0	199.0	157.0	195.0	195.0	204.0	169.0	228.0	176.0	271.0	179.0	257.0	247.0	264.0	206.0	284.0	220.0	299.0	220.0	367.0	187.0	0
76.0	201.0	73.0	215.0	98.0	199.0	156.0	165.0	139.0	180.0	174.0	212.0	171.0	233.0	162.0	250.0	183.0	187.0	200.0	159.0	197.0	197.0	204.0	172.0	227.0	177.0	270.0	179.0	254.0	246.0	265.0	206.0	284.0	219.0	300.0	220.0	363.0	186.0	0
72.0	201.0	69.0	215.0	98.0	198.0	159.0	163.0	143.0	179.0	174.0	213.0	170.0	235.0	163.0	253.0	180.0	186.0	200.0	158.0	196.0	197.0	204.0	170.0	223.0	176.0	264.0	178.0	256.0	250.0	261.0	206.0	283.0	220.0	296.0	220.0	364.0	183.0	0
72.0	202.0	68.0	216.0	95.0	198.0	155.0	164.0	139.0	180.0	175.0	214.0	171.0	235.0	163.0	254.0	180.0	186.0	199.0	158.0	196.0	197.0	203.0	170.0	224.0	175.0	271.0	178.0	259.0	247.0	269.0	207.0	287.0	219.0	303.0	220.0	367.0	184.0	0
80.0	200.0	76.0	215.0	98.0	198.0	158.0	163.0	141.0	178.0	174.0	213.0	171.0	236.0	164.0	252.0	177.0	185.0	199.0	157.0	196.0	196.0	203.0	170.0	225.0	176.0	265.0	178.0	256.0	249.0	261.0	206.0	283.0	220.0	300.0	220.0	360.0	182.0	0
75.0	200.0	71.0	214.0	96.0	197.0	161.0	163.0	142.0	178.0	176.0	212.0	171.0	236.0	160.0	253.0	181.0	184.0	202.0	157.0	197.0	196.0	206.0	169.0	226.0	174.0	269.0	177.0	258.0	251.0	269.0	209.0	289.0	221.0	302.0	221.0	366.0	183.0	0
80.0	202.0	76.0	215.0	100.0	199.0	157.0	165.0	141.0	179.0	175.0	211.0	171.0	234.0	163.0	251.0	177.0	185.0	198.0	159.0	195.0	198.0	202.0	171.0	224.0	176.0	266.0	178.0	259.0	247.0	265.0	206.0	285.0	219.0	301.0	218.0	364.0	185.0	0
70.0	199.0	67.0	214.0	95.0	196.0	156.0	162.0	140.0	177.0	173.0	212.0	170.0	236.0	159.0	255.0	178.0	184.0	203.0	157.0	196.0	196.0	206.0	169.0	228.0	175.0	270.0	178.0	258.0	252.0	264.0	207.0	289.0	222.0	302.0	220.0	365.0	180.0	0
76.0	199.0	71.0	214.0	100.0	197.0	160.0	164.0	141.0	179.0	174.0	212.0	171.0	236.0	161.0	253.0	182.0	186.0	203.0	158.0	197.0	197.0	206.0	170.0	227.0	176.0	269.0	179.0	252.0	249.0	265.0	207.0	283.0	220.0	296.0	220.0	360.0	185.0	0
78.0	200.0	74.0	215.0	99.0	198.0	157.0	165.0	143.0	178.0	175.0	213.0	173.0	235.0	164.0	252.0	183.0	186.0	199.0	159.0	195.0	195.0	202.0	170.0	224.0	176.0	266.0	178.0	256.0	248.0	265.0	207.0	284.0	219.0	300.0	219.0	364.0	181.0	0
58.0	198.0	54.0	215.0	83.0	196.0	154.0	159.0	133.0	176.0	168.0	214.0	166.0	240.0	156.0	259.0	179.0	184.0	202.0	153.0	194.0	196.0	206.0	167.0	230.0	173.0	276.0	177.0	260.0	255.0	271.0	208.0	292.0	224.0	307.0	223.0	385.0	184.0	0
70.0	200.0	66.0	215.0	94.0	197.0	157.0	164.0	143.0	177.0	172.0	213.0	170.0	236.0	162.0	253.0	180.0	185.0	203.0	159.0	196.0	196.0	206.0	170.0	228.0	176.0	267.0	178.0	258.0	250.0	266.0	207.0	287.0	220.0	300.0	220.0	367.0	184.0	0
78.0	202.0	75.0	216.0	98.0	198.0	159.0	165.0	141.0	179.0	173.0	213.0	170.0	235.0	162.0	253.0	181.0	187.0	198.0	159.0	197.0	197.0	203.0	171.0	223.0	177.0	266.0	179.0	254.0	249.0	262.0	208.0	284.0	220.0	297.0	220.0	361.0	185.0	0
77.0	201.0	75.0	217.0	95.0	198.0	157.0	163.0	138.0	179.0	175.0	212.0	172.0	234.0	163.0	251.0	180.0	185.0	201.0	157.0	198.0	197.0	206.0	170.0	225.0	176.0	266.0	178.0	256.0	249.0	266.0	208.0	285.0	221.0	298.0	220.0	363.0	184.0	0
77.0	201.0	73.0	215.0	97.0	197.0	161.0	163.0	143.0	178.0	173.0	213.0	170.0	237.0	161.0	252.0	181.0	186.0	201.0	158.0	196.0	196.0	206.0	170.0	226.0	176.0	263.0	178.0	254.0	249.0	262.0	206.0	283.0	220.0	296.0	220.0	363.0	186.0	0
71.0	201.0	68.0	214.0	94.0	198.0	159.0	163.0	139.0	180.0	174.0	214.0	171.0	237.0	163.0	253.0	180.0	186.0	202.0	157.0	199.0	198.0	206.0	170.0	227.0	176.0	268.0	178.0	252.0	249.0	265.0	208.0	284.0	220.0	299.0	221.0	369.0	187.0	0
75.0	201.0	73.0	215.0	97.0	198.0	158.0	164.0	141.0	180.0	173.0	211.0	170.0	234.0	163.0	252.0	182.0	187.0	201.0	159.0	196.0	196.0	206.0	171.0	226.0	176.0	272.0	179.0	255.0	247.0	265.0	208.0	283.0	219.0	299.0	219.0	366.0	186.0	0
74.0	200.0	69.0	215.0	102.0	198.0	155.0	165.0	140.0	179.0	173.0	213.0	171.0	235.0	163.0	252.0	181.0	187.0	198.0	158.0	191.0	194.0	203.0	171.0	225.0	176.0	266.0	178.0	255.0	248.0	259.0	205.0	282.0	219.0	298.0	219.0	365.0	185.0	0
74.0	200.0	73.0	216.0	100.0	197.0	160.0	164.0	144.0	178.0	174.0	213.0	170.0	234.0	159.0	251.0	180.0	186.0	200.0	158.0	196.0	196.0	204.0	170.0	225.0	176.0	268.0	179.0	254.0	250.0	264.0	207.0	284.0	221.0	298.0	222.0	360.0	184.0	0
76.0	201.0	70.0	216.0	95.0	198.0	158.0	161.0	140.0	178.0	172.0	214.0	171.0	237.0	162.0	255.0	177.0	184.0	199.0	155.0	196.0	195.0	203.0	167.0	225.0	173.0	270.0	177.0	258.0	251.0	265.0	207.0	286.0	220.0	300.0	220.0	366.0	184.0	0
77.0	199.0	73.0	215.0	101.0	197.0	160.0	164.0	146.0	178.0	175.0	213.0	171.0	235.0	163.0	252.0	183.0	187.0	199.0	158.0	196.0	196.0	204.0	171.0	226.0	176.0	266.0	178.0	256.0	248.0	262.0	206.0	283.0	220.0	295.0	219.0	364.0	185.0	0
76.0	201.0	72.0	216.0	98.0	198.0	158.0	165.0	142.0	179.0	173.0	214.0	170.0	235.0	163.0	251.0	179.0	186.0	199.0	159.0	196.0	197.0	204.0	171.0	225.0	177.0	271.0	179.0	257.0	248.0	264.0	206.0	286.0	220.0	301.0	220.0	366.0	185.0	0
76.0	201.0	70.0	215.0	97.0	198.0	157.0	164.0	141.0	179.0	173.0	214.0	170.0	236.0	163.0	253.0	180.0	186.0	200.0	158.0	195.0	197.0	205.0	171.0	224.0	176.0	267.0	178.0	257.0	249.0	265.0	206.0	285.0	220.0	300.0	220.0	365.0	183.0	0
72.0	199.0	68.0	214.0	94.0	197.0	156.0	162.0	139.0	178.0	170.0	213.0	168.0	236.0	159.0	253.0	180.0	186.0	199.0	157.0	193.0	196.0	203.0	169.0	225.0	175.0	267.0	178.0	252.0	250.0	262.0	206.0	282.0	221.0	298.0	222.0	366.0	185.0	0
78.0	201.0	73.0	216.0	99.0	199.0	157.0	164.0	139.0	178.0	174.0	212.0	172.0	236.0	163.0	253.0	178.0	184.0	200.0	158.0	196.0	196.0	204.0	169.0	226.0	175.0	270.0	177.0	254.0	249.0	266.0	206.0	287.0	219.0	300.0	219.0	369.0	186.0	0
68.0	201.0	65.0	217.0	90.0	198.0	152.0	162.0	133.0	179.0	173.0	213.0	169.0	237.0	159.0	255.0	179.0	184.0	198.0	155.0	197.0	196.0	202.0	168.0	228.0	175.0	271.0	176.0	258.0	252.0	271.0	208.0	292.0	221.0	308.0	221.0	374.0	182.0	0
76.0	201.0	72.0	215.0	97.0	199.0	158.0	165.0	143.0	179.0	176.0	212.0	173.0	235.0	164.0	251.0	181.0	186.0	201.0	160.0	199.0	198.0	204.0	171.0	227.0	177.0	266.0	179.0	259.0	248.0	263.0	206.0	285.0	220.0	298.0	218.0	361.0	185.0	0
75.0	200.0	70.0	214.0	99.0	197.0	157.0	166.0	141.0	179.0	175.0	213.0	172.0	235.0	163.0	252.0	183.0	187.0	201.0	160.0	197.0	197.0	205.0	172.0	226.0	177.0	265.0	179.0	256.0	247.0	263.0	205.0	286.0	219.0	299.0	219.0	361.0	185.0	0
73.0	201.0	69.0	215.0	93.0	197.0	156.0	162.0	139.0	177.0	173.0	214.0	169.0	237.0	162.0	255.0	179.0	185.0	200.0	156.0	194.0	195.0	204.0	168.0	227.0	175.0	268.0	178.0	258.0	249.0	264.0	206.0	287.0	221.0	300.0	220.0	368.0	185.0	0
69.0	202.0	63.0	217.0	93.0	199.0	158.0	161.0	139.0	178.0	174.0	214.0	171.0	237.0	163.0	254.0	178.0	185.0	201.0	155.0	200.0	197.0	207.0	168.0	230.0	175.0	269.0	176.0	262.0	250.0	264.0	204.0	291.0	220.0	305.0	220.0	374.0	185.0	0
75.0	201.0	71.0	215.0	100.0	198.0	157.0	165.0	142.0	180.0	175.0	212.0	174.0	235.0	163.0	252.0	180.0	187.0	200.0	159.0	194.0	197.0	206.0	172.0	225.0	177.0	265.0	179.0	254.0	247.0	264.0	205.0	285.0	218.0	299.0	219.0	365.0	185.0	0
68.0	201.0	65.0	215.0	92.0	198.0	155.0	162.0	137.0	178.0	173.0	214.0	170.0	238.0	161.0	255.0	179.0	185.0	198.0	155.0	196.0	196.0	202.0	168.0	227.0	174.0	268.0	176.0	259.0	251.0	267.0	206.0	289.0	220.0	302.0	220.0	376.0	184.0	0
72.0	200.0	67.0	214.0	95.0	197.0	158.0	162.0	141.0	177.0	171.0	211.0	171.0	234.0	161.0	252.0	183.0	186.0	200.0	157.0	195.0	196.0	206.0	170.0	228.0	175.0	268.0	177.0	254.0	251.0	267.0	207.0	286.0	220.0	301.0	221.0	372.0	184.0	0
77.0	202.0	76.0	217.0	98.0	199.0	159.0	165.0	142.0	179.0	175.0	211.0	172.0	234.0	163.0	252.0	178.0	185.0	200.0	159.0	197.0	196.0	203.0	171.0	225.0	176.0	263.0	179.0	252.0	248.0	264.0	207.0	281.0	219.0	296.0	219.0	365.0	186.0	0
72.0	200.0	68.0	215.0	95.0	198.0	155.0	163.0	138.0	179.0	173.0	212.0	171.0	237.0	161.0	254.0	179.0	186.0	201.0	156.0	196.0	197.0	206.0	170.0	225.0	175.0	268.0	176.0	260.0	250.0	269.0	208.0	288.0	220.0	303.0	220.0	372.0	182.0	0
72.0	200.0	69.0	216.0	94.0	197.0	156.0	162.0	139.0	178.0	173.0	213.0	169.0	237.0	160.0	256.0	180.0	184.0	199.0	157.0	195.0	195.0	204.0	168.0	225.0	174.0	270.0	176.0	256.0	254.0	268.0	209.0	289.0	222.0	303.0	221.0	368.0	181.0	0
74.0	200.0	70.0	215.0	96.0	197.0	159.0	164.0	141.0	180.0	173.0	213.0	169.0	236.0	161.0	254.0	179.0	185.0	202.0	158.0	197.0	198.0	205.0	171.0	226.0	177.0	271.0	180.0	256.0	249.0	261.0	206.0	285.0	222.0	301.0	221.0	363.0	185.0	0
75.0	198.0	69.0	213.0	95.0	195.0	158.0	162.0	141.0	177.0	170.0	212.0	166.0	236.0	157.0	253.0	177.0	185.0	201.0	159.0	191.0	195.0	204.0	170.0	220.0	175.0	263.0	180.0	249.0	252.0	260.0	208.0	281.0	222.0	294.0	222.0	362.0	187.0	0
70.0	202.0	66.0	218.0	94.0	198.0	156.0	161.0	138.0	176.0	171.0	214.0	167.0	238.0	157.0	256.0	180.0	185.0	199.0	155.0	194.0	194.0	203.0	168.0	223.0	173.0	266.0	176.0	253.0	252.0	264.0	207.0	286.0	221.0	300.0	222.0	370.0	188.0	0
70.0	201.0	65.0	216.0	93.0	198.0	156.0	162.0	139.0	178.0	172.0	212.0	170.0	237.0	161.0	254.0	179.0	186.0	201.0	156.0	195.0	196.0	205.0	169.0	226.0	175.0	266.0	177.0	258.0	251.0	267.0	207.0	288.0	221.0	304.0	222.0	373.0	183.0	0
75.0	200.0	70.0	213.0	99.0	196.0	158.0	165.0	141.0	180.0	175.0	213.0	173.0	235.0	165.0	252.0	181.0	186.0	201.0	159.0	196.0	196.0	205.0	170.0	226.0	176.0	266.0	178.0	254.0	248.0	261.0	205.0	285.0	219.0	297.0	219.0	361.0	185.0	0
76.0	200.0	72.0	214.0	96.0	198.0	158.0	164.0	141.0	180.0	172.0	213.0	170.0	235.0	162.0	252.0	183.0	187.0	199.0	158.0	194.0	195.0	203.0	170.0	225.0	175.0	268.0	178.0	254.0	248.0	265.0	207.0	284.0	219.0	299.0	220.0	365.0	185.0	0
72.0	200.0	67.0	215.0	97.0	197.0	159.0	162.0	141.0	177.0	173.0	213.0	171.0	236.0	163.0	254.0	181.0	184.0	202.0	157.0	199.0	197.0	207.0	169.0	229.0	175.0	269.0	178.0	255.0	249.0	265.0	207.0	285.0	220.0	300.0	221.0	367.0	186.0	0
76.0	202.0	73.0	217.0	96.0	199.0	155.0	164.0	140.0	178.0	172.0	213.0	168.0	235.0	162.0	252.0	179.0	185.0	199.0	157.0	196.0	197.0	203.0	170.0	227.0	176.0	271.0	179.0	258.0	247.0	263.0	206.0	284.0	220.0	299.0	220.0	370.0	188.0	0
70.0	202.0	66.0	218.0	91.0	199.0	154.0	163.0	137.0	177.0	173.0	214.0	172.0	239.0	163.0	257.0	176.0	183.0	199.0	155.0	196.0	196.0	202.0	168.0	224.0	174.0	268.0	176.0	260.0	253.0	267.0	207.0	291.0	221.0	302.0	220.0	371.0	184.0	0
76.0	201.0	70.0	216.0	99.0	198.0	160.0	163.0	144.0	177.0	174.0	213.0	170.0	236.0	161.0	253.0	181.0	185.0	200.0	157.0	196.0	196.0	203.0	168.0	226.0	174.0	270.0	178.0	256.0	250.0	266.0	207.0	286.0	221.0	301.0	221.0	366.0	186.0	0
77.0	200.0	73.0	215.0	95.0	198.0	158.0	162.0	139.0	178.0	172.0	213.0	169.0	238.0	161.0	255.0	178.0	184.0	200.0	157.0	194.0	196.0	203.0	169.0	225.0	175.0	268.0	178.0	255.0	252.0	264.0	208.0	285.0	221.0	299.0	221.0	365.0	184.0	0
79.0	200.0	74.0	215.0	98.0	198.0	159.0	163.0	141.0	179.0	175.0	215.0	171.0	235.0	161.0	252.0	180.0	186.0	199.0	158.0	197.0	197.0	203.0	170.0	224.0	175.0	264.0	177.0	256.0	250.0	267.0	208.0	286.0	220.0	300.0	220.0	365.0	183.0	0
70.0	201.0	67.0	215.0	93.0	198.0	155.0	161.0	138.0	178.0	174.0	213.0	170.0	238.0	162.0	254.0	179.0	186.0	200.0	156.0	198.0	197.0	206.0	169.0	230.0	175.0	271.0	177.0	257.0	251.0	265.0	206.0	287.0	221.0	301.0	221.0	375.0	185.0	0
78.0	201.0	76.0	214.0	99.0	197.0	157.0	164.0	141.0	179.0	174.0	212.0	171.0	235.0	164.0	252.0	181.0	186.0	199.0	158.0	196.0	196.0	204.0	170.0	225.0	175.0	270.0	179.0	253.0	247.0	262.0	207.0	281.0	219.0	297.0	219.0	363.0	185.0	0
71.0	199.0	67.0	216.0	92.0	197.0	153.0	161.0	137.0	175.0	175.0	213.0	172.0	237.0	162.0	256.0	178.0	183.0	200.0	154.0	197.0	195.0	205.0	167.0	226.0	173.0	272.0	177.0	260.0	251.0	267.0	206.0	290.0	221.0	303.0	220.0	372.0	184.0	0
79.0	200.0	74.0	214.0	103.0	198.0	157.0	165.0	141.0	180.0	173.0	212.0	173.0	235.0	165.0	252.0	179.0	186.0	200.0	159.0	196.0	197.0	204.0	170.0	225.0	176.0	264.0	179.0	254.0	248.0	260.0	205.0	282.0	219.0	296.0	219.0	361.0	183.0	0
71.0	200.0	66.0	215.0	92.0	198.0	157.0	163.0	139.0	178.0	173.0	213.0	169.0	237.0	161.0	254.0	176.0	185.0	200.0	158.0	196.0	197.0	203.0	169.0	228.0	176.0	270.0	178.0	258.0	250.0	266.0	207.0	286.0	220.0	301.0	221.0	366.0	184.0	0
72.0	201.0	68.0	215.0	96.0	197.0	156.0	163.0	140.0	179.0	173.0	214.0	170.0	237.0	160.0	254.0	181.0	186.0	198.0	157.0	196.0	196.0	204.0	169.0	224.0	175.0	269.0	177.0	258.0	250.0	265.0	205.0	287.0	219.0	301.0	220.0	367.0	184.0	0
76.0	200.0	72.0	216.0	101.0	198.0	158.0	164.0	141.0	179.0	173.0	213.0	171.0	235.0	161.0	253.0	182.0	185.0	199.0	157.0	197.0	196.0	204.0	170.0	226.0	176.0	268.0	179.0	256.0	250.0	265.0	206.0	286.0	221.0	300.0	221.0	366.0	185.0	0
77.0	200.0	74.0	215.0	100.0	197.0	159.0	164.0	141.0	179.0	173.0	211.0	171.0	235.0	162.0	252.0	183.0	187.0	202.0	158.0	196.0	197.0	206.0	170.0	228.0	176.0	266.0	178.0	253.0	249.0	268.0	210.0	283.0	220.0	299.0	220.0	363.0	183.0	0
71.0	200.0	67.0	215.0	96.0	197.0	156.0	163.0	140.0	178.0	174.0	214.0	170.0	237.0	161.0	255.0	181.0	184.0	201.0	157.0	196.0	196.0	204.0	168.0	223.0	173.0	266.0	175.0	257.0	253.0	264.0	206.0	288.0	221.0	301.0	221.0	369.0	183.0	0
76.0	200.0	73.0	214.0	96.0	198.0	156.0	164.0	141.0	178.0	173.0	212.0	171.0	234.0	161.0	251.0	181.0	186.0	200.0	159.0	195.0	196.0	203.0	170.0	226.0	176.0	272.0	179.0	259.0	248.0	263.0	205.0	286.0	219.0	300.0	218.0	366.0	186.0	0
75.0	201.0	70.0	216.0	97.0	198.0	159.0	163.0	143.0	178.0	174.0	213.0	172.0	236.0	163.0	254.0	182.0	186.0	201.0	158.0	194.0	195.0	204.0	170.0	226.0	176.0	270.0	179.0	257.0	249.0	265.0	207.0	286.0	221.0	300.0	221.0	367.0	186.0	0
74.0	201.0	71.0	216.0	98.0	198.0	156.0	163.0	139.0	179.0	173.0	213.0	172.0	237.0	165.0	256.0	176.0	184.0	198.0	158.0	196.0	197.0	202.0	170.0	225.0	176.0	264.0	178.0	257.0	249.0	263.0	206.0	286.0	220.0	300.0	220.0	364.0	183.0	0
75.0	201.0	70.0	215.0	94.0	198.0	157.0	164.0	142.0	179.0	174.0	214.0	172.0	236.0	164.0	252.0	180.0	185.0	202.0	157.0	196.0	196.0	206.0	170.0	226.0	175.0	269.0	178.0	259.0	248.0	264.0	206.0	286.0	220.0	301.0	221.0	369.0	184.0	0
73.0	200.0	70.0	216.0	93.0	197.0	158.0	164.0	141.0	178.0	174.0	212.0	171.0	235.0	164.0	253.0	181.0	185.0	200.0	158.0	198.0	196.0	204.0	170.0	225.0	176.0	269.0	178.0	256.0	247.0	265.0	207.0	286.0	220.0	299.0	221.0	362.0	184.0	0
73.0	200.0	69.0	215.0	97.0	197.0	159.0	163.0	140.0	179.0	173.0	212.0	172.0	236.0	162.0	254.0	179.0	185.0	199.0	158.0	196.0	196.0	202.0	169.0	226.0	175.0	270.0	178.0	252.0	248.0	264.0	207.0	282.0	219.0	297.0	219.0	365.0	185.0	0
74.0	200.0	71.0	215.0	94.0	198.0	156.0	165.0	139.0	179.0	173.0	212.0	173.0	236.0	164.0	253.0	178.0	185.0	201.0	158.0	195.0	198.0	204.0	171.0	228.0	176.0	271.0	179.0	257.0	249.0	265.0	206.0	286.0	220.0	300.0	220.0	366.0	184.0	0
74.0	200.0	71.0	216.0	96.0	198.0	155.0	162.0	140.0	178.0	175.0	213.0	172.0	237.0	163.0	253.0	179.0	184.0	201.0	157.0	199.0	198.0	204.0	168.0	229.0	174.0	271.0	177.0	256.0	250.0	264.0	206.0	287.0	220.0	301.0	219.0	368.0	185.0	0
78.0	201.0	74.0	216.0	96.0	198.0	159.0	162.0	140.0	179.0	175.0	212.0	172.0	236.0	163.0	254.0	179.0	184.0	202.0	157.0	196.0	195.0	205.0	168.0	224.0	173.0	269.0	177.0	254.0	251.0	263.0	206.0	286.0	221.0	299.0	221.0	366.0	187.0	0
79.0	199.0	73.0	214.0	98.0	197.0	160.0	160.0	142.0	177.0	170.0	212.0	167.0	237.0	156.0	253.0	178.0	184.0	203.0	154.0	199.0	197.0	207.0	168.0	227.0	174.0	266.0	177.0	250.0	252.0	266.0	208.0	285.0	223.0	300.0	224.0	367.0	186.0	0
77.0	200.0	73.0	214.0	99.0	197.0	160.0	164.0	143.0	180.0	174.0	212.0	171.0	235.0	163.0	251.0	180.0	186.0	202.0	160.0	197.0	197.0	205.0	170.0	225.0	175.0	269.0	179.0	255.0	248.0	264.0	207.0	282.0	219.0	298.0	219.0	366.0	186.0	0
76.0	200.0	73.0	215.0	98.0	198.0	159.0	163.0	142.0	178.0	176.0	212.0	173.0	236.0	162.0	253.0	180.0	185.0	202.0	157.0	199.0	197.0	206.0	169.0	227.0	175.0	270.0	179.0	251.0	251.0	262.0	206.0	282.0	220.0	298.0	220.0	363.0	185.0	0
71.0	201.0	68.0	218.0	94.0	198.0	154.0	162.0	138.0	178.0	174.0	213.0	171.0	237.0	163.0	255.0	179.0	185.0	200.0	155.0	196.0	195.0	204.0	168.0	225.0	174.0	271.0	175.0	263.0	252.0	269.0	207.0	293.0	221.0	308.0	222.0	380.0	183.0	0
73.0	202.0	69.0	216.0	95.0	198.0	153.0	163.0	136.0	178.0	171.0	213.0	169.0	237.0	160.0	254.0	179.0	185.0	200.0	157.0	192.0	195.0	204.0	169.0	228.0	175.0	270.0	177.0	257.0	250.0	265.0	207.0	287.0	221.0	301.0	221.0	367.0	184.0	0
75.0	200.0	72.0	215.0	98.0	198.0	157.0	164.0	143.0	178.0	173.0	212.0	171.0	235.0	162.0	252.0	179.0	186.0	200.0	158.0	195.0	196.0	204.0	170.0	224.0	175.0	267.0	178.0	256.0	249.0	264.0	207.0	284.0	220.0	300.0	220.0	364.0	185.0	0
76.0	201.0	74.0	216.0	101.0	197.0	160.0	164.0	144.0	179.0	175.0	212.0	173.0	234.0	165.0	251.0	181.0	185.0	203.0	158.0	199.0	197.0	207.0	171.0	230.0	177.0	266.0	178.0	255.0	250.0	268.0	208.0	284.0	220.0	299.0	221.0	365.0	183.0	0
75.0	200.0	71.0	215.0	95.0	198.0	158.0	162.0	140.0	178.0	172.0	212.0	169.0	237.0	160.0	254.0	176.0	184.0	199.0	156.0	196.0	197.0	203.0	169.0	226.0	175.0	266.0	178.0	250.0	249.0	260.0	208.0	280.0	222.0	295.0	222.0	362.0	186.0	0
72.0	198.0	68.0	213.0	96.0	196.0	157.0	161.0	139.0	177.0	172.0	212.0	170.0	236.0	160.0	253.0	180.0	184.0	199.0	155.0	196.0	195.0	205.0	169.0	228.0	175.0	271.0	178.0	256.0	250.0	265.0	205.0	288.0	220.0	301.0	219.0	368.0	183.0	0
72.0	201.0	67.0	215.0	98.0	198.0	155.0	164.0	138.0	179.0	172.0	213.0	170.0	236.0	162.0	254.0	180.0	186.0	198.0	158.0	193.0	196.0	201.0	170.0	224.0	176.0	266.0	178.0	257.0	248.0	265.0	206.0	287.0	220.0	302.0	220.0	365.0	182.0	0
77.0	201.0	73.0	218.0	97.0	198.0	156.0	164.0	140.0	178.0	173.0	214.0	170.0	238.0	162.0	255.0	177.0	184.0	200.0	157.0	197.0	197.0	204.0	170.0	223.0	175.0	266.0	177.0	254.0	251.0	264.0	207.0	285.0	221.0	298.0	221.0	364.0	185.0	0
74.0	201.0	70.0	216.0	96.0	199.0	156.0	164.0	140.0	179.0	174.0	213.0	173.0	236.0	164.0	253.0	178.0	185.0	198.0	157.0	197.0	198.0	202.0	169.0	225.0	175.0	269.0	177.0	257.0	249.0	267.0	208.0	285.0	220.0	301.0	220.0	368.0	183.0	0
74.0	199.0	70.0	215.0	99.0	197.0	157.0	163.0	140.0	179.0	174.0	213.0	171.0	237.0	161.0	252.0	181.0	186.0	201.0	157.0	197.0	196.0	205.0	170.0	227.0	175.0	269.0	177.0	259.0	251.0	266.0	208.0	288.0	221.0	301.0	221.0	367.0	182.0	0
67.0	201.0	61.0	216.0	92.0	198.0	155.0	163.0	139.0	178.0	173.0	214.0	171.0	236.0	160.0	255.0	181.0	186.0	198.0	156.0	196.0	196.0	203.0	169.0	228.0	175.0	268.0	176.0	258.0	250.0	269.0	207.0	290.0	221.0	304.0	221.0	373.0	183.0	0
76.0	200.0	71.0	216.0	100.0	197.0	157.0	163.0	138.0	179.0	175.0	213.0	172.0	236.0	162.0	254.0	177.0	186.0	197.0	157.0	196.0	197.0	201.0	169.0	224.0	175.0	264.0	177.0	256.0	248.0	265.0	208.0	286.0	219.0	300.0	219.0	364.0	182.0	0
79.0	201.0	74.0	215.0	98.0	197.0	158.0	164.0	143.0	178.0	174.0	213.0	172.0	236.0	163.0	252.0	180.0	186.0	200.0	158.0	197.0	197.0	204.0	171.0	227.0	177.0	265.0	178.0	257.0	249.0	262.0	206.0	285.0	221.0	300.0	221.0	359.0	183.0	0
74.0	201.0	69.0	218.0	95.0	198.0	153.0	163.0	140.0	176.0	172.0	213.0	170.0	236.0	161.0	255.0	179.0	184.0	200.0	157.0	194.0	194.0	203.0	168.0	227.0	174.0	268.0	176.0	258.0	250.0	267.0	207.0	287.0	221.0	303.0	221.0	368.0	185.0	0
76.0	201.0	72.0	217.0	94.0	198.0	158.0	161.0	140.0	178.0	174.0	213.0	172.0	237.0	163.0	254.0	180.0	185.0	197.0	156.0	197.0	196.0	203.0	168.0	222.0	173.0	269.0	174.0	258.0	251.0	266.0	206.0	289.0	220.0	303.0	220.0	368.0	181.0	0
78.0	201.0	75.0	216.0	99.0	198.0	158.0	164.0	142.0	179.0	177.0	213.0	173.0	235.0	165.0	252.0	179.0	186.0	200.0	158.0	196.0	197.0	205.0	170.0	226.0	175.0	266.0	177.0	258.0	248.0	264.0	206.0	286.0	219.0	299.0	219.0	366.0	184.0	0
72.0	201.0	67.0	217.0	98.0	197.0	155.0	162.0	137.0	178.0	172.0	211.0	171.0	235.0	161.0	253.0	179.0	184.0	199.0	157.0	196.0	196.0	204.0	168.0	226.0	175.0	268.0	177.0	257.0	248.0	267.0	207.0	287.0	220.0	300.0	220.0	368.0	186.0	0
76.0	201.0	71.0	216.0	98.0	197.0	156.0	166.0	141.0	179.0	175.0	212.0	172.0	233.0	165.0	250.0	178.0	185.0	201.0	160.0	195.0	195.0	205.0	170.0	226.0	175.0	268.0	178.0	257.0	247.0	265.0	206.0	285.0	219.0	301.0	219.0	367.0	186.0	0
76.0	200.0	73.0	215.0	100.0	198.0	159.0	164.0	144.0	178.0	175.0	214.0	172.0	236.0	163.0	253.0	183.0	186.0	203.0	158.0	197.0	196.0	207.0	170.0	227.0	176.0	267.0	178.0	257.0	249.0	267.0	209.0	284.0	220.0	298.0	220.0	362.0	184.0	0
71.0	200.0	66.0	215.0	93.0	197.0	158.0	161.0	138.0	179.0	172.0	214.0	170.0	237.0	160.0	255.0	177.0	185.0	201.0	154.0	197.0	196.0	205.0	167.0	225.0	172.0	271.0	175.0	259.0	253.0	269.0	207.0	293.0	222.0	307.0	221.0	378.0	183.0	0
77.0	200.0	73.0	216.0	96.0	198.0	158.0	164.0	140.0	179.0	173.0	213.0	170.0	236.0	161.0	253.0	180.0	185.0	201.0	158.0	194.0	195.0	205.0	170.0	225.0	175.0	267.0	177.0	256.0	250.0	264.0	207.0	287.0	221.0	299.0	221.0	362.0	185.0	0
71.0	200.0	66.0	217.0	93.0	197.0	156.0	161.0	140.0	176.0	171.0	213.0	169.0	236.0	160.0	255.0	179.0	183.0	202.0	155.0	197.0	195.0	205.0	167.0	226.0	173.0	273.0	177.0	256.0	252.0	267.0	208.0	288.0	221.0	303.0	221.0	373.0	186.0	0
75.0	199.0	71.0	214.0	93.0	197.0	158.0	162.0	141.0	177.0	173.0	213.0	169.0	236.0	159.0	254.0	179.0	184.0	202.0	156.0	195.0	196.0	207.0	168.0	225.0	174.0	268.0	177.0	255.0	250.0	265.0	208.0	286.0	221.0	300.0	220.0	366.0	184.0	0
79.0	200.0	73.0	213.0	101.0	198.0	162.0	164.0	142.0	180.0	173.0	211.0	171.0	234.0	163.0	251.0	182.0	186.0	202.0	158.0	196.0	196.0	206.0	170.0	224.0	175.0	262.0	178.0	252.0	248.0	261.0	206.0	281.0	220.0	295.0	219.0	364.0	188.0	0
73.0	202.0	68.0	216.0	95.0	199.0	156.0	164.0	141.0	178.0	175.0	213.0	172.0	235.0	163.0	252.0	178.0	184.0	199.0	157.0	200.0	197.0	204.0	169.0	225.0	175.0	268.0	178.0	258.0	247.0	266.0	206.0	286.0	219.0	301.0	220.0	368.0	186.0	0
71.0	200.0	66.0	216.0	92.0	197.0	156.0	161.0	138.0	177.0	173.0	215.0	170.0	239.0	161.0	256.0	178.0	184.0	202.0	156.0	198.0	197.0	205.0	169.0	228.0	175.0	273.0	177.0	260.0	251.0	266.0	206.0	288.0	221.0	304.0	221.0	370.0	185.0	0
74.0	201.0	70.0	215.0	95.0	199.0	156.0	164.0	138.0	179.0	175.0	213.0	171.0	236.0	163.0	253.0	179.0	185.0	200.0	158.0	195.0	196.0	204.0	169.0	228.0	175.0	268.0	177.0	257.0	250.0	269.0	208.0	288.0	220.0	302.0	220.0	369.0	183.0	0
73.0	200.0	70.0	214.0	98.0	197.0	155.0	164.0	137.0	179.0	174.0	213.0	171.0	236.0	163.0	252.0	179.0	186.0	201.0	159.0	198.0	198.0	204.0	171.0	227.0	177.0	269.0	178.0	260.0	248.0	265.0	206.0	286.0	219.0	301.0	219.0	366.0	183.0	0
80.0	199.0	75.0	214.0	100.0	197.0	161.0	162.0	145.0	178.0	174.0	212.0	171.0	235.0	162.0	252.0	182.0	186.0	202.0	157.0	196.0	196.0	206.0	169.0	226.0	175.0	265.0	177.0	253.0	249.0	263.0	207.0	284.0	220.0	296.0	220.0	360.0	185.0	0
66.0	200.0	62.0	216.0	88.0	198.0	157.0	162.0	138.0	177.0	172.0	213.0	168.0	235.0	158.0	255.0	177.0	184.0	200.0	156.0	197.0	196.0	204.0	169.0	228.0	174.0	270.0	177.0	260.0	252.0	271.0	208.0	290.0	221.0	307.0	220.0	383.0	186.0	0
76.0	200.0	70.0	215.0	99.0	198.0	157.0	163.0	139.0	179.0	173.0	213.0	169.0	236.0	161.0	253.0	178.0	185.0	199.0	157.0	197.0	197.0	203.0	169.0	223.0	175.0	267.0	178.0	255.0	249.0	265.0	208.0	285.0	221.0	300.0	220.0	363.0	184.0	0
71.0	201.0	68.0	214.0	97.0	197.0	158.0	164.0	143.0	179.0	172.0	213.0	170.0	236.0	163.0	252.0	181.0	187.0	203.0	159.0	194.0	196.0	207.0	170.0	227.0	176.0	266.0	179.0	256.0	250.0	260.0	206.0	282.0	221.0	297.0	221.0	363.0	185.0	0
74.0	202.0	71.0	216.0	96.0	199.0	156.0	165.0	139.0	180.0	173.0	212.0	171.0	235.0	164.0	252.0	181.0	186.0	200.0	158.0	197.0	197.0	206.0	171.0	227.0	176.0	266.0	178.0	256.0	246.0	264.0	206.0	281.0	219.0	295.0	219.0	362.0	188.0	0
73.0	201.0	68.0	216.0	93.0	198.0	156.0	164.0	139.0	178.0	173.0	213.0	171.0	237.0	162.0	254.0	179.0	185.0	200.0	158.0	195.0	195.0	203.0	169.0	226.0	175.0	271.0	177.0	258.0	249.0	268.0	207.0	289.0	220.0	304.0	221.0	366.0	184.0	0
74.0	201.0	70.0	216.0	95.0	198.0	158.0	163.0	142.0	178.0	173.0	212.0	170.0	235.0	162.0	252.0	181.0	186.0	200.0	158.0	198.0	197.0	205.0	170.0	227.0	176.0	264.0	178.0	254.0	249.0	264.0	207.0	284.0	220.0	296.0	220.0	362.0	185.0	0
78.0	201.0	74.0	215.0	99.0	198.0	158.0	164.0	142.0	179.0	173.0	212.0	171.0	235.0	162.0	251.0	181.0	186.0	201.0	158.0	197.0	197.0	205.0	170.0	226.0	176.0	266.0	178.0	255.0	247.0	264.0	207.0	284.0	220.0	296.0	219.0	364.0	186.0	0
76.0	200.0	70.0	215.0	96.0	199.0	157.0	164.0	141.0	179.0	174.0	214.0	171.0	235.0	162.0	252.0	179.0	184.0	201.0	157.0	199.0	198.0	204.0	168.0	226.0	175.0	265.0	178.0	255.0	249.0	263.0	206.0	283.0	219.0	297.0	219.0	363.0	186.0	0
76.0	200.0	73.0	215.0	99.0	198.0	157.0	164.0	138.0	179.0	174.0	212.0	172.0	235.0	163.0	253.0	179.0	186.0	198.0	159.0	194.0	195.0	201.0	171.0	222.0	175.0	265.0	177.0	255.0	250.0	266.0	207.0	286.0	219.0	300.0	219.0	366.0	182.0	0
73.0	200.0	68.0	214.0	96.0	197.0	157.0	164.0	138.0	180.0	174.0	214.0	171.0	236.0	161.0	253.0	181.0	186.0	198.0	157.0	196.0	197.0	204.0	170.0	223.0	175.0	262.0	177.0	258.0	251.0	264.0	207.0	286.0	221.0	299.0	220.0	364.0	181.0	0
78.0	201.0	74.0	217.0	99.0	198.0	157.0	163.0	140.0	179.0	174.0	212.0	171.0	235.0	162.0	253.0	179.0	185.0	201.0	157.0	199.0	197.0	205.0	169.0	225.0	175.0	270.0	177.0	254.0	250.0	263.0	207.0	284.0	221.0	298.0	221.0	366.0	187.0	0
76.0	201.0	75.0	217.0	98.0	198.0	154.0	163.0	138.0	179.0	174.0	213.0	170.0	235.0	160.0	252.0	179.0	185.0	199.0	157.0	200.0	197.0	203.0	168.0	224.0	174.0	265.0	177.0	253.0	249.0	263.0	206.0	286.0	220.0	299.0	220.0	361.0	185.0	0
72.0	201.0	69.0	216.0	96.0	198.0	157.0	162.0	140.0	177.0	172.0	213.0	170.0	234.0	160.0	254.0	181.0	185.0	199.0	156.0	195.0	195.0	202.0	169.0	224.0	175.0	265.0	178.0	255.0	248.0	262.0	205.0	285.0	220.0	298.0	220.0	364.0	187.0	0
70.0	200.0	66.0	215.0	93.0	197.0	156.0	163.0	137.0	178.0	172.0	213.0	168.0	235.0	159.0	254.0	178.0	186.0	199.0	157.0	197.0	198.0	203.0	170.0	227.0	176.0	270.0	178.0	257.0	252.0	267.0	208.0	289.0	222.0	305.0	222.0	370.0	180.0	0
76.0	200.0	72.0	216.0	95.0	198.0	157.0	162.0	137.0	179.0	174.0	214.0	171.0	237.0	161.0	254.0	180.0	185.0	200.0	157.0	198.0	196.0	203.0	169.0	225.0	174.0	266.0	176.0	258.0	251.0	266.0	207.0	286.0	221.0	302.0	221.0	365.0	183.0	0
74.0	201.0	70.0	215.0	95.0	198.0	156.0	164.0	139.0	179.0	175.0	212.0	173.0	235.0	165.0	253.0	181.0	186.0	200.0	158.0	198.0	196.0	206.0	170.0	228.0	175.0	268.0	177.0	257.0	250.0	266.0	206.0	288.0	220.0	301.0	220.0	368.0	182.0	0
76.0	201.0	72.0	215.0	96.0	199.0	158.0	164.0	140.0	178.0	173.0	214.0	171.0	237.0	164.0	253.0	183.0	187.0	202.0	158.0	197.0	197.0	206.0	170.0	224.0	174.0	267.0	177.0	256.0	249.0	264.0	207.0	285.0	221.0	301.0	221.0	366.0	182.0	0
77.0	201.0	74.0	217.0	99.0	198.0	159.0	163.0	142.0	178.0	174.0	213.0	172.0	234.0	163.0	252.0	181.0	185.0	199.0	157.0	195.0	196.0	203.0	169.0	226.0	175.0	269.0	178.0	254.0	250.0	265.0	207.0	286.0	220.0	299.0	220.0	361.0	184.0	0
73.0	200.0	71.0	217.0	96.0	197.0	154.0	161.0	135.0	178.0	170.0	213.0	167.0	236.0	160.0	255.0	178.0	183.0	201.0	155.0	196.0	196.0	205.0	168.0	227.0	174.0	269.0	177.0	258.0	250.0	268.0	208.0	287.0	222.0	300.0	221.0	373.0	185.0	0
75.0	200.0	73.0	217.0	98.0	197.0	157.0	163.0	138.0	178.0	173.0	212.0	170.0	236.0	162.0	254.0	180.0	185.0	200.0	156.0	196.0	196.0	204.0	169.0	226.0	175.0	267.0	177.0	256.0	252.0	262.0	205.0	287.0	222.0	300.0	222.0	367.0	184.0	0
73.0	199.0	68.0	213.0	101.0	197.0	161.0	164.0	143.0	179.0	174.0	213.0	172.0	235.0	162.0	252.0	179.0	186.0	200.0	158.0	196.0	197.0	204.0	170.0	225.0	176.0	268.0	179.0	256.0	249.0	265.0	209.0	283.0	220.0	298.0	220.0	365.0	183.0	0
68.0	199.0	65.0	215.0	91.0	198.0	157.0	163.0	139.0	178.0	174.0	214.0	171.0	238.0	163.0	257.0	178.0	185.0	200.0	157.0	197.0	196.0	204.0	169.0	224.0	174.0	269.0	177.0	258.0	249.0	269.0	207.0	287.0	220.0	302.0	220.0	370.0	183.0	0
74.0	200.0	70.0	215.0	94.0	198.0	157.0	163.0	141.0	178.0	174.0	214.0	172.0	236.0	163.0	254.0	178.0	185.0	199.0	157.0	195.0	196.0	205.0	169.0	226.0	174.0	270.0	176.0	255.0	250.0	267.0	208.0	287.0	220.0	300.0	220.0	365.0	184.0	0
75.0	201.0	72.0	216.0	96.0	198.0	155.0	164.0	138.0	180.0	172.0	213.0	171.0	235.0	163.0	251.0	180.0	186.0	198.0	158.0	194.0	196.0	202.0	170.0	224.0	175.0	267.0	177.0	260.0	249.0	267.0	206.0	288.0	220.0	300.0	219.0	369.0	183.0	0
77.0	199.0	74.0	214.0	100.0	196.0	158.0	165.0	141.0	179.0	175.0	213.0	170.0	234.0	162.0	251.0	180.0	186.0	200.0	160.0	196.0	198.0	204.0	172.0	226.0	177.0	268.0	179.0	255.0	248.0	263.0	207.0	282.0	218.0	298.0	218.0	361.0	184.0	0
76.0	201.0	72.0	214.0	101.0	198.0	160.0	165.0	144.0	179.0	174.0	213.0	172.0	234.0	163.0	252.0	183.0	186.0	200.0	159.0	194.0	195.0	203.0	171.0	223.0	176.0	265.0	179.0	254.0	247.0	264.0	206.0	283.0	219.0	296.0	219.0	362.0	186.0	0
76.0	201.0	74.0	216.0	96.0	199.0	156.0	165.0	140.0	178.0	175.0	213.0	172.0	236.0	165.0	253.0	186.0	186.0	199.0	159.0	199.0	196.0	204.0	171.0	224.0	176.0	264.0	178.0	258.0	248.0	262.0	205.0	286.0	220.0	299.0	219.0	365.0	185.0	0
73.0	200.0	69.0	215.0	94.0	197.0	156.0	163.0	140.0	177.0	173.0	214.0	170.0	236.0	161.0	254.0	182.0	185.0	200.0	158.0	198.0	196.0	205.0	169.0	226.0	174.0	268.0	177.0	258.0	250.0	264.0	209.0	285.0	221.0	299.0	220.0	366.0	182.0	0
74.0	200.0	71.0	216.0	95.0	197.0	157.0	163.0	140.0	177.0	174.0	212.0	171.0	236.0	161.0	255.0	180.0	184.0	200.0	157.0	196.0	196.0	205.0	170.0	228.0	176.0	273.0	179.0	258.0	249.0	264.0	206.0	288.0	220.0	300.0	219.0	366.0	185.0	0
75.0	201.0	70.0	216.0	94.0	199.0	154.0	163.0	138.0	180.0	174.0	214.0	170.0	237.0	162.0	254.0	177.0	185.0	201.0	156.0	195.0	196.0	205.0	169.0	224.0	174.0	272.0	177.0	258.0	250.0	266.0	206.0	287.0	219.0	302.0	221.0	374.0	187.0	0
71.0	198.0	67.0	215.0	97.0	196.0	155.0	160.0	137.0	176.0	171.0	213.0	169.0	236.0	158.0	256.0	183.0	185.0	201.0	154.0	196.0	195.0	207.0	168.0	228.0	174.0	269.0	175.0	256.0	252.0	266.0	207.0	288.0	221.0	300.0	221.0	368.0	184.0	0
78.0	201.0	74.0	215.0	102.0	198.0	159.0	164.0	142.0	179.0	176.0	212.0	173.0	234.0	164.0	251.0	180.0	185.0	201.0	159.0	198.0	198.0	204.0	170.0	227.0	176.0	268.0	179.0	258.0	246.0	263.0	204.0	286.0	220.0	300.0	220.0	365.0	185.0	0
74.0	199.0	70.0	214.0	96.0	197.0	158.0	163.0	141.0	177.0	175.0	212.0	171.0	235.0	162.0	253.0	180.0	185.0	202.0	157.0	199.0	199.0	205.0	169.0	228.0	175.0	272.0	178.0	255.0	250.0	268.0	210.0	286.0	220.0	301.0	220.0	364.0	182.0	0
67.0	200.0	64.0	217.0	91.0	197.0	153.0	163.0	137.0	177.0	172.0	212.0	168.0	237.0	160.0	255.0	179.0	185.0	200.0	157.0	196.0	197.0	206.0	170.0	229.0	176.0	273.0	179.0	256.0	249.0	265.0	206.0	287.0	220.0	303.0	221.0	372.0	187.0	0
71.0	200.0	67.0	215.0	96.0	197.0	157.0	163.0	140.0	179.0	173.0	213.0	170.0	237.0	162.0	253.0	176.0	185.0	201.0	156.0	197.0	197.0	204.0	169.0	226.0	174.0	271.0	176.0	255.0	251.0	269.0	208.0	287.0	221.0	303.0	221.0	371.0	183.0	0
75.0	200.0	71.0	214.0	95.0	198.0	156.0	164.0	138.0	179.0	175.0	213.0	172.0	237.0	164.0	252.0	181.0	186.0	201.0	158.0	199.0	197.0	205.0	170.0	227.0	176.0	264.0	178.0	260.0	248.0	264.0	205.0	285.0	219.0	300.0	218.0	366.0	184.0	0
73.0	201.0	72.0	218.0	95.0	199.0	156.0	165.0	142.0	179.0	175.0	212.0	170.0	235.0	161.0	253.0	178.0	185.0	199.0	159.0	196.0	197.0	203.0	171.0	225.0	176.0	271.0	178.0	261.0	250.0	264.0	204.0	291.0	219.0	305.0	219.0	373.0	185.0	0
77.0	202.0	71.0	218.0	99.0	198.0	158.0	164.0	142.0	177.0	175.0	212.0	173.0	236.0	164.0	252.0	179.0	185.0	200.0	157.0	200.0	198.0	204.0	170.0	227.0	176.0	267.0	178.0	257.0	249.0	264.0	207.0	285.0	220.0	299.0	220.0	362.0	185.0	0
78.0	202.0	74.0	218.0	99.0	199.0	156.0	163.0	140.0	179.0	173.0	212.0	170.0	235.0	163.0	253.0	181.0	185.0	197.0	157.0	197.0	196.0	202.0	170.0	223.0	175.0	267.0	178.0	256.0	247.0	264.0	206.0	284.0	218.0	298.0	218.0	365.0	189.0	0
70.0	201.0	66.0	216.0	93.0	198.0	156.0	162.0	140.0	178.0	173.0	213.0	170.0	236.0	160.0	255.0	179.0	185.0	200.0	156.0	196.0	195.0	205.0	169.0	227.0	174.0	268.0	177.0	260.0	249.0	269.0	207.0	289.0	221.0	306.0	221.0	373.0	185.0	0
74.0	201.0	70.0	216.0	96.0	198.0	157.0	162.0	139.0	178.0	174.0	213.0	172.0	236.0	163.0	253.0	180.0	184.0	200.0	156.0	195.0	195.0	204.0	168.0	227.0	175.0	271.0	178.0	258.0	250.0	265.0	206.0	287.0	221.0	301.0	221.0	365.0	185.0	0
73.0	200.0	68.0	217.0	93.0	197.0	156.0	161.0	137.0	177.0	170.0	214.0	166.0	239.0	157.0	256.0	180.0	184.0	198.0	154.0	192.0	195.0	203.0	166.0	226.0	173.0	270.0	176.0	258.0	253.0	271.0	209.0	290.0	222.0	306.0	223.0	372.0	181.0	0
75.0	202.0	72.0	217.0	96.0	199.0	155.0	164.0	139.0	179.0	174.0	212.0	171.0	235.0	163.0	253.0	181.0	185.0	197.0	158.0	198.0	197.0	201.0	170.0	224.0	175.0	264.0	177.0	257.0	248.0	264.0	207.0	283.0	219.0	298.0	219.0	367.0	185.0	0
75.0	200.0	72.0	214.0	98.0	197.0	160.0	165.0	144.0	178.0	174.0	213.0	173.0	235.0	164.0	253.0	184.0	187.0	200.0	158.0	194.0	195.0	204.0	171.0	227.0	176.0	266.0	178.0	257.0	248.0	264.0	206.0	284.0	220.0	299.0	220.0	365.0	184.0	0
76.0	198.0	73.0	211.0	95.0	197.0	157.0	165.0	142.0	178.0	175.0	213.0	169.0	236.0	161.0	253.0	179.0	185.0	199.0	159.0	197.0	197.0	205.0	171.0	228.0	176.0	272.0	179.0	257.0	249.0	261.0	206.0	284.0	220.0	300.0	219.0	368.0	181.0	0
68.0	200.0	65.0	216.0	94.0	196.0	156.0	160.0	138.0	176.0	173.0	214.0	168.0	237.0	159.0	256.0	181.0	184.0	202.0	154.0	198.0	197.0	207.0	167.0	232.0	175.0	273.0	178.0	257.0	253.0	265.0	207.0	286.0	222.0	301.0	221.0	373.0	184.0	0
76.0	201.0	71.0	216.0	96.0	198.0	160.0	162.0	139.0	177.0	174.0	212.0	172.0	237.0	163.0	254.0	180.0	185.0	199.0	157.0	194.0	194.0	204.0	169.0	226.0	175.0	269.0	178.0	255.0	249.0	263.0	205.0	284.0	220.0	299.0	220.0	366.0	185.0	0
73.0	201.0	69.0	215.0	95.0	198.0	156.0	163.0	139.0	179.0	174.0	213.0	172.0	236.0	163.0	253.0	178.0	185.0	202.0	157.0	198.0	196.0	206.0	169.0	226.0	174.0	267.0	177.0	254.0	248.0	265.0	206.0	285.0	219.0	298.0	219.0	368.0	186.0	0
71.0	201.0	66.0	216.0	93.0	198.0	157.0	162.0	137.0	179.0	173.0	214.0	169.0	237.0	160.0	255.0	178.0	186.0	197.0	156.0	194.0	196.0	202.0	169.0	225.0	174.0	271.0	177.0	257.0	252.0	267.0	206.0	288.0	221.0	304.0	222.0	371.0	184.0	0
65.0	201.0	62.0	217.0	84.0	198.0	153.0	161.0	137.0	177.0	171.0	213.0	167.0	236.0	158.0	254.0	179.0	184.0	200.0	155.0	197.0	196.0	205.0	167.0	226.0	172.0	271.0	175.0	259.0	251.0	271.0	206.0	293.0	221.0	307.0	221.0	379.0	187.0	0
76.0	200.0	73.0	215.0	98.0	197.0	154.0	162.0	137.0	178.0	172.0	213.0	169.0	237.0	160.0	255.0	179.0	185.0	199.0	157.0	193.0	195.0	203.0	168.0	224.0	173.0	267.0	176.0	254.0	251.0	266.0	208.0	286.0	220.0	299.0	219.0	364.0	182.0	0
73.0	201.0	70.0	217.0	94.0	198.0	157.0	163.0	140.0	177.0	175.0	212.0	170.0	235.0	162.0	253.0	179.0	184.0	198.0	158.0	199.0	196.0	203.0	169.0	225.0	174.0	272.0	177.0	256.0	248.0	266.0	205.0	290.0	221.0	303.0	220.0	366.0	184.0	0
80.0	202.0	76.0	217.0	99.0	200.0	157.0	163.0	139.0	180.0	175.0	215.0	173.0	236.0	165.0	252.0	175.0	186.0	198.0	157.0	197.0	197.0	203.0	169.0	222.0	174.0	262.0	176.0	257.0	249.0	261.0	204.0	286.0	219.0	297.0	218.0	364.0	185.0	0
73.0	199.0	69.0	215.0	94.0	198.0	160.0	162.0	139.0	179.0	174.0	213.0	171.0	236.0	163.0	253.0	181.0	185.0	203.0	157.0	199.0	197.0	207.0	170.0	229.0	176.0	269.0	178.0	253.0	250.0	267.0	208.0	285.0	221.0	299.0	220.0	369.0	184.0	0
79.0	200.0	75.0	215.0	99.0	197.0	159.0	163.0	141.0	178.0	173.0	212.0	170.0	235.0	161.0	252.0	181.0	186.0	199.0	157.0	198.0	196.0	204.0	170.0	229.0	177.0	269.0	179.0	250.0	248.0	262.0	208.0	280.0	220.0	293.0	221.0	359.0	185.0	0
75.0	201.0	71.0	215.0	95.0	198.0	157.0	165.0	138.0	181.0	173.0	213.0	171.0	235.0	163.0	252.0	178.0	186.0	198.0	158.0	195.0	197.0	202.0	170.0	226.0	176.0	263.0	177.0	255.0	247.0	265.0	207.0	285.0	219.0	298.0	219.0	363.0	185.0	0
78.0	200.0	74.0	216.0	100.0	197.0	158.0	165.0	143.0	180.0	172.0	212.0	170.0	233.0	162.0	251.0	180.0	186.0	198.0	159.0	195.0	196.0	202.0	171.0	226.0	177.0	267.0	179.0	250.0	247.0	264.0	206.0	283.0	219.0	298.0	220.0	359.0	186.0	0
77.0	201.0	73.0	215.0	96.0	199.0	157.0	164.0	138.0	181.0	173.0	212.0	171.0	234.0	165.0	251.0	181.0	187.0	201.0	158.0	198.0	198.0	207.0	172.0	226.0	177.0	264.0	179.0	255.0	247.0	263.0	206.0	282.0	219.0	295.0	219.0	366.0	187.0	0
75.0	201.0	71.0	216.0	94.0	199.0	154.0	164.0	136.0	179.0	171.0	213.0	170.0	236.0	163.0	253.0	176.0	186.0	197.0	158.0	194.0	197.0	200.0	169.0	223.0	175.0	264.0	177.0	257.0	249.0	265.0	207.0	286.0	221.0	301.0	221.0	366.0	181.0	0
76.0	201.0	74.0	216.0	99.0	197.0	155.0	165.0	140.0	180.0	173.0	211.0	171.0	235.0	163.0	251.0	181.0	185.0	200.0	158.0	197.0	196.0	203.0	170.0	225.0	176.0	264.0	178.0	255.0	248.0	265.0	207.0	284.0	220.0	299.0	219.0	362.0	185.0	0
73.0	200.0	70.0	216.0	95.0	198.0	157.0	163.0	138.0	179.0	176.0	213.0	173.0	236.0	165.0	254.0	179.0	185.0	201.0	157.0	197.0	196.0	204.0	168.0	227.0	174.0	269.0	176.0	256.0	251.0	265.0	207.0	287.0	221.0	300.0	221.0	365.0	182.0	0
78.0	200.0	75.0	214.0	98.0	197.0	159.0	163.0	141.0	178.0	172.0	211.0	168.0	233.0	159.0	251.0	182.0	185.0	200.0	157.0	195.0	196.0	205.0	170.0	229.0	177.0	268.0	179.0	251.0	249.0	263.0	209.0	280.0	221.0	296.0	221.0	364.0	184.0	0
75.0	201.0	71.0	216.0	96.0	198.0	155.0	165.0	140.0	179.0	174.0	213.0	171.0	234.0	163.0	252.0	179.0	187.0	201.0	159.0	195.0	197.0	203.0	170.0	226.0	175.0	270.0	177.0	259.0	248.0	267.0	207.0	287.0	219.0	302.0	219.0	366.0	183.0	0
76.0	200.0	72.0	215.0	97.0	198.0	157.0	165.0	139.0	180.0	174.0	212.0	172.0	235.0	164.0	252.0	178.0	185.0	199.0	159.0	198.0	197.0	204.0	170.0	224.0	176.0	266.0	178.0	257.0	248.0	262.0	205.0	286.0	219.0	300.0	219.0	362.0	183.0	0
72.0	200.0	69.0	216.0	96.0	198.0	155.0	165.0	139.0	179.0	174.0	211.0	172.0	234.0	163.0	251.0	180.0	186.0	199.0	159.0	195.0	196.0	203.0	170.0	223.0	175.0	269.0	176.0	258.0	248.0	266.0	205.0	289.0	220.0	304.0	219.0	368.0	184.0	0
75.0	201.0	72.0	216.0	99.0	199.0	155.0	165.0	139.0	180.0	175.0	211.0	172.0	234.0	163.0	252.0	180.0	186.0	199.0	158.0	199.0	198.0	203.0	170.0	224.0	176.0	264.0	178.0	257.0	248.0	266.0	207.0	286.0	219.0	298.0	219.0	366.0	185.0	0
70.0	200.0	65.0	216.0	92.0	197.0	156.0	161.0	138.0	177.0	169.0	213.0	166.0	237.0	157.0	254.0	182.0	186.0	199.0	156.0	191.0	194.0	202.0	167.0	227.0	175.0	275.0	179.0	254.0	251.0	264.0	207.0	288.0	222.0	303.0	222.0	369.0	186.0	0
72.0	201.0	71.0	217.0	92.0	198.0	154.0	164.0	137.0	179.0	174.0	213.0	171.0	236.0	162.0	254.0	179.0	185.0	197.0	157.0	198.0	198.0	202.0	169.0	226.0	175.0	272.0	178.0	257.0	249.0	265.0	207.0	285.0	220.0	301.0	219.0	367.0	185.0	0
78.0	200.0	75.0	217.0	100.0	198.0	159.0	163.0	142.0	179.0	174.0	214.0	171.0	236.0	162.0	254.0	181.0	186.0	203.0	156.0	195.0	196.0	206.0	169.0	224.0	174.0	265.0	178.0	255.0	251.0	263.0	208.0	284.0	221.0	296.0	221.0	361.0	184.0	0
79.0	202.0	75.0	217.0	99.0	199.0	156.0	165.0	141.0	179.0	174.0	213.0	171.0	235.0	162.0	253.0	179.0	185.0	200.0	159.0	199.0	198.0	203.0	170.0	225.0	176.0	267.0	179.0	256.0	247.0	261.0	206.0	283.0	220.0	298.0	221.0	362.0	185.0	0
74.0	201.0	71.0	215.0	98.0	198.0	155.0	165.0	139.0	179.0	174.0	212.0	172.0	233.0	163.0	250.0	181.0	187.0	199.0	159.0	198.0	197.0	204.0	170.0	226.0	176.0	270.0	178.0	256.0	248.0	265.0	206.0	286.0	220.0	302.0	220.0	367.0	183.0	0
78.0	199.0	72.0	213.0	99.0	198.0	157.0	165.0	141.0	179.0	175.0	213.0	171.0	235.0	162.0	251.0	179.0	185.0	199.0	159.0	196.0	197.0	203.0	171.0	225.0	177.0	267.0	179.0	253.0	249.0	259.0	206.0	281.0	220.0	294.0	219.0	359.0	183.0	0
75.0	201.0	71.0	216.0	97.0	198.0	159.0	162.0	139.0	178.0	176.0	212.0	173.0	235.0	161.0	253.0	181.0	184.0	200.0	157.0	200.0	196.0	205.0	169.0	226.0	175.0	266.0	177.0	259.0	251.0	265.0	205.0	288.0	220.0	301.0	219.0	367.0	185.0	0
70.0	200.0	65.0	214.0	95.0	197.0	157.0	164.0	140.0	179.0	172.0	212.0	169.0	235.0	161.0	253.0	179.0	186.0	200.0	159.0	195.0	196.0	204.0	170.0	225.0	176.0	269.0	179.0	258.0	250.0	267.0	207.0	286.0	220.0	301.0	220.0	373.0	184.0	0
71.0	201.0	68.0	215.0	97.0	198.0	159.0	163.0	142.0	179.0	173.0	212.0	170.0	236.0	160.0	253.0	182.0	186.0	202.0	157.0	195.0	195.0	205.0	169.0	226.0	175.0	270.0	177.0	256.0	250.0	269.0	208.0	287.0	220.0	302.0	220.0	370.0	185.0	0
72.0	200.0	69.0	216.0	95.0	198.0	157.0	164.0	141.0	178.0	173.0	213.0	170.0	236.0	160.0	254.0	178.0	184.0	200.0	158.0	194.0	195.0	205.0	169.0	227.0	175.0	274.0	179.0	256.0	250.0	268.0	207.0	287.0	219.0	302.0	220.0	366.0	185.0	0
74.0	200.0	71.0	216.0	96.0	197.0	156.0	162.0	137.0	178.0	171.0	214.0	169.0	238.0	160.0	255.0	176.0	185.0	197.0	156.0	195.0	197.0	201.0	168.0	224.0	173.0	270.0	176.0	254.0	249.0	267.0	208.0	286.0	220.0	300.0	220.0	365.0	184.0	0
68.0	200.0	62.0	215.0	91.0	198.0	157.0	162.0	141.0	178.0	173.0	213.0	171.0	238.0	159.0	255.0	178.0	183.0	203.0	156.0	200.0	197.0	209.0	169.0	230.0	175.0	268.0	178.0	254.0	252.0	264.0	206.0	289.0	222.0	303.0	221.0	371.0	184.0	0
79.0	200.0	75.0	215.0	102.0	198.0	159.0	165.0	141.0	179.0	174.0	213.0	171.0	235.0	164.0	252.0	181.0	186.0	202.0	158.0	197.0	197.0	206.0	171.0	227.0	176.0	264.0	179.0	254.0	247.0	262.0	206.0	283.0	219.0	296.0	219.0	363.0	188.0	0
75.0	201.0	72.0	217.0	97.0	198.0	157.0	164.0	141.0	178.0	175.0	213.0	170.0	235.0	160.0	252.0	179.0	184.0	202.0	157.0	199.0	198.0	205.0	169.0	224.0	174.0	264.0	178.0	256.0	249.0	267.0	209.0	284.0	221.0	296.0	220.0	366.0	187.0	0
79.0	200.0	75.0	216.0	98.0	199.0	157.0	164.0	143.0	179.0	174.0	213.0	173.0	237.0	164.0	254.0	183.0	187.0	201.0	158.0	199.0	198.0	204.0	171.0	225.0	176.0	265.0	178.0	256.0	249.0	262.0	206.0	285.0	220.0	298.0	219.0	363.0	186.0	0
75.0	200.0	72.0	217.0	98.0	197.0	159.0	163.0	142.0	177.0	174.0	213.0	171.0	235.0	161.0	255.0	180.0	185.0	200.0	157.0	198.0	196.0	204.0	169.0	227.0	175.0	269.0	178.0	256.0	251.0	266.0	208.0	288.0	221.0	303.0	221.0	369.0	182.0	0
76.0	201.0	72.0	215.0	98.0	198.0	159.0	164.0	142.0	178.0	175.0	213.0	170.0	234.0	160.0	252.0	179.0	185.0	200.0	158.0	198.0	196.0	203.0	169.0	225.0	175.0	268.0	178.0	253.0	249.0	266.0	207.0	286.0	221.0	300.0	221.0	365.0	186.0	0
72.0	200.0	69.0	216.0	96.0	197.0	157.0	163.0	141.0	177.0	173.0	212.0	172.0	235.0	162.0	253.0	182.0	186.0	201.0	157.0	198.0	197.0	206.0	169.0	229.0	176.0	268.0	178.0	255.0	247.0	266.0	207.0	285.0	219.0	298.0	219.0	364.0	185.0	0
80.0	202.0	76.0	217.0	99.0	199.0	158.0	163.0	141.0	179.0	175.0	212.0	170.0	236.0	162.0	253.0	179.0	184.0	197.0	157.0	193.0	194.0	201.0	169.0	221.0	174.0	269.0	177.0	256.0	250.0	263.0	208.0	284.0	220.0	300.0	221.0	359.0	184.0	0
81.0	199.0	78.0	214.0	102.0	197.0	161.0	164.0	141.0	180.0	174.0	213.0	172.0	235.0	163.0	253.0	181.0	185.0	201.0	158.0	197.0	196.0	204.0	170.0	225.0	176.0	263.0	178.0	255.0	248.0	261.0	207.0	281.0	220.0	293.0	219.0	362.0	185.0	0
76.0	200.0	72.0	213.0	97.0	198.0	160.0	165.0	143.0	179.0	175.0	213.0	173.0	237.0	164.0	253.0	184.0	186.0	203.0	159.0	199.0	197.0	209.0	172.0	227.0	177.0	264.0	179.0	255.0	247.0	262.0	205.0	282.0	220.0	294.0	219.0	364.0	186.0	0
75.0	200.0	70.0	215.0	98.0	198.0	158.0	164.0	141.0	179.0	175.0	214.0	170.0	237.0	163.0	254.0	179.0	186.0	202.0	158.0	197.0	198.0	205.0	169.0	225.0	175.0	265.0	177.0	260.0	249.0	265.0	207.0	286.0	220.0	300.0	219.0	368.0	186.0	0
75.0	201.0	71.0	215.0	98.0	198.0	156.0	164.0	139.0	179.0	173.0	212.0	172.0	235.0	163.0	251.0	181.0	186.0	201.0	158.0	196.0	196.0	206.0	169.0	226.0	175.0	268.0	179.0	254.0	248.0	262.0	205.0	284.0	221.0	298.0	220.0	365.0	186.0	0
74.0	201.0	69.0	214.0	95.0	199.0	157.0	165.0	141.0	180.0	173.0	213.0	171.0	233.0	162.0	250.0	181.0	186.0	200.0	158.0	195.0	196.0	204.0	170.0	226.0	175.0	269.0	177.0	255.0	247.0	265.0	205.0	285.0	219.0	298.0	219.0	366.0	186.0	0
57.0	200.0	53.0	218.0	82.0	198.0	151.0	158.0	132.0	176.0	170.0	215.0	167.0	243.0	156.0	262.0	176.0	183.0	199.0	151.0	195.0	195.0	204.0	165.0	227.0	171.0	275.0	174.0	264.0	259.0	274.0	210.0	297.0	224.0	314.0	224.0	392.0	181.0	0
74.0	202.0	71.0	215.0	97.0	198.0	161.0	164.0	145.0	178.0	175.0	211.0	172.0	234.0	163.0	250.0	182.0	185.0	203.0	158.0	199.0	196.0	207.0	170.0	227.0	176.0	264.0	178.0	258.0	246.0	263.0	206.0	283.0	220.0	297.0	220.0	368.0	187.0	0
77.0	201.0	74.0	215.0	98.0	199.0	157.0	164.0	140.0	180.0	173.0	212.0	170.0	234.0	161.0	251.0	178.0	185.0	198.0	158.0	195.0	196.0	203.0	170.0	224.0	175.0	267.0	178.0	256.0	248.0	264.0	207.0	285.0	221.0	299.0	220.0	365.0	184.0	0
78.0	200.0	74.0	214.0	97.0	198.0	159.0	166.0	142.0	180.0	177.0	213.0	172.0	234.0	163.0	250.0	181.0	186.0	200.0	160.0	196.0	196.0	204.0	171.0	225.0	176.0	265.0	179.0	258.0	247.0	262.0	205.0	285.0	219.0	298.0	218.0	362.0	186.0	0
76.0	199.0	72.0	214.0	98.0	196.0	159.0	164.0	141.0	180.0	174.0	213.0	172.0	236.0	162.0	253.0	179.0	186.0	199.0	158.0	194.0	196.0	202.0	170.0	225.0	175.0	267.0	178.0	253.0	249.0	261.0	204.0	287.0	220.0	300.0	220.0	361.0	183.0	0
69.0	201.0	67.0	217.0	92.0	198.0	156.0	161.0	137.0	178.0	175.0	215.0	172.0	238.0	163.0	255.0	180.0	185.0	200.0	155.0	198.0	197.0	204.0	168.0	227.0	174.0	269.0	176.0	262.0	252.0	268.0	208.0	289.0	220.0	305.0	220.0	374.0	182.0	0
72.0	201.0	68.0	216.0	96.0	198.0	154.0	164.0	137.0	178.0	172.0	213.0	169.0	237.0	161.0	254.0	180.0	186.0	200.0	158.0	192.0	195.0	205.0	170.0	228.0	175.0	273.0	179.0	257.0	250.0	264.0	206.0	287.0	220.0	301.0	220.0	368.0	187.0	0
78.0	201.0	75.0	216.0	99.0	198.0	158.0	163.0	142.0	179.0	174.0	213.0	171.0	234.0	162.0	252.0	178.0	184.0	202.0	158.0	196.0	195.0	204.0	168.0	226.0	175.0	271.0	179.0	256.0	248.0	267.0	208.0	283.0	220.0	298.0	220.0	368.0	185.0	0
76.0	200.0	73.0	214.0	97.0	198.0	159.0	164.0	141.0	179.0	174.0	213.0	171.0	236.0	163.0	252.0	178.0	185.0	202.0	158.0	196.0	196.0	206.0	170.0	227.0	175.0	268.0	178.0	258.0	251.0	266.0	207.0	287.0	220.0	299.0	219.0	363.0	182.0	0
73.0	201.0	69.0	216.0	96.0	198.0	155.0	164.0	139.0	178.0	174.0	214.0	171.0	237.0	162.0	254.0	178.0	185.0	199.0	158.0	196.0	196.0	203.0	170.0	226.0	175.0	269.0	178.0	257.0	250.0	262.0	205.0	284.0	219.0	300.0	219.0	369.0	186.0	0
66.0	199.0	61.0	214.0	91.0	196.0	157.0	161.0	137.0	177.0	169.0	213.0	168.0	237.0	158.0	256.0	180.0	184.0	200.0	155.0	196.0	194.0	204.0	167.0	227.0	173.0	272.0	176.0	255.0	253.0	269.0	208.0	290.0	222.0	304.0	222.0	373.0	183.0	0
74.0	199.0	69.0	214.0	97.0	196.0	159.0	163.0	142.0	177.0	176.0	212.0	171.0	235.0	162.0	252.0	186.0	186.0	204.0	158.0	201.0	197.0	208.0	170.0	230.0	176.0	272.0	178.0	254.0	248.0	269.0	209.0	285.0	220.0	301.0	221.0	368.0	185.0	0
75.0	200.0	70.0	214.0	99.0	197.0	158.0	164.0	142.0	179.0	175.0	213.0	173.0	236.0	166.0	253.0	183.0	187.0	200.0	159.0	197.0	197.0	204.0	171.0	226.0	176.0	268.0	179.0	257.0	247.0	262.0	206.0	285.0	220.0	301.0	220.0	366.0	184.0	0
78.0	201.0	76.0	216.0	99.0	198.0	157.0	164.0	142.0	178.0	172.0	213.0	170.0	235.0	162.0	252.0	182.0	186.0	199.0	157.0	195.0	196.0	204.0	170.0	226.0	175.0	269.0	178.0	254.0	249.0	265.0	207.0	285.0	220.0	298.0	220.0	361.0	185.0	0
76.0	202.0	74.0	216.0	97.0	199.0	158.0	164.0	140.0	179.0	174.0	213.0	171.0	236.0	161.0	251.0	181.0	185.0	201.0	157.0	198.0	196.0	205.0	169.0	227.0	174.0	270.0	177.0	256.0	248.0	264.0	207.0	285.0	221.0	297.0	220.0	366.0	186.0	0
74.0	200.0	69.0	216.0	98.0	197.0	159.0	165.0	142.0	179.0	173.0	213.0	169.0	235.0	161.0	253.0	183.0	186.0	202.0	159.0	196.0	196.0	205.0	170.0	226.0	176.0	268.0	178.0	257.0	249.0	265.0	207.0	287.0	221.0	302.0	221.0	366.0	185.0	0
77.0	202.0	74.0	217.0	96.0	199.0	157.0	164.0	139.0	179.0	172.0	212.0	172.0	235.0	164.0	252.0	180.0	185.0	198.0	158.0	197.0	197.0	204.0	170.0	224.0	174.0	265.0	176.0	256.0	248.0	267.0	206.0	288.0	220.0	303.0	220.0	369.0	185.0	0
75.0	200.0	70.0	215.0	96.0	197.0	157.0	165.0	141.0	178.0	172.0	212.0	171.0	235.0	162.0	253.0	179.0	185.0	201.0	159.0	195.0	195.0	204.0	170.0	225.0	175.0	267.0	177.0	257.0	248.0	265.0	205.0	287.0	220.0	302.0	220.0	366.0	183.0	0
74.0	201.0	70.0	215.0	99.0	197.0	158.0	165.0	142.0	180.0	173.0	213.0	171.0	236.0	162.0	252.0	180.0	186.0	200.0	158.0	196.0	197.0	204.0	170.0	226.0	176.0	265.0	178.0	256.0	248.0	265.0	207.0	285.0	219.0	299.0	220.0	365.0	185.0	0
77.0	200.0	74.0	216.0	100.0	198.0	158.0	164.0	141.0	179.0	176.0	212.0	173.0	235.0	164.0	252.0	182.0	185.0	201.0	158.0	199.0	196.0	205.0	170.0	225.0	175.0	261.0	177.0	255.0	248.0	263.0	207.0	283.0	220.0	297.0	220.0	360.0	184.0	0
72.0	201.0	69.0	215.0	95.0	197.0	157.0	164.0	140.0	179.0	174.0	212.0	169.0	234.0	162.0	251.0	177.0	184.0	199.0	158.0	197.0	196.0	204.0	170.0	226.0	175.0	269.0	177.0	255.0	249.0	267.0	206.0	287.0	219.0	302.0	219.0	366.0	184.0	0
75.0	201.0	73.0	216.0	97.0	198.0	158.0	163.0	141.0	178.0	173.0	213.0	170.0	236.0	161.0	252.0	180.0	186.0	201.0	157.0	196.0	197.0	205.0	169.0	227.0	175.0	267.0	177.0	253.0	250.0	263.0	207.0	284.0	222.0	297.0	221.0	366.0	186.0	0
77.0	201.0	74.0	216.0	96.0	198.0	157.0	165.0	141.0	179.0	173.0	212.0	170.0	234.0	162.0	252.0	177.0	185.0	198.0	159.0	197.0	197.0	202.0	170.0	224.0	176.0	267.0	179.0	256.0	247.0	262.0	206.0	283.0	219.0	297.0	219.0	361.0	187.0	0
80.0	200.0	74.0	214.0	98.0	198.0	156.0	163.0	139.0	179.0	174.0	213.0	171.0	236.0	164.0	253.0	178.0	185.0	201.0	158.0	199.0	198.0	206.0	170.0	228.0	177.0	266.0	179.0	258.0	249.0	263.0	206.0	285.0	219.0	297.0	218.0	364.0	184.0	0
78.0	200.0	75.0	214.0	102.0	197.0	159.0	165.0	141.0	180.0	175.0	212.0	172.0	235.0	163.0	250.0	179.0	186.0	200.0	159.0	195.0	197.0	204.0	171.0	224.0	176.0	264.0	179.0	254.0	246.0	264.0	208.0	280.0	219.0	294.0	219.0	360.0	185.0	0
67.0	200.0	62.0	215.0	87.0	198.0	151.0	161.0	135.0	177.0	172.0	213.0	168.0	237.0	159.0	255.0	174.0	184.0	198.0	156.0	196.0	196.0	202.0	167.0	224.0	173.0	271.0	175.0	259.0	251.0	268.0	208.0	289.0	220.0	305.0	220.0	377.0	182.0	0
71.0	200.0	68.0	215.0	96.0	197.0	161.0	163.0	146.0	177.0	176.0	211.0	171.0	234.0	162.0	252.0	185.0	186.0	203.0	158.0	198.0	195.0	208.0	170.0	229.0	176.0	268.0	179.0	254.0	249.0	263.0	205.0	285.0	220.0	300.0	220.0	365.0	186.0	0
75.0	200.0	72.0	216.0	95.0	198.0	159.0	163.0	140.0	179.0	173.0	213.0	169.0	236.0	161.0	253.0	179.0	185.0	200.0	157.0	197.0	197.0	204.0	169.0	225.0	175.0	266.0	178.0	256.0	250.0	262.0	207.0	284.0	221.0	297.0	221.0	365.0	185.0	0
69.0	200.0	64.0	214.0	91.0	198.0	156.0	162.0	138.0	178.0	172.0	212.0	170.0	236.0	159.0	254.0	180.0	185.0	200.0	156.0	197.0	197.0	205.0	169.0	229.0	175.0	271.0	177.0	259.0	250.0	268.0	208.0	288.0	222.0	303.0	220.0	373.0	183.0	0
79.0	201.0	75.0	216.0	100.0	198.0	156.0	165.0	141.0	179.0	174.0	212.0	171.0	235.0	163.0	252.0	177.0	185.0	196.0	159.0	196.0	197.0	202.0	171.0	227.0	176.0	267.0	178.0	254.0	247.0	267.0	206.0	286.0	218.0	298.0	218.0	364.0	184.0	0
77.0	200.0	74.0	216.0	100.0	197.0	158.0	164.0	143.0	179.0	177.0	214.0	172.0	236.0	165.0	253.0	178.0	186.0	200.0	158.0	199.0	198.0	203.0	170.0	223.0	175.0	263.0	178.0	259.0	248.0	263.0	205.0	285.0	218.0	299.0	218.0	365.0	184.0	0
79.0	201.0	75.0	214.0	97.0	198.0	156.0	164.0	139.0	178.0	174.0	214.0	171.0	236.0	161.0	253.0	177.0	184.0	198.0	157.0	197.0	197.0	202.0	169.0	224.0	175.0	265.0	176.0	258.0	250.0	261.0	205.0	285.0	220.0	298.0	219.0	365.0	184.0	0
76.0	200.0	74.0	216.0	97.0	197.0	156.0	162.0	138.0	178.0	173.0	213.0	169.0	236.0	159.0	254.0	181.0	184.0	202.0	157.0	198.0	196.0	206.0	168.0	229.0	174.0	272.0	177.0	257.0	251.0	268.0	207.0	286.0	220.0	302.0	221.0	368.0	186.0	0
75.0	199.0	71.0	213.0	97.0	197.0	158.0	163.0	142.0	178.0	174.0	213.0	171.0	237.0	164.0	254.0	183.0	185.0	201.0	157.0	198.0	197.0	204.0	170.0	226.0	176.0	263.0	178.0	254.0	249.0	261.0	206.0	284.0	220.0	297.0	220.0	367.0	184.0	0
77.0	200.0	74.0	214.0	98.0	197.0	158.0	166.0	144.0	179.0	175.0	212.0	172.0	234.0	164.0	250.0	183.0	187.0	201.0	160.0	198.0	197.0	204.0	171.0	225.0	177.0	267.0	179.0	254.0	248.0	263.0	207.0	281.0	219.0	295.0	219.0	362.0	185.0	0
71.0	201.0	67.0	216.0	94.0	199.0	154.0	162.0	141.0	178.0	174.0	213.0	169.0	235.0	160.0	253.0	177.0	183.0	201.0	157.0	198.0	196.0	205.0	168.0	229.0	175.0	272.0	178.0	257.0	247.0	264.0	205.0	287.0	220.0	302.0	221.0	372.0	188.0	0
70.0	201.0	66.0	218.0	90.0	198.0	153.0	162.0	135.0	179.0	173.0	215.0	170.0	238.0	161.0	257.0	177.0	184.0	196.0	155.0	194.0	197.0	202.0	168.0	226.0	174.0	266.0	175.0	261.0	252.0	268.0	208.0	290.0	222.0	305.0	221.0	374.0	181.0	0
70.0	200.0	64.0	215.0	92.0	197.0	157.0	161.0	138.0	178.0	174.0	215.0	168.0	239.0	158.0	257.0	179.0	185.0	201.0	156.0	199.0	197.0	204.0	167.0	226.0	173.0	266.0	176.0	257.0	253.0	268.0	208.0	289.0	222.0	303.0	222.0	374.0	183.0	0
78.0	201.0	74.0	216.0	98.0	198.0	158.0	163.0	141.0	178.0	174.0	213.0	172.0	237.0	164.0	253.0	178.0	185.0	199.0	157.0	197.0	196.0	203.0	170.0	227.0	176.0	268.0	177.0	255.0	248.0	264.0	206.0	285.0	220.0	298.0	220.0	363.0	185.0	0
74.0	201.0	69.0	215.0	97.0	198.0	157.0	163.0	142.0	178.0	174.0	213.0	170.0	236.0	163.0	252.0	178.0	185.0	198.0	157.0	195.0	197.0	202.0	169.0	227.0	176.0	272.0	179.0	255.0	249.0	267.0	207.0	287.0	220.0	301.0	220.0	365.0	184.0	0
78.0	201.0	73.0	216.0	95.0	198.0	157.0	163.0	140.0	178.0	173.0	213.0	170.0	236.0	162.0	253.0	177.0	185.0	202.0	157.0	197.0	197.0	205.0	170.0	227.0	175.0	266.0	178.0	254.0	250.0	262.0	206.0	284.0	220.0	299.0	220.0	362.0	186.0	0
80.0	200.0	75.0	214.0	102.0	198.0	158.0	165.0	144.0	180.0	174.0	213.0	171.0	234.0	163.0	251.0	182.0	187.0	200.0	160.0	195.0	196.0	203.0	172.0	222.0	176.0	261.0	178.0	256.0	247.0	265.0	209.0	282.0	220.0	295.0	219.0	360.0	184.0	0
78.0	200.0	74.0	214.0	100.0	197.0	159.0	163.0	142.0	179.0	175.0	212.0	173.0	236.0	164.0	252.0	179.0	185.0	198.0	157.0	196.0	197.0	202.0	169.0	224.0	175.0	267.0	176.0	256.0	249.0	264.0	207.0	284.0	220.0	299.0	220.0	367.0	183.0	0
75.0	199.0	72.0	216.0	98.0	196.0	159.0	162.0	142.0	177.0	172.0	213.0	169.0	235.0	160.0	254.0	182.0	185.0	201.0	156.0	198.0	197.0	206.0	169.0	227.0	175.0	267.0	177.0	254.0	252.0	264.0	209.0	283.0	222.0	297.0	223.0	367.0	183.0	0
73.0	201.0	70.0	216.0	94.0	198.0	155.0	162.0	138.0	178.0	173.0	214.0	172.0	237.0	165.0	256.0	177.0	184.0	198.0	157.0	197.0	196.0	204.0	169.0	225.0	174.0	269.0	177.0	254.0	250.0	266.0	207.0	285.0	219.0	302.0	220.0	372.0	185.0	0
77.0	201.0	74.0	215.0	101.0	198.0	158.0	163.0	138.0	181.0	174.0	212.0	170.0	235.0	162.0	251.0	180.0	186.0	199.0	158.0	198.0	197.0	202.0	170.0	222.0	175.0	265.0	178.0	253.0	247.0	262.0	206.0	283.0	220.0	297.0	220.0	362.0	185.0	0
79.0	201.0	76.0	216.0	100.0	198.0	158.0	164.0	141.0	179.0	176.0	212.0	173.0	235.0	165.0	251.0	180.0	185.0	201.0	158.0	197.0	196.0	204.0	170.0	225.0	176.0	268.0	178.0	257.0	248.0	262.0	204.0	286.0	220.0	299.0	220.0	360.0	185.0	0
76.0	201.0	71.0	214.0	97.0	198.0	156.0	165.0	140.0	179.0	174.0	212.0	171.0	235.0	163.0	252.0	184.0	187.0	199.0	159.0	195.0	195.0	203.0	171.0	224.0	176.0	268.0	178.0	261.0	247.0	265.0	206.0	286.0	218.0	301.0	218.0	369.0	184.0	0
78.0	200.0	75.0	215.0	99.0	197.0	160.0	163.0	142.0	179.0	174.0	212.0	171.0	235.0	161.0	251.0	181.0	186.0	201.0	157.0	196.0	196.0	206.0	170.0	229.0	177.0	267.0	179.0	254.0	248.0	264.0	207.0	283.0	220.0	295.0	220.0	362.0	185.0	0
77.0	200.0	73.0	215.0	100.0	197.0	159.0	164.0	142.0	179.0	175.0	214.0	172.0	237.0	163.0	253.0	179.0	184.0	201.0	158.0	197.0	197.0	205.0	170.0	224.0	176.0	264.0	179.0	253.0	249.0	259.0	205.0	284.0	220.0	297.0	220.0	362.0	187.0	0
71.0	201.0	67.0	217.0	94.0	198.0	156.0	162.0	138.0	179.0	174.0	215.0	170.0	238.0	161.0	257.0	181.0	186.0	200.0	156.0	195.0	196.0	203.0	169.0	224.0	173.0	265.0	177.0	262.0	251.0	265.0	208.0	290.0	221.0	303.0	220.0	375.0	184.0	0
72.0	200.0	66.0	214.0	94.0	197.0	158.0	162.0	140.0	177.0	172.0	212.0	168.0	236.0	159.0	254.0	179.0	184.0	202.0	155.0	196.0	195.0	207.0	167.0	227.0	174.0	268.0	177.0	257.0	249.0	266.0	207.0	285.0	221.0	302.0	222.0	370.0	186.0	0
76.0	201.0	72.0	215.0	94.0	198.0	159.0	164.0	143.0	177.0	176.0	215.0	171.0	237.0	165.0	253.0	176.0	185.0	201.0	157.0	199.0	198.0	205.0	169.0	227.0	175.0	264.0	178.0	257.0	250.0	264.0	208.0	285.0	220.0	297.0	221.0	361.0	183.0	0
76.0	201.0	73.0	215.0	96.0	199.0	156.0	164.0	137.0	179.0	174.0	213.0	172.0	236.0	164.0	252.0	177.0	185.0	201.0	158.0	195.0	196.0	204.0	170.0	225.0	176.0	267.0	177.0	255.0	250.0	264.0	207.0	284.0	220.0	299.0	220.0	365.0	183.0	0
75.0	200.0	71.0	217.0	96.0	198.0	154.0	162.0	137.0	177.0	173.0	214.0	172.0	237.0	162.0	255.0	178.0	184.0	199.0	155.0	198.0	197.0	204.0	168.0	222.0	172.0	269.0	177.0	256.0	250.0	263.0	207.0	287.0	220.0	299.0	221.0	366.0	184.0	0
77.0	199.0	71.0	214.0	98.0	198.0	160.0	164.0	143.0	178.0	173.0	212.0	172.0	236.0	161.0	253.0	182.0	186.0	200.0	159.0	197.0	196.0	204.0	170.0	224.0	175.0	269.0	179.0	254.0	249.0	264.0	206.0	285.0	220.0	299.0	219.0	364.0	184.0	0
74.0	201.0	71.0	216.0	96.0	198.0	160.0	162.0	143.0	178.0	173.0	214.0	172.0	237.0	164.0	256.0	180.0	185.0	199.0	157.0	196.0	197.0	203.0	169.0	225.0	175.0	266.0	178.0	254.0	251.0	262.0	206.0	286.0	220.0	297.0	220.0	367.0	183.0	0
79.0	202.0	75.0	218.0	101.0	198.0	156.0	165.0	140.0	180.0	174.0	213.0	172.0	234.0	165.0	252.0	180.0	186.0	196.0	158.0	197.0	196.0	201.0	170.0	223.0	176.0	261.0	177.0	257.0	248.0	263.0	206.0	285.0	220.0	299.0	220.0	363.0	183.0	0
76.0	202.0	72.0	215.0	99.0	198.0	159.0	164.0	141.0	180.0	175.0	212.0	173.0	235.0	164.0	252.0	183.0	187.0	199.0	158.0	196.0	196.0	205.0	171.0	224.0	176.0	263.0	178.0	257.0	248.0	263.0	206.0	285.0	220.0	297.0	219.0	365.0	184.0	0
74.0	199.0	71.0	216.0	94.0	197.0	160.0	162.0	144.0	176.0	172.0	213.0	168.0	236.0	160.0	254.0	184.0	185.0	204.0	156.0	197.0	195.0	208.0	169.0	228.0	173.0	271.0	177.0	255.0	251.0	266.0	208.0	287.0	222.0	301.0	222.0	369.0	186.0	0
73.0	200.0	71.0	215.0	96.0	198.0	157.0	162.0	140.0	177.0	174.0	214.0	169.0	237.0	161.0	255.0	179.0	185.0	201.0	157.0	194.0	197.0	203.0	168.0	223.0	174.0	265.0	177.0	258.0	250.0	267.0	208.0	285.0	221.0	298.0	220.0	364.0	183.0	0
79.0	200.0	74.0	215.0	101.0	198.0	161.0	165.0	145.0	178.0	174.0	212.0	171.0	235.0	162.0	252.0	181.0	184.0	202.0	158.0	199.0	197.0	207.0	171.0	225.0	176.0	261.0	178.0	254.0	248.0	260.0	206.0	282.0	220.0	296.0	219.0	363.0	189.0	0
73.0	199.0	68.0	214.0	94.0	197.0	158.0	164.0	140.0	179.0	174.0	213.0	172.0	235.0	162.0	252.0	180.0	186.0	200.0	158.0	197.0	197.0	204.0	170.0	228.0	177.0	268.0	179.0	256.0	246.0	266.0	207.0	284.0	218.0	297.0	218.0	361.0	185.0	0
72.0	200.0	67.0	216.0	94.0	197.0	157.0	161.0	140.0	177.0	172.0	213.0	169.0	238.0	160.0	256.0	178.0	184.0	200.0	156.0	195.0	196.0	204.0	167.0	227.0	174.0	270.0	177.0	255.0	251.0	269.0	207.0	287.0	220.0	301.0	220.0	368.0	183.0	0
76.0	201.0	73.0	216.0	99.0	198.0	158.0	164.0	144.0	178.0	174.0	211.0	171.0	233.0	162.0	251.0	178.0	185.0	200.0	158.0	198.0	197.0	203.0	169.0	225.0	175.0	267.0	177.0	253.0	247.0	264.0	207.0	282.0	219.0	298.0	221.0	365.0	186.0	0
77.0	201.0	75.0	216.0	99.0	197.0	156.0	164.0	138.0	179.0	175.0	212.0	172.0	236.0	164.0	253.0	181.0	186.0	201.0	158.0	197.0	196.0	204.0	170.0	227.0	175.0	267.0	179.0	255.0	248.0	263.0	207.0	284.0	220.0	298.0	220.0	363.0	186.0	0
72.0	201.0	68.0	216.0	95.0	198.0	157.0	162.0	141.0	178.0	174.0	214.0	171.0	237.0	161.0	254.0	179.0	185.0	199.0	155.0	199.0	198.0	203.0	168.0	224.0	174.0	263.0	176.0	255.0	250.0	266.0	209.0	285.0	220.0	299.0	220.0	367.0	184.0	0
72.0	200.0	69.0	215.0	97.0	197.0	155.0	162.0	136.0	178.0	173.0	213.0	171.0	236.0	163.0	255.0	180.0	185.0	201.0	157.0	198.0	197.0	205.0	170.0	227.0	175.0	270.0	176.0	262.0	250.0	271.0	208.0	289.0	221.0	305.0	221.0	370.0	181.0	0
68.0	202.0	66.0	217.0	92.0	198.0	154.0	163.0	137.0	178.0	170.0	213.0	170.0	237.0	161.0	255.0	178.0	185.0	198.0	156.0	196.0	196.0	203.0	168.0	225.0	174.0	272.0	176.0	260.0	252.0	270.0	208.0	290.0	222.0	306.0	222.0	370.0	182.0	0
73.0	199.0	69.0	214.0	95.0	198.0	156.0	163.0	137.0	179.0	174.0	214.0	171.0	235.0	162.0	252.0	181.0	187.0	201.0	158.0	196.0	197.0	205.0	171.0	226.0	176.0	270.0	179.0	258.0	249.0	263.0	206.0	286.0	220.0	302.0	220.0	367.0	185.0	0
74.0	202.0	71.0	217.0	99.0	198.0	155.0	164.0	138.0	179.0	175.0	213.0	173.0	236.0	163.0	253.0	177.0	185.0	200.0	157.0	201.0	198.0	203.0	169.0	227.0	175.0	270.0	177.0	253.0	250.0	264.0	207.0	285.0	220.0	299.0	219.0	366.0	186.0	0
78.0	200.0	73.0	215.0	97.0	197.0	160.0	162.0	140.0	178.0	176.0	213.0	173.0	236.0	165.0	252.0	180.0	185.0	203.0	157.0	198.0	197.0	208.0	170.0	227.0	175.0	265.0	178.0	257.0	247.0	263.0	206.0	284.0	219.0	298.0	219.0	365.0	185.0	0
78.0	199.0	73.0	214.0	96.0	197.0	160.0	163.0	143.0	180.0	173.0	213.0	170.0	235.0	159.0	253.0	183.0	186.0	202.0	157.0	196.0	197.0	206.0	170.0	226.0	176.0	266.0	178.0	253.0	249.0	263.0	208.0	283.0	220.0	297.0	220.0	365.0	186.0	0
58.0	200.0	53.0	216.0	85.0	197.0	152.0	160.0	134.0	177.0	171.0	214.0	169.0	240.0	159.0	259.0	178.0	184.0	201.0	153.0	194.0	195.0	206.0	167.0	228.0	173.0	270.0	176.0	264.0	253.0	268.0	206.0	295.0	222.0	310.0	223.0	381.0	183.0	0
79.0	199.0	74.0	214.0	103.0	197.0	163.0	163.0	145.0	179.0	175.0	214.0	172.0	236.0	163.0	252.0	182.0	186.0	202.0	158.0	199.0	198.0	207.0	170.0	227.0	175.0	266.0	178.0	254.0	249.0	264.0	208.0	282.0	220.0	295.0	220.0	361.0	185.0	0
79.0	201.0	74.0	217.0	100.0	197.0	159.0	162.0	140.0	179.0	174.0	213.0	172.0	236.0	161.0	253.0	179.0	184.0	201.0	156.0	197.0	195.0	204.0	169.0	224.0	174.0	267.0	177.0	257.0	250.0	261.0	205.0	287.0	222.0	299.0	222.0	366.0	186.0	0
75.0	200.0	72.0	215.0	98.0	196.0	156.0	164.0	142.0	177.0	173.0	212.0	169.0	234.0	160.0	251.0	182.0	187.0	200.0	159.0	200.0	197.0	205.0	171.0	227.0	177.0	268.0	180.0	255.0	249.0	263.0	206.0	283.0	219.0	299.0	219.0	361.0	185.0	0
68.0	200.0	64.0	216.0	90.0	197.0	153.0	161.0	136.0	177.0	172.0	214.0	171.0	238.0	161.0	257.0	179.0	186.0	198.0	156.0	197.0	197.0	203.0	169.0	227.0	175.0	271.0	178.0	259.0	251.0	268.0	207.0	290.0	221.0	304.0	221.0	369.0	180.0	0
78.0	201.0	72.0	215.0	101.0	198.0	158.0	165.0	142.0	180.0	176.0	213.0	173.0	234.0	164.0	252.0	180.0	185.0	199.0	159.0	197.0	195.0	203.0	170.0	225.0	176.0	268.0	178.0	259.0	249.0	263.0	204.0	287.0	219.0	300.0	219.0	368.0	186.0	0
74.0	199.0	70.0	216.0	93.0	197.0	158.0	161.0	139.0	177.0	174.0	213.0	170.0	236.0	161.0	254.0	178.0	183.0	201.0	155.0	200.0	197.0	205.0	168.0	228.0	175.0	267.0	177.0	258.0	251.0	266.0	207.0	288.0	222.0	302.0	222.0	367.0	184.0	0
65.0	201.0	62.0	217.0	87.0	198.0	150.0	161.0	132.0	178.0	171.0	214.0	171.0	238.0	161.0	257.0	175.0	184.0	198.0	155.0	194.0	196.0	202.0	168.0	227.0	175.0	272.0	177.0	263.0	252.0	272.0	206.0	296.0	221.0	310.0	220.0	378.0	181.0	0
76.0	200.0	73.0	214.0	99.0	197.0	157.0	165.0	139.0	181.0	174.0	212.0	172.0	235.0	165.0	253.0	181.0	187.0	200.0	159.0	197.0	197.0	205.0	171.0	226.0	177.0	267.0	179.0	256.0	249.0	260.0	205.0	285.0	219.0	300.0	220.0	364.0	185.0	0
77.0	201.0	74.0	217.0	99.0	198.0	159.0	163.0	143.0	180.0	176.0	213.0	173.0	236.0	163.0	252.0	181.0	186.0	200.0	158.0	196.0	196.0	204.0	169.0	226.0	174.0	269.0	178.0	257.0	249.0	264.0	206.0	288.0	221.0	301.0	220.0	366.0	185.0	0
79.0	200.0	75.0	215.0	98.0	198.0	157.0	164.0	141.0	179.0	173.0	213.0	171.0	237.0	163.0	253.0	177.0	185.0	197.0	160.0	195.0	197.0	202.0	171.0	223.0	177.0	264.0	179.0	256.0	248.0	264.0	207.0	284.0	220.0	297.0	219.0	364.0	183.0	0
73.0	200.0	70.0	216.0	95.0	198.0	157.0	163.0	139.0	177.0	172.0	212.0	171.0	237.0	163.0	255.0	179.0	186.0	200.0	157.0	195.0	197.0	204.0	169.0	224.0	174.0	264.0	176.0	254.0	251.0	264.0	208.0	283.0	219.0	298.0	220.0	367.0	184.0	0
74.0	201.0	71.0	217.0	96.0	198.0	155.0	162.0	138.0	179.0	173.0	213.0	170.0	237.0	161.0	254.0	176.0	183.0	199.0	156.0	194.0	196.0	203.0	168.0	224.0	174.0	272.0	177.0	255.0	250.0	263.0	207.0	284.0	220.0	300.0	221.0	367.0	185.0	0
71.0	199.0	67.0	215.0	95.0	196.0	157.0	162.0	140.0	177.0	173.0	212.0	172.0	237.0	163.0	255.0	179.0	184.0	201.0	156.0	196.0	196.0	205.0	169.0	230.0	175.0	270.0	177.0	258.0	251.0	265.0	206.0	287.0	221.0	300.0	220.0	367.0	183.0	0
72.0	201.0	68.0	217.0	94.0	198.0	154.0	163.0	137.0	179.0	172.0	214.0	168.0	237.0	160.0	254.0	179.0	185.0	198.0	156.0	195.0	196.0	204.0	169.0	227.0	174.0	270.0	177.0	256.0	250.0	265.0	206.0	287.0	220.0	302.0	221.0	373.0	187.0	0
74.0	201.0	71.0	216.0	97.0	198.0	157.0	164.0	141.0	179.0	174.0	213.0	173.0	236.0	165.0	253.0	179.0	186.0	197.0	158.0	192.0	195.0	201.0	170.0	227.0	176.0	267.0	178.0	257.0	249.0	264.0	206.0	285.0	219.0	299.0	219.0	367.0	185.0	0
76.0	200.0	73.0	216.0	98.0	197.0	160.0	163.0	143.0	178.0	175.0	214.0	171.0	236.0	160.0	253.0	180.0	185.0	201.0	157.0	200.0	198.0	206.0	170.0	228.0	176.0	265.0	177.0	255.0	250.0	262.0	207.0	284.0	220.0	299.0	220.0	364.0	183.0	0
76.0	199.0	73.0	215.0	99.0	197.0	159.0	163.0	142.0	178.0	174.0	213.0	170.0	235.0	161.0	253.0	182.0	186.0	200.0	157.0	197.0	195.0	204.0	169.0	224.0	175.0	266.0	177.0	255.0	249.0	263.0	207.0	284.0	221.0	298.0	220.0	364.0	184.0	0
72.0	201.0	69.0	217.0	95.0	198.0	155.0	164.0	139.0	179.0	173.0	213.0	171.0	235.0	164.0	252.0	179.0	185.0	203.0	157.0	196.0	198.0	206.0	169.0	229.0	176.0	273.0	179.0	258.0	249.0	265.0	206.0	286.0	221.0	299.0	221.0	366.0	184.0	0
75.0	200.0	72.0	215.0	100.0	197.0	160.0	164.0	144.0	178.0	175.0	212.0	171.0	235.0	164.0	253.0	184.0	186.0	199.0	158.0	196.0	196.0	205.0	171.0	226.0	176.0	266.0	179.0	255.0	246.0	262.0	204.0	283.0	219.0	298.0	219.0	360.0	186.0	0
80.0	202.0	75.0	215.0	102.0	199.0	158.0	166.0	143.0	181.0	174.0	212.0	172.0	234.0	165.0	250.0	178.0	186.0	198.0	159.0	195.0	196.0	203.0	172.0	222.0	177.0	262.0	178.0	254.0	246.0	263.0	206.0	283.0	219.0	297.0	219.0	359.0	184.0	0
72.0	200.0	66.0	217.0	91.0	197.0	156.0	161.0	136.0	178.0	173.0	214.0	170.0	238.0	162.0	258.0	180.0	185.0	200.0	154.0	197.0	196.0	206.0	168.0	226.0	172.0	270.0	175.0	259.0	253.0	266.0	208.0	288.0	222.0	301.0	222.0	371.0	182.0	0
75.0	201.0	71.0	219.0	95.0	198.0	156.0	160.0	136.0	179.0	170.0	214.0	169.0	239.0	160.0	258.0	176.0	184.0	198.0	154.0	194.0	195.0	203.0	167.0	226.0	172.0	272.0	176.0	256.0	251.0	267.0	208.0	288.0	222.0	301.0	222.0	368.0	184.0	0
79.0	201.0	75.0	214.0	100.0	198.0	159.0	164.0	142.0	179.0	175.0	213.0	173.0	235.0	166.0	252.0	180.0	186.0	199.0	158.0	197.0	198.0	204.0	171.0	223.0	176.0	261.0	178.0	254.0	248.0	264.0	207.0	283.0	219.0	297.0	219.0	359.0	183.0	0
74.0	200.0	70.0	215.0	99.0	197.0	158.0	162.0	141.0	178.0	174.0	213.0	171.0	236.0	161.0	254.0	180.0	185.0	200.0	156.0	195.0	196.0	205.0	169.0	226.0	175.0	265.0	177.0	255.0	252.0	264.0	208.0	284.0	221.0	299.0	221.0	366.0	182.0	0
75.0	200.0	71.0	215.0	98.0	197.0	159.0	165.0	142.0	180.0	176.0	212.0	173.0	233.0	163.0	250.0	187.0	187.0	199.0	160.0	198.0	196.0	204.0	172.0	226.0	178.0	269.0	180.0	255.0	246.0	266.0	207.0	286.0	219.0	299.0	219.0	361.0	185.0	0
70.0	202.0	65.0	217.0	91.0	198.0	155.0	162.0	139.0	178.0	173.0	214.0	170.0	238.0	162.0	256.0	180.0	184.0	198.0	155.0	198.0	196.0	203.0	168.0	227.0	175.0	269.0	177.0	260.0	252.0	266.0	204.0	292.0	221.0	307.0	220.0	377.0	185.0	0
75.0	201.0	71.0	216.0	99.0	197.0	157.0	164.0	141.0	179.0	173.0	212.0	169.0	235.0	159.0	252.0	179.0	186.0	200.0	158.0	196.0	196.0	205.0	170.0	227.0	176.0	267.0	177.0	254.0	249.0	262.0	206.0	283.0	221.0	298.0	221.0	365.0	186.0	0
76.0	202.0	71.0	217.0	99.0	198.0	155.0	163.0	137.0	180.0	173.0	212.0	172.0	237.0	163.0	254.0	181.0	186.0	200.0	157.0	193.0	195.0	203.0	169.0	223.0	174.0	265.0	176.0	256.0	250.0	266.0	208.0	288.0	221.0	303.0	220.0	370.0	183.0	0
76.0	199.0	72.0	214.0	101.0	196.0	156.0	163.0	141.0	179.0	174.0	212.0	171.0	235.0	160.0	252.0	180.0	185.0	200.0	157.0	198.0	196.0	204.0	170.0	225.0	175.0	267.0	178.0	253.0	249.0	261.0	206.0	282.0	220.0	296.0	220.0	365.0	185.0	0
70.0	200.0	67.0	216.0	95.0	198.0	157.0	164.0	141.0	178.0	172.0	212.0	170.0	236.0	162.0	253.0	184.0	186.0	201.0	158.0	195.0	195.0	204.0	169.0	226.0	175.0	266.0	178.0	256.0	249.0	265.0	206.0	285.0	220.0	298.0	219.0	364.0	186.0	0
78.0	200.0	75.0	215.0	98.0	198.0	158.0	164.0	140.0	179.0	174.0	213.0	171.0	235.0	163.0	252.0	177.0	185.0	200.0	157.0	197.0	197.0	203.0	169.0	228.0	176.0	267.0	178.0	254.0	247.0	266.0	206.0	286.0	219.0	299.0	219.0	363.0	185.0	0
74.0	198.0	72.0	214.0	96.0	196.0	159.0	164.0	142.0	178.0	173.0	212.0	170.0	234.0	161.0	252.0	180.0	185.0	200.0	158.0	197.0	197.0	204.0	171.0	228.0	177.0	273.0	181.0	255.0	250.0	261.0	207.0	282.0	220.0	296.0	220.0	363.0	184.0	0
78.0	198.0	76.0	214.0	100.0	196.0	159.0	163.0	143.0	178.0	175.0	212.0	171.0	234.0	162.0	251.0	181.0	185.0	202.0	158.0	196.0	197.0	207.0	169.0	227.0	176.0	265.0	179.0	249.0	245.0	264.0	208.0	280.0	220.0	294.0	220.0	359.0	184.0	0
72.0	201.0	68.0	216.0	97.0	198.0	154.0	164.0	138.0	178.0	173.0	213.0	171.0	236.0	164.0	253.0	182.0	186.0	198.0	157.0	195.0	196.0	203.0	169.0	226.0	175.0	271.0	178.0	259.0	249.0	268.0	207.0	289.0	221.0	302.0	220.0	369.0	184.0	0
72.0	201.0	68.0	215.0	96.0	198.0	159.0	164.0	143.0	178.0	173.0	213.0	170.0	235.0	162.0	251.0	180.0	186.0	198.0	158.0	196.0	197.0	203.0	171.0	227.0	176.0	266.0	178.0	255.0	249.0	263.0	206.0	284.0	220.0	296.0	219.0	361.0	186.0	0
75.0	201.0	72.0	216.0	98.0	199.0	157.0	163.0	139.0	181.0	174.0	213.0	172.0	236.0	162.0	252.0	180.0	187.0	200.0	157.0	197.0	196.0	204.0	170.0	223.0	174.0	267.0	177.0	255.0	249.0	265.0	207.0	286.0	221.0	302.0	221.0	366.0	183.0	0
76.0	200.0	72.0	214.0	98.0	197.0	158.0	163.0	139.0	178.0	173.0	212.0	170.0	235.0	162.0	252.0	179.0	184.0	202.0	157.0	195.0	196.0	204.0	169.0	226.0	175.0	266.0	177.0	255.0	249.0	261.0	204.0	284.0	219.0	297.0	220.0	365.0	186.0	0
81.0	201.0	75.0	215.0	103.0	198.0	159.0	165.0	144.0	180.0	176.0	211.0	173.0	235.0	165.0	252.0	180.0	186.0	200.0	160.0	196.0	196.0	204.0	172.0	223.0	177.0	265.0	179.0	255.0	247.0	259.0	203.0	284.0	218.0	297.0	218.0	363.0	187.0	0
64.0	200.0	60.0	217.0	86.0	197.0	152.0	160.0	134.0	175.0	171.0	214.0	167.0	239.0	157.0	258.0	178.0	184.0	203.0	153.0	197.0	196.0	206.0	166.0	229.0	173.0	274.0	176.0	259.0	255.0	273.0	210.0	291.0	222.0	308.0	222.0	379.0	184.0	0
74.0	200.0	69.0	215.0	97.0	197.0	159.0	163.0	143.0	178.0	172.0	211.0	168.0	234.0	160.0	251.0	182.0	185.0	202.0	158.0	195.0	196.0	207.0	170.0	227.0	176.0	269.0	179.0	254.0	249.0	265.0	208.0	283.0	220.0	296.0	221.0	365.0	185.0	0
80.0	201.0	77.0	215.0	98.0	197.0	157.0	164.0	141.0	179.0	175.0	211.0	172.0	235.0	165.0	251.0	182.0	186.0	197.0	159.0	196.0	197.0	201.0	171.0	224.0	177.0	262.0	178.0	257.0	247.0	264.0	207.0	283.0	219.0	295.0	218.0	361.0	183.0	0
78.0	200.0	73.0	215.0	100.0	197.0	161.0	163.0	145.0	179.0	175.0	213.0	174.0	235.0	164.0	252.0	180.0	186.0	202.0	157.0	198.0	196.0	206.0	170.0	227.0	176.0	264.0	177.0	254.0	248.0	266.0	207.0	284.0	220.0	296.0	220.0	360.0	184.0	0
73.0	201.0	72.0	217.0	95.0	198.0	157.0	163.0	140.0	179.0	173.0	212.0	168.0	235.0	161.0	252.0	178.0	186.0	201.0	158.0	195.0	196.0	204.0	169.0	227.0	175.0	272.0	179.0	255.0	249.0	267.0	207.0	287.0	221.0	302.0	220.0	369.0	185.0	0
78.0	202.0	76.0	218.0	98.0	198.0	155.0	162.0	139.0	178.0	176.0	213.0	172.0	237.0	164.0	254.0	179.0	184.0	200.0	156.0	201.0	197.0	204.0	168.0	225.0	174.0	264.0	177.0	258.0	250.0	266.0	208.0	285.0	220.0	298.0	220.0	364.0	184.0	0
72.0	200.0	69.0	216.0	92.0	197.0	156.0	161.0	139.0	176.0	172.0	214.0	166.0	236.0	158.0	253.0	175.0	183.0	202.0	156.0	196.0	195.0	206.0	167.0	228.0	173.0	273.0	177.0	258.0	250.0	268.0	207.0	290.0	221.0	305.0	222.0	372.0	185.0	0
70.0	200.0	66.0	215.0	94.0	197.0	159.0	162.0	142.0	177.0	175.0	213.0	171.0	236.0	160.0	254.0	183.0	185.0	201.0	156.0	196.0	195.0	205.0	169.0	226.0	175.0	265.0	177.0	252.0	251.0	268.0	209.0	284.0	221.0	297.0	221.0	365.0	184.0	0
77.0	201.0	73.0	217.0	97.0	198.0	156.0	164.0	137.0	179.0	174.0	213.0	171.0	235.0	163.0	253.0	177.0	185.0	199.0	158.0	194.0	196.0	203.0	169.0	223.0	174.0	272.0	178.0	257.0	248.0	266.0	206.0	287.0	219.0	303.0	219.0	370.0	185.0	0
75.0	201.0	69.0	216.0	96.0	198.0	157.0	163.0	138.0	179.0	175.0	214.0	171.0	236.0	161.0	254.0	180.0	185.0	199.0	157.0	199.0	196.0	204.0	169.0	226.0	175.0	266.0	177.0	260.0	249.0	264.0	205.0	288.0	220.0	300.0	219.0	365.0	185.0	0
72.0	202.0	69.0	215.0	96.0	198.0	157.0	164.0	139.0	179.0	174.0	213.0	171.0	236.0	163.0	254.0	180.0	185.0	201.0	158.0	195.0	196.0	204.0	170.0	226.0	175.0	269.0	178.0	257.0	248.0	262.0	205.0	285.0	220.0	299.0	220.0	366.0	186.0	0
77.0	201.0	73.0	215.0	100.0	198.0	157.0	165.0	140.0	180.0	175.0	213.0	172.0	236.0	165.0	252.0	181.0	187.0	202.0	159.0	194.0	196.0	204.0	171.0	226.0	177.0	268.0	179.0	255.0	247.0	265.0	208.0	283.0	220.0	297.0	219.0	361.0	185.0	0
77.0	201.0	73.0	213.0	99.0	199.0	158.0	165.0	143.0	180.0	175.0	212.0	173.0	235.0	165.0	251.0	181.0	186.0	202.0	160.0	197.0	197.0	204.0	170.0	224.0	176.0	260.0	177.0	257.0	247.0	264.0	207.0	284.0	218.0	295.0	217.0	361.0	186.0	0
73.0	201.0	69.0	215.0	98.0	198.0	157.0	164.0	140.0	179.0	172.0	212.0	169.0	236.0	160.0	252.0	180.0	186.0	199.0	157.0	195.0	196.0	204.0	170.0	226.0	175.0	267.0	178.0	255.0	250.0	265.0	206.0	287.0	221.0	299.0	220.0	367.0	185.0	0
74.0	200.0	69.0	214.0	95.0	197.0	159.0	164.0	143.0	179.0	175.0	212.0	173.0	235.0	164.0	251.0	181.0	185.0	202.0	158.0	201.0	198.0	206.0	170.0	230.0	176.0	267.0	178.0	255.0	247.0	266.0	207.0	284.0	219.0	297.0	219.0	362.0	184.0	0
73.0	202.0	68.0	217.0	96.0	199.0	156.0	162.0	139.0	179.0	172.0	214.0	171.0	238.0	162.0	255.0	179.0	186.0	200.0	156.0	196.0	197.0	203.0	168.0	225.0	173.0	270.0	177.0	259.0	252.0	270.0	209.0	287.0	221.0	302.0	221.0	370.0	184.0	0
77.0	202.0	73.0	217.0	100.0	198.0	157.0	164.0	141.0	179.0	175.0	212.0	171.0	235.0	163.0	253.0	181.0	187.0	199.0	158.0	198.0	197.0	203.0	170.0	224.0	175.0	263.0	178.0	256.0	248.0	261.0	206.0	284.0	220.0	298.0	220.0	361.0	185.0	0
70.0	200.0	66.0	216.0	93.0	197.0	154.0	162.0	136.0	178.0	171.0	213.0	169.0	237.0	160.0	255.0	177.0	184.0	200.0	155.0	196.0	195.0	204.0	168.0	228.0	174.0	274.0	176.0	259.0	251.0	269.0	207.0	290.0	221.0	305.0	222.0	374.0	186.0	0
78.0	202.0	74.0	216.0	97.0	199.0	157.0	166.0	141.0	180.0	175.0	213.0	172.0	235.0	163.0	251.0	181.0	186.0	202.0	160.0	196.0	197.0	203.0	170.0	223.0	176.0	264.0	178.0	258.0	248.0	262.0	206.0	288.0	221.0	300.0	220.0	360.0	183.0	0
83.0	200.0	77.0	214.0	103.0	197.0	159.0	164.0	143.0	180.0	173.0	214.0	170.0	235.0	162.0	251.0	176.0	186.0	200.0	158.0	196.0	198.0	204.0	170.0	222.0	175.0	265.0	179.0	254.0	247.0	262.0	207.0	280.0	218.0	293.0	218.0	361.0	187.0	0
73.0	200.0	67.0	214.0	95.0	197.0	158.0	163.0	140.0	179.0	173.0	212.0	170.0	234.0	159.0	252.0	181.0	186.0	200.0	158.0	195.0	195.0	204.0	170.0	224.0	175.0	269.0	178.0	255.0	249.0	265.0	206.0	286.0	220.0	301.0	220.0	366.0	184.0	0
74.0	200.0	69.0	214.0	94.0	197.0	157.0	162.0	140.0	178.0	174.0	214.0	170.0	237.0	161.0	254.0	180.0	185.0	201.0	156.0	199.0	197.0	205.0	168.0	229.0	174.0	267.0	177.0	259.0	251.0	264.0	205.0	289.0	220.0	302.0	219.0	370.0	183.0	0
76.0	201.0	70.0	216.0	95.0	198.0	156.0	164.0	141.0	179.0	175.0	213.0	172.0	236.0	164.0	254.0	180.0	185.0	200.0	158.0	197.0	196.0	204.0	170.0	226.0	175.0	266.0	178.0	255.0	248.0	266.0	206.0	286.0	220.0	299.0	220.0	366.0	185.0	0
57.0	199.0	52.0	216.0	82.0	197.0	153.0	157.0	135.0	174.0	172.0	215.0	168.0	243.0	159.0	262.0	178.0	182.0	204.0	150.0	199.0	196.0	209.0	164.0	233.0	171.0	276.0	174.0	265.0	258.0	273.0	207.0	298.0	224.0	313.0	223.0	395.0	185.0	0
75.0	200.0	70.0	214.0	95.0	198.0	156.0	164.0	139.0	180.0	174.0	213.0	172.0	236.0	163.0	253.0	180.0	186.0	201.0	158.0	198.0	197.0	204.0	170.0	224.0	176.0	264.0	178.0	258.0	249.0	263.0	207.0	284.0	220.0	298.0	220.0	362.0	183.0	0
73.0	200.0	71.0	217.0	96.0	198.0	156.0	164.0	139.0	178.0	172.0	213.0	172.0	236.0	163.0	254.0	183.0	186.0	201.0	158.0	196.0	196.0	205.0	170.0	225.0	175.0	270.0	178.0	259.0	249.0	264.0	205.0	289.0	220.0	300.0	219.0	369.0	185.0	0
70.0	201.0	65.0	216.0	92.0	197.0	154.0	162.0	134.0	179.0	175.0	214.0	170.0	237.0	160.0	256.0	179.0	185.0	196.0	156.0	198.0	196.0	201.0	168.0	223.0	174.0	273.0	177.0	258.0	252.0	266.0	205.0	290.0	220.0	305.0	221.0	370.0	183.0	0
75.0	200.0	73.0	216.0	98.0	197.0	158.0	162.0	138.0	178.0	173.0	212.0	171.0	236.0	161.0	254.0	178.0	184.0	200.0	156.0	196.0	196.0	205.0	168.0	225.0	174.0	265.0	177.0	252.0	250.0	265.0	208.0	285.0	221.0	297.0	220.0	364.0	185.0	0
75.0	201.0	71.0	217.0	100.0	197.0	158.0	163.0	140.0	180.0	176.0	212.0	172.0	235.0	163.0	252.0	182.0	187.0	202.0	157.0	198.0	197.0	207.0	171.0	226.0	176.0	266.0	178.0	258.0	248.0	267.0	208.0	285.0	220.0	300.0	220.0	363.0	185.0	0
77.0	199.0	73.0	215.0	97.0	198.0	159.0	165.0	142.0	179.0	174.0	213.0	172.0	235.0	163.0	252.0	180.0	185.0	200.0	159.0	198.0	197.0	203.0	170.0	224.0	175.0	268.0	178.0	260.0	248.0	266.0	206.0	285.0	219.0	299.0	219.0	366.0	183.0	0
76.0	200.0	73.0	216.0	101.0	197.0	158.0	163.0	141.0	178.0	175.0	213.0	172.0	238.0	163.0	254.0	180.0	185.0	200.0	156.0	197.0	196.0	205.0	169.0	224.0	174.0	266.0	178.0	255.0	250.0	263.0	207.0	284.0	221.0	299.0	221.0	363.0	183.0	0
81.0	200.0	78.0	214.0	101.0	197.0	157.0	165.0	142.0	180.0	175.0	212.0	172.0	235.0	164.0	251.0	178.0	187.0	197.0	160.0	196.0	198.0	201.0	171.0	225.0	178.0	271.0	180.0	251.0	247.0	260.0	206.0	279.0	218.0	295.0	219.0	360.0	184.0	0
77.0	201.0	74.0	215.0	100.0	197.0	157.0	163.0	140.0	178.0	175.0	212.0	174.0	234.0	165.0	252.0	182.0	185.0	202.0	158.0	198.0	196.0	206.0	170.0	227.0	176.0	265.0	178.0	254.0	247.0	262.0	206.0	280.0	218.0	295.0	218.0	366.0	187.0	0
74.0	200.0	72.0	215.0	99.0	197.0	159.0	164.0	142.0	178.0	174.0	213.0	172.0	234.0	162.0	251.0	181.0	185.0	201.0	159.0	198.0	196.0	205.0	170.0	226.0	177.0	268.0	179.0	256.0	248.0	261.0	205.0	284.0	220.0	299.0	220.0	364.0	186.0	0
75.0	199.0	71.0	215.0	98.0	197.0	159.0	161.0	142.0	177.0	172.0	213.0	169.0	238.0	161.0	255.0	178.0	183.0	202.0	156.0	198.0	196.0	205.0	168.0	224.0	173.0	269.0	176.0	255.0	252.0	266.0	208.0	287.0	221.0	301.0	221.0	366.0	183.0	0
74.0	201.0	69.0	216.0	96.0	198.0	156.0	163.0	136.0	180.0	174.0	214.0	171.0	237.0	163.0	255.0	177.0	185.0	199.0	156.0	195.0	196.0	204.0	169.0	226.0	174.0	268.0	176.0	258.0	251.0	268.0	208.0	286.0	221.0	300.0	220.0	368.0	183.0	0
75.0	200.0	70.0	215.0	99.0	196.0	158.0	165.0	141.0	180.0	175.0	212.0	172.0	234.0	164.0	252.0	180.0	186.0	201.0	160.0	196.0	197.0	205.0	172.0	225.0	177.0	265.0	179.0	257.0	247.0	264.0	206.0	285.0	219.0	300.0	218.0	365.0	184.0	0
74.0	200.0	71.0	215.0	96.0	197.0	152.0	164.0	137.0	178.0	173.0	213.0	171.0	236.0	161.0	254.0	178.0	185.0	198.0	157.0	195.0	196.0	204.0	169.0	227.0	175.0	272.0	177.0	259.0	250.0	266.0	206.0	290.0	221.0	303.0	220.0	365.0	181.0	0
76.0	201.0	73.0	216.0	100.0	198.0	158.0	166.0	140.0	180.0	176.0	212.0	174.0	235.0	166.0	251.0	183.0	187.0	203.0	159.0	196.0	197.0	206.0	171.0	227.0	177.0	272.0	180.0	257.0	247.0	264.0	206.0	284.0	219.0	298.0	219.0	364.0	185.0	0
74.0	200.0	69.0	214.0	100.0	198.0	160.0	164.0	141.0	180.0	174.0	212.0	171.0	235.0	164.0	252.0	181.0	185.0	204.0	158.0	196.0	196.0	208.0	171.0	227.0	176.0	265.0	179.0	257.0	248.0	262.0	205.0	283.0	219.0	296.0	219.0	363.0	187.0	0
71.0	200.0	68.0	216.0	92.0	197.0	155.0	163.0	138.0	178.0	174.0	212.0	171.0	236.0	161.0	253.0	181.0	185.0	202.0	157.0	197.0	196.0	206.0	169.0	228.0	175.0	271.0	178.0	258.0	249.0	266.0	206.0	287.0	220.0	302.0	220.0	372.0	187.0	0
77.0	201.0	72.0	215.0	101.0	198.0	157.0	163.0	141.0	179.0	175.0	212.0	173.0	235.0	163.0	251.0	179.0	186.0	199.0	159.0	198.0	197.0	204.0	169.0	227.0	175.0	267.0	178.0	259.0	248.0	265.0	205.0	287.0	220.0	301.0	219.0	364.0	184.0	0
80.0	200.0	77.0	215.0	100.0	198.0	158.0	164.0	141.0	179.0	175.0	213.0	173.0	235.0	165.0	251.0	180.0	185.0	201.0	159.0	197.0	196.0	204.0	170.0	225.0	175.0	266.0	178.0	254.0	246.0	265.0	207.0	284.0	219.0	298.0	220.0	359.0	186.0	0
77.0	199.0	73.0	215.0	98.0	197.0	158.0	164.0	139.0	180.0	176.0	212.0	172.0	235.0	162.0	253.0	181.0	186.0	200.0	158.0	201.0	198.0	204.0	171.0	224.0	176.0	269.0	178.0	258.0	248.0	265.0	205.0	287.0	219.0	301.0	219.0	366.0	184.0	0
76.0	199.0	71.0	215.0	96.0	196.0	158.0	162.0	141.0	179.0	173.0	212.0	170.0	235.0	161.0	255.0	179.0	184.0	201.0	156.0	197.0	196.0	205.0	170.0	227.0	175.0	265.0	177.0	257.0	249.0	266.0	207.0	286.0	221.0	302.0	222.0	368.0	183.0	0
69.0	202.0	66.0	216.0	94.0	199.0	154.0	164.0	139.0	180.0	174.0	213.0	174.0	236.0	167.0	253.0	179.0	186.0	197.0	158.0	195.0	197.0	201.0	170.0	224.0	175.0	269.0	177.0	261.0	248.0	271.0	208.0	289.0	219.0	307.0	219.0	372.0	182.0	0
78.0	199.0	75.0	213.0	100.0	196.0	160.0	164.0	142.0	179.0	174.0	212.0	172.0	234.0	163.0	250.0	180.0	185.0	201.0	160.0	196.0	196.0	205.0	171.0	226.0	177.0	266.0	179.0	254.0	246.0	263.0	207.0	282.0	220.0	296.0	219.0	359.0	184.0	0
71.0	201.0	66.0	217.0	94.0	198.0	156.0	162.0	140.0	177.0	174.0	214.0	170.0	238.0	160.0	255.0	180.0	185.0	199.0	155.0	198.0	197.0	204.0	168.0	226.0	174.0	272.0	177.0	257.0	251.0	264.0	205.0	289.0	221.0	303.0	221.0	373.0	185.0	0
78.0	201.0	74.0	215.0	101.0	198.0	158.0	165.0	142.0	179.0	176.0	213.0	172.0	235.0	164.0	252.0	181.0	186.0	201.0	159.0	197.0	196.0	205.0	170.0	227.0	176.0	268.0	178.0	255.0	249.0	263.0	207.0	284.0	220.0	297.0	220.0	362.0	184.0	0
79.0	200.0	75.0	215.0	104.0	197.0	157.0	164.0	141.0	179.0	175.0	213.0	171.0	236.0	162.0	252.0	182.0	186.0	200.0	158.0	198.0	198.0	203.0	171.0	224.0	176.0	267.0	178.0	254.0	249.0	264.0	206.0	283.0	220.0	298.0	220.0	364.0	184.0	0
68.0	200.0	64.0	216.0	92.0	197.0	155.0	162.0	138.0	177.0	171.0	214.0	168.0	237.0	158.0	255.0	180.0	185.0	202.0	156.0	195.0	196.0	205.0	168.0	226.0	174.0	272.0	178.0	256.0	252.0	268.0	208.0	287.0	220.0	303.0	221.0	373.0	184.0	0
72.0	201.0	69.0	216.0	94.0	198.0	157.0	163.0	138.0	179.0	176.0	212.0	172.0	234.0	162.0	253.0	180.0	185.0	198.0	157.0	197.0	197.0	202.0	170.0	228.0	177.0	269.0	178.0	258.0	250.0	267.0	206.0	290.0	220.0	303.0	220.0	363.0	180.0	0
68.0	200.0	66.0	215.0	93.0	197.0	153.0	162.0	138.0	178.0	173.0	213.0	172.0	237.0	161.0	256.0	176.0	184.0	198.0	155.0	198.0	197.0	202.0	168.0	223.0	173.0	272.0	176.0	258.0	252.0	268.0	207.0	292.0	221.0	307.0	220.0	374.0	182.0	0
80.0	201.0	76.0	214.0	103.0	198.0	159.0	165.0	144.0	180.0	174.0	213.0	172.0	234.0	164.0	250.0	183.0	187.0	200.0	160.0	198.0	198.0	204.0	172.0	227.0	178.0	265.0	181.0	255.0	247.0	260.0	206.0	282.0	219.0	295.0	220.0	358.0	187.0	0
75.0	200.0	71.0	217.0	98.0	198.0	156.0	163.0	139.0	179.0	174.0	212.0	172.0	236.0	163.0	254.0	179.0	184.0	197.0	157.0	199.0	197.0	203.0	169.0	225.0	175.0	263.0	176.0	257.0	250.0	262.0	204.0	286.0	220.0	302.0	220.0	367.0	184.0	0
73.0	201.0	68.0	216.0	99.0	198.0	157.0	163.0	140.0	179.0	175.0	215.0	173.0	237.0	164.0	254.0	180.0	186.0	199.0	156.0	198.0	198.0	205.0	170.0	226.0	174.0	267.0	177.0	260.0	249.0	267.0	207.0	288.0	220.0	303.0	220.0	367.0	182.0	0
78.0	202.0	76.0	217.0	99.0	199.0	160.0	163.0	141.0	180.0	175.0	212.0	173.0	234.0	165.0	252.0	179.0	185.0	199.0	157.0	198.0	197.0	203.0	169.0	224.0	175.0	266.0	178.0	256.0	249.0	263.0	207.0	285.0	220.0	299.0	220.0	364.0	184.0	0
76.0	199.0	71.0	214.0	99.0	197.0	160.0	162.0	143.0	177.0	175.0	213.0	173.0	238.0	162.0	254.0	181.0	185.0	201.0	156.0	198.0	195.0	209.0	169.0	227.0	174.0	266.0	176.0	250.0	252.0	264.0	207.0	284.0	221.0	299.0	221.0	363.0	184.0	0
69.0	202.0	66.0	216.0	91.0	199.0	156.0	162.0	140.0	178.0	171.0	214.0	168.0	237.0	161.0	256.0	180.0	185.0	202.0	157.0	195.0	195.0	205.0	168.0	226.0	174.0	268.0	177.0	258.0	250.0	266.0	206.0	290.0	222.0	304.0	221.0	370.0	185.0	0
85.0	202.0	82.0	218.0	104.0	198.0	153.0	164.0	141.0	179.0	175.0	213.0	171.0	234.0	161.0	251.0	179.0	185.0	194.0	157.0	194.0	197.0	199.0	169.0	217.0	173.0	267.0	176.0	256.0	252.0	261.0	208.0	284.0	222.0	297.0	221.0	361.0	179.0	0
77.0	200.0	73.0	213.0	100.0	198.0	159.0	165.0	143.0	179.0	175.0	212.0	172.0	235.0	162.0	251.0	182.0	186.0	200.0	158.0	199.0	197.0	207.0	172.0	226.0	176.0	267.0	179.0	254.0	249.0	262.0	206.0	282.0	220.0	296.0	220.0	358.0	186.0	0
79.0	200.0	74.0	215.0	100.0	198.0	159.0	164.0	142.0	179.0	175.0	213.0	172.0	235.0	162.0	252.0	180.0	186.0	199.0	158.0	198.0	197.0	204.0	170.0	227.0	176.0	264.0	179.0	256.0	249.0	260.0	204.0	284.0	220.0	297.0	219.0	361.0	187.0	0
73.0	201.0	71.0	216.0	96.0	198.0	157.0	164.0	141.0	178.0	175.0	212.0	174.0	236.0	164.0	254.0	180.0	185.0	200.0	158.0	196.0	196.0	203.0	169.0	226.0	175.0	271.0	178.0	256.0	250.0	267.0	206.0	288.0	220.0	303.0	220.0	370.0	184.0	0
71.0	202.0	68.0	217.0	93.0	199.0	156.0	163.0	138.0	179.0	175.0	214.0	172.0	236.0	163.0	254.0	183.0	186.0	200.0	157.0	197.0	195.0	204.0	170.0	229.0	176.0	266.0	178.0	259.0	249.0	268.0	206.0	287.0	220.0	302.0	220.0	366.0	185.0	0
76.0	199.0	72.0	214.0	97.0	198.0	158.0	163.0	143.0	178.0	173.0	214.0	170.0	236.0	161.0	253.0	179.0	185.0	200.0	157.0	199.0	199.0	205.0	170.0	227.0	176.0	269.0	178.0	257.0	252.0	264.0	208.0	286.0	221.0	298.0	220.0	363.0	181.0	0
75.0	200.0	72.0	215.0	97.0	198.0	155.0	163.0	137.0	179.0	173.0	214.0	172.0	236.0	163.0	254.0	177.0	185.0	197.0	157.0	194.0	196.0	200.0	168.0	221.0	173.0	270.0	177.0	258.0	250.0	263.0	205.0	287.0	220.0	301.0	219.0	367.0	184.0	0
78.0	200.0	73.0	215.0	97.0	198.0	160.0	165.0	144.0	178.0	174.0	212.0	171.0	235.0	162.0	252.0	181.0	186.0	201.0	159.0	195.0	196.0	205.0	171.0	225.0	176.0	266.0	177.0	256.0	248.0	264.0	206.0	285.0	220.0	298.0	220.0	364.0	186.0	0
75.0	201.0	71.0	215.0	97.0	198.0	156.0	164.0	143.0	178.0	175.0	212.0	174.0	236.0	164.0	253.0	180.0	185.0	198.0	158.0	195.0	196.0	203.0	170.0	225.0	175.0	265.0	177.0	255.0	250.0	265.0	207.0	285.0	220.0	300.0	221.0	365.0	182.0	0
74.0	201.0	68.0	214.0	95.0	198.0	156.0	163.0	140.0	178.0	175.0	213.0	172.0	236.0	163.0	255.0	182.0	187.0	198.0	157.0	196.0	195.0	203.0	169.0	226.0	175.0	269.0	177.0	257.0	251.0	267.0	207.0	288.0	220.0	304.0	219.0	367.0	182.0	0
76.0	201.0	72.0	215.0	98.0	198.0	156.0	165.0	140.0	179.0	173.0	211.0	169.0	234.0	160.0	251.0	180.0	185.0	201.0	159.0	196.0	196.0	204.0	171.0	226.0	176.0	269.0	179.0	254.0	249.0	263.0	206.0	283.0	220.0	298.0	220.0	365.0	186.0	0
71.0	201.0	68.0	215.0	94.0	198.0	157.0	163.0	138.0	179.0	176.0	213.0	173.0	236.0	162.0	254.0	186.0	187.0	202.0	157.0	198.0	196.0	207.0	170.0	231.0	177.0	272.0	178.0	260.0	250.0	267.0	207.0	287.0	221.0	303.0	221.0	371.0	183.0	0
77.0	199.0	74.0	214.0	103.0	197.0	160.0	163.0	142.0	180.0	173.0	212.0	170.0	234.0	161.0	250.0	183.0	187.0	201.0	158.0	196.0	196.0	206.0	171.0	228.0	176.0	269.0	179.0	252.0	248.0	264.0	208.0	281.0	220.0	295.0	220.0	361.0	186.0	0
65.0	201.0	60.0	216.0	88.0	198.0	152.0	160.0	136.0	176.0	170.0	213.0	168.0	238.0	158.0	256.0	177.0	184.0	196.0	154.0	193.0	195.0	201.0	167.0	228.0	173.0	278.0	177.0	259.0	254.0	271.0	208.0	292.0	222.0	309.0	221.0	380.0	183.0	0
77.0	201.0	74.0	215.0	97.0	199.0	157.0	165.0	141.0	180.0	174.0	212.0	172.0	234.0	164.0	250.0	182.0	186.0	201.0	159.0	197.0	196.0	204.0	171.0	227.0	177.0	267.0	180.0	255.0	246.0	263.0	205.0	281.0	219.0	295.0	219.0	362.0	187.0	0
72.0	199.0	69.0	216.0	93.0	197.0	157.0	162.0	139.0	178.0	171.0	213.0	168.0	236.0	161.0	254.0	178.0	185.0	199.0	157.0	197.0	198.0	204.0	169.0	224.0	175.0	266.0	177.0	260.0	250.0	265.0	208.0	285.0	220.0	298.0	220.0	371.0	183.0	0
68.0	200.0	63.0	215.0	91.0	197.0	156.0	161.0	140.0	177.0	172.0	213.0	169.0	238.0	161.0	256.0	178.0	184.0	202.0	156.0	196.0	195.0	205.0	167.0	225.0	173.0	267.0	175.0	263.0	252.0	265.0	205.0	291.0	221.0	305.0	221.0	372.0	183.0	0
68.0	199.0	64.0	216.0	93.0	197.0	156.0	162.0	141.0	176.0	172.0	213.0	167.0	236.0	156.0	255.0	181.0	186.0	202.0	156.0	195.0	195.0	207.0	169.0	227.0	174.0	270.0	177.0	259.0	253.0	267.0	207.0	288.0	222.0	304.0	221.0	374.0	183.0	0
79.0	200.0	75.0	215.0	99.0	198.0	160.0	164.0	141.0	180.0	175.0	212.0	173.0	234.0	163.0	251.0	182.0	187.0	200.0	158.0	196.0	196.0	204.0	170.0	227.0	177.0	265.0	179.0	257.0	247.0	262.0	206.0	284.0	219.0	296.0	218.0	363.0	184.0	0
76.0	200.0	73.0	215.0	98.0	197.0	158.0	163.0	139.0	180.0	176.0	212.0	173.0	236.0	164.0	253.0	182.0	186.0	199.0	158.0	198.0	196.0	204.0	169.0	226.0	175.0	268.0	177.0	256.0	250.0	265.0	205.0	288.0	220.0	300.0	220.0	367.0	183.0	0
75.0	200.0	70.0	214.0	96.0	197.0	160.0	164.0	142.0	179.0	173.0	212.0	171.0	235.0	162.0	252.0	181.0	186.0	199.0	157.0	196.0	196.0	205.0	170.0	226.0	175.0	263.0	178.0	252.0	249.0	264.0	208.0	282.0	220.0	294.0	220.0	361.0	186.0	0
79.0	200.0	74.0	215.0	96.0	198.0	157.0	163.0	140.0	178.0	172.0	213.0	168.0	236.0	161.0	253.0	184.0	185.0	203.0	157.0	197.0	196.0	206.0	169.0	226.0	175.0	269.0	179.0	255.0	249.0	267.0	209.0	285.0	222.0	299.0	222.0	362.0	185.0	0
76.0	201.0	70.0	215.0	99.0	198.0	155.0	164.0	139.0	179.0	173.0	211.0	170.0	235.0	162.0	253.0	184.0	186.0	199.0	158.0	195.0	194.0	204.0	170.0	228.0	176.0	267.0	179.0	258.0	248.0	264.0	205.0	288.0	220.0	301.0	220.0	365.0	186.0	0
74.0	200.0	70.0	215.0	97.0	197.0	159.0	163.0	142.0	177.0	175.0	214.0	170.0	236.0	161.0	254.0	179.0	184.0	202.0	157.0	200.0	197.0	207.0	170.0	226.0	176.0	264.0	178.0	258.0	249.0	262.0	206.0	285.0	221.0	300.0	220.0	365.0	184.0	0
75.0	201.0	72.0	216.0	100.0	198.0	157.0	163.0	140.0	178.0	174.0	213.0	171.0	236.0	163.0	254.0	181.0	186.0	200.0	157.0	199.0	198.0	204.0	170.0	224.0	175.0	266.0	178.0	258.0	249.0	263.0	206.0	287.0	221.0	300.0	219.0	367.0	186.0	0
77.0	200.0	72.0	216.0	97.0	197.0	159.0	162.0	142.0	177.0	175.0	213.0	171.0	236.0	161.0	254.0	180.0	186.0	202.0	156.0	196.0	195.0	207.0	170.0	228.0	176.0	270.0	179.0	258.0	250.0	264.0	207.0	285.0	221.0	300.0	221.0	365.0	185.0	0
76.0	200.0	72.0	216.0	99.0	197.0	158.0	163.0	144.0	177.0	174.0	212.0	171.0	235.0	161.0	252.0	183.0	187.0	200.0	157.0	198.0	197.0	205.0	170.0	228.0	176.0	266.0	177.0	255.0	249.0	264.0	208.0	284.0	221.0	298.0	220.0	362.0	182.0	0
70.0	199.0	66.0	214.0	92.0	197.0	158.0	162.0	139.0	177.0	174.0	213.0	169.0	236.0	161.0	256.0	181.0	185.0	201.0	156.0	195.0	195.0	207.0	169.0	227.0	174.0	273.0	177.0	256.0	250.0	266.0	207.0	289.0	221.0	305.0	221.0	373.0	185.0	0
75.0	200.0	72.0	214.0	95.0	197.0	155.0	164.0	140.0	179.0	173.0	212.0	171.0	235.0	163.0	251.0	180.0	186.0	201.0	159.0	196.0	197.0	205.0	171.0	227.0	177.0	269.0	179.0	257.0	246.0	267.0	208.0	285.0	219.0	298.0	219.0	364.0	184.0	0
73.0	202.0	71.0	218.0	94.0	199.0	156.0	161.0	138.0	177.0	175.0	215.0	172.0	238.0	160.0	255.0	178.0	185.0	199.0	155.0	198.0	196.0	204.0	168.0	226.0	173.0	269.0	176.0	259.0	251.0	266.0	208.0	287.0	223.0	301.0	222.0	363.0	183.0	0
66.0	201.0	60.0	216.0	90.0	198.0	154.0	160.0	136.0	177.0	174.0	216.0	170.0	239.0	161.0	258.0	176.0	184.0	200.0	153.0	198.0	197.0	206.0	166.0	229.0	172.0	271.0	174.0	260.0	253.0	269.0	207.0	290.0	222.0	307.0	223.0	378.0	183.0	0
72.0	202.0	68.0	216.0	97.0	199.0	155.0	164.0	139.0	179.0	173.0	213.0	171.0	236.0	162.0	254.0	178.0	185.0	198.0	159.0	194.0	194.0	201.0	170.0	226.0	176.0	269.0	178.0	255.0	249.0	267.0	207.0	285.0	219.0	303.0	220.0	366.0	185.0	0
67.0	201.0	63.0	215.0	90.0	199.0	153.0	163.0	140.0	177.0	171.0	213.0	169.0	237.0	160.0	255.0	177.0	184.0	198.0	156.0	197.0	196.0	205.0	169.0	226.0	174.0	271.0	176.0	260.0	253.0	267.0	207.0	290.0	222.0	305.0	221.0	371.0	182.0	0
75.0	200.0	72.0	215.0	96.0	197.0	158.0	163.0	144.0	177.0	176.0	212.0	173.0	235.0	164.0	251.0	183.0	185.0	203.0	158.0	197.0	195.0	207.0	169.0	227.0	175.0	267.0	178.0	255.0	248.0	262.0	206.0	282.0	220.0	294.0	219.0	364.0	185.0	0
73.0	200.0	69.0	215.0	99.0	197.0	157.0	164.0	140.0	179.0	174.0	212.0	171.0	234.0	160.0	252.0	181.0	186.0	200.0	159.0	196.0	196.0	204.0	170.0	226.0	176.0	267.0	178.0	254.0	249.0	264.0	207.0	283.0	220.0	297.0	220.0	362.0	184.0	0
76.0	199.0	72.0	214.0	101.0	197.0	162.0	164.0	145.0	178.0	175.0	212.0	172.0	236.0	164.0	253.0	183.0	186.0	203.0	158.0	198.0	196.0	208.0	171.0	225.0	176.0	262.0	178.0	256.0	250.0	261.0	206.0	284.0	220.0	295.0	219.0	359.0	184.0	0
74.0	200.0	71.0	216.0	97.0	198.0	157.0	162.0	139.0	179.0	174.0	212.0	172.0	236.0	162.0	254.0	185.0	186.0	203.0	157.0	197.0	195.0	205.0	168.0	226.0	174.0	272.0	178.0	258.0	250.0	266.0	206.0	287.0	221.0	303.0	220.0	370.0	185.0	0
74.0	199.0	70.0	214.0	97.0	197.0	159.0	165.0	141.0	179.0	174.0	212.0	171.0	234.0	162.0	252.0	181.0	186.0	203.0	159.0	196.0	195.0	206.0	170.0	228.0	176.0	269.0	179.0	253.0	247.0	263.0	206.0	282.0	219.0	297.0	219.0	362.0	186.0	0
79.0	200.0	73.0	214.0	99.0	198.0	157.0	165.0	141.0	179.0	174.0	212.0	172.0	235.0	164.0	252.0	180.0	186.0	199.0	159.0	195.0	197.0	204.0	171.0	225.0	177.0	267.0	178.0	255.0	249.0	262.0	205.0	285.0	220.0	298.0	220.0	363.0	185.0	0
70.0	201.0	67.0	216.0	96.0	197.0	157.0	163.0	139.0	179.0	172.0	212.0	169.0	234.0	163.0	252.0	181.0	185.0	201.0	157.0	195.0	195.0	206.0	170.0	228.0	176.0	268.0	178.0	255.0	248.0	263.0	205.0	284.0	220.0	300.0	220.0	368.0	186.0	0
73.0	201.0	69.0	214.0	97.0	198.0	157.0	165.0	141.0	179.0	173.0	213.0	172.0	236.0	164.0	251.0	179.0	186.0	199.0	158.0	196.0	197.0	204.0	171.0	227.0	176.0	268.0	179.0	256.0	248.0	267.0	206.0	286.0	219.0	301.0	219.0	368.0	184.0	0
72.0	199.0	69.0	215.0	93.0	197.0	156.0	163.0	138.0	179.0	173.0	213.0	169.0	236.0	159.0	252.0	180.0	186.0	199.0	157.0	195.0	196.0	202.0	169.0	223.0	175.0	268.0	178.0	253.0	251.0	266.0	209.0	285.0	221.0	301.0	222.0	366.0	182.0	0
73.0	201.0	69.0	215.0	97.0	198.0	156.0	165.0	141.0	180.0	174.0	212.0	173.0	236.0	166.0	253.0	180.0	187.0	200.0	159.0	196.0	197.0	205.0	171.0	225.0	175.0	266.0	177.0	260.0	248.0	265.0	207.0	284.0	220.0	300.0	218.0	366.0	183.0	0
77.0	200.0	74.0	214.0	99.0	198.0	159.0	165.0	143.0	179.0	174.0	212.0	174.0	234.0	167.0	251.0	182.0	186.0	201.0	159.0	195.0	195.0	207.0	171.0	228.0	176.0	267.0	179.0	251.0	246.0	260.0	206.0	280.0	218.0	294.0	219.0	363.0	188.0	0
74.0	202.0	71.0	216.0	98.0	199.0	154.0	164.0	138.0	178.0	176.0	214.0	172.0	236.0	163.0	253.0	180.0	185.0	200.0	158.0	196.0	196.0	203.0	169.0	230.0	176.0	270.0	177.0	258.0	249.0	266.0	207.0	287.0	220.0	299.0	220.0	369.0	183.0	0
73.0	200.0	68.0	214.0	101.0	197.0	157.0	164.0	141.0	179.0	174.0	212.0	171.0	235.0	162.0	253.0	180.0	186.0	199.0	157.0	197.0	196.0	204.0	170.0	224.0	175.0	266.0	177.0	256.0	247.0	263.0	206.0	285.0	219.0	299.0	219.0	363.0	183.0	0
79.0	200.0	75.0	216.0	99.0	198.0	158.0	164.0	140.0	179.0	174.0	214.0	170.0	236.0	162.0	253.0	179.0	186.0	201.0	158.0	196.0	197.0	205.0	170.0	225.0	175.0	264.0	178.0	254.0	251.0	261.0	206.0	285.0	221.0	299.0	221.0	366.0	185.0	0
74.0	200.0	70.0	216.0	97.0	197.0	156.0	163.0	140.0	178.0	173.0	213.0	172.0	237.0	163.0	254.0	182.0	185.0	200.0	156.0	198.0	197.0	205.0	169.0	228.0	176.0	267.0	178.0	256.0	249.0	265.0	206.0	285.0	221.0	301.0	220.0	365.0	184.0	0
74.0	199.0	71.0	216.0	98.0	196.0	157.0	163.0	142.0	177.0	173.0	213.0	169.0	237.0	158.0	255.0	180.0	185.0	198.0	156.0	197.0	197.0	203.0	169.0	224.0	174.0	270.0	176.0	253.0	252.0	265.0	208.0	284.0	221.0	299.0	221.0	365.0	183.0	0
70.0	200.0	67.0	214.0	96.0	197.0	156.0	163.0	139.0	179.0	173.0	213.0	170.0	237.0	161.0	254.0	182.0	185.0	200.0	158.0	197.0	196.0	205.0	170.0	226.0	175.0	266.0	176.0	259.0	250.0	267.0	206.0	289.0	220.0	302.0	219.0	367.0	182.0	0
76.0	200.0	72.0	215.0	97.0	197.0	156.0	164.0	140.0	178.0	175.0	212.0	172.0	234.0	163.0	252.0	179.0	184.0	198.0	158.0	198.0	196.0	203.0	170.0	225.0	176.0	268.0	179.0	255.0	247.0	265.0	207.0	285.0	219.0	298.0	219.0	363.0	184.0	0
75.0	201.0	72.0	215.0	93.0	198.0	155.0	165.0	137.0	180.0	170.0	212.0	170.0	235.0	161.0	252.0	179.0	186.0	197.0	159.0	193.0	195.0	201.0	170.0	225.0	175.0	268.0	177.0	257.0	249.0	268.0	208.0	287.0	220.0	302.0	220.0	367.0	183.0	0
70.0	199.0	66.0	216.0	96.0	196.0	155.0	162.0	138.0	177.0	174.0	212.0	171.0	237.0	162.0	257.0	180.0	185.0	201.0	156.0	199.0	197.0	205.0	169.0	228.0	175.0	269.0	177.0	260.0	251.0	268.0	208.0	288.0	220.0	304.0	219.0	371.0	182.0	0
74.0	200.0	70.0	214.0	97.0	198.0	157.0	164.0	140.0	179.0	175.0	213.0	172.0	236.0	163.0	253.0	180.0	186.0	202.0	158.0	195.0	196.0	205.0	170.0	227.0	175.0	270.0	178.0	258.0	251.0	268.0	208.0	287.0	220.0	300.0	220.0	363.0	182.0	0
66.0	202.0	62.0	216.0	91.0	198.0	155.0	163.0	135.0	179.0	170.0	212.0	168.0	236.0	160.0	254.0	177.0	185.0	198.0	156.0	192.0	194.0	203.0	168.0	224.0	173.0	273.0	177.0	259.0	250.0	268.0	206.0	289.0	220.0	307.0	220.0	376.0	183.0	0
74.0	201.0	70.0	215.0	92.0	198.0	155.0	164.0	136.0	179.0	174.0	212.0	173.0	236.0	166.0	253.0	178.0	185.0	201.0	158.0	194.0	195.0	204.0	169.0	225.0	175.0	268.0	178.0	259.0	246.0	265.0	206.0	286.0	220.0	298.0	220.0	367.0	183.0	0
75.0	201.0	73.0	218.0	97.0	198.0	156.0	163.0	141.0	178.0	173.0	212.0	170.0	236.0	162.0	253.0	181.0	185.0	198.0	156.0	195.0	195.0	203.0	169.0	223.0	174.0	265.0	175.0	254.0	250.0	262.0	205.0	287.0	221.0	299.0	220.0	368.0	186.0	0
77.0	199.0	73.0	215.0	95.0	197.0	158.0	163.0	140.0	178.0	173.0	213.0	169.0	235.0	160.0	253.0	180.0	185.0	200.0	158.0	196.0	196.0	206.0	170.0	228.0	176.0	266.0	178.0	255.0	250.0	264.0	207.0	284.0	220.0	298.0	220.0	363.0	184.0	0
74.0	201.0	71.0	216.0	97.0	198.0	154.0	164.0	138.0	179.0	175.0	213.0	171.0	236.0	162.0	252.0	177.0	185.0	201.0	158.0	199.0	198.0	204.0	169.0	226.0	175.0	267.0	177.0	258.0	248.0	265.0	205.0	284.0	219.0	300.0	220.0	368.0	185.0	0
76.0	200.0	72.0	215.0	97.0	198.0	160.0	163.0	141.0	179.0	173.0	215.0	170.0	236.0	163.0	253.0	178.0	185.0	202.0	158.0	197.0	197.0	204.0	168.0	223.0	173.0	267.0	176.0	259.0	249.0	265.0	206.0	288.0	220.0	300.0	219.0	364.0	183.0	0
71.0	199.0	67.0	215.0	95.0	197.0	157.0	162.0	138.0	178.0	174.0	214.0	170.0	237.0	162.0	255.0	181.0	186.0	202.0	155.0	197.0	196.0	205.0	168.0	227.0	174.0	270.0	176.0	260.0	250.0	271.0	208.0	292.0	221.0	306.0	220.0	370.0	182.0	0
76.0	201.0	72.0	216.0	98.0	198.0	157.0	164.0	141.0	178.0	172.0	212.0	168.0	234.0	160.0	252.0	179.0	187.0	198.0	158.0	196.0	197.0	202.0	170.0	223.0	175.0	267.0	178.0	254.0	249.0	264.0	207.0	285.0	220.0	300.0	220.0	361.0	184.0	0
73.0	200.0	69.0	215.0	95.0	198.0	156.0	163.0	138.0	179.0	173.0	213.0	170.0	236.0	160.0	253.0	179.0	185.0	201.0	157.0	196.0	196.0	205.0	169.0	228.0	175.0	266.0	178.0	257.0	250.0	264.0	206.0	286.0	221.0	301.0	221.0	367.0	184.0	0
73.0	201.0	69.0	216.0	97.0	198.0	156.0	163.0	138.0	179.0	172.0	212.0	169.0	235.0	161.0	253.0	181.0	186.0	199.0	157.0	194.0	196.0	202.0	169.0	228.0	175.0	270.0	177.0	257.0	249.0	267.0	207.0	286.0	220.0	303.0	220.0	364.0	181.0	0
76.0	200.0	73.0	216.0	94.0	198.0	157.0	163.0	142.0	177.0	173.0	213.0	171.0	235.0	162.0	251.0	177.0	184.0	198.0	158.0	191.0	194.0	202.0	170.0	225.0	175.0	273.0	179.0	254.0	249.0	264.0	206.0	286.0	220.0	301.0	220.0	368.0	183.0	0
76.0	200.0	71.0	215.0	98.0	198.0	157.0	163.0	139.0	180.0	175.0	214.0	171.0	236.0	161.0	253.0	179.0	186.0	200.0	157.0	196.0	196.0	204.0	169.0	225.0	175.0	266.0	177.0	255.0	252.0	265.0	207.0	287.0	221.0	301.0	221.0	369.0	184.0	0
76.0	200.0	72.0	216.0	96.0	198.0	156.0	162.0	139.0	178.0	173.0	214.0	172.0	238.0	163.0	256.0	178.0	185.0	201.0	156.0	195.0	196.0	204.0	168.0	223.0	173.0	266.0	176.0	255.0	252.0	266.0	208.0	288.0	221.0	302.0	221.0	366.0	183.0	0
75.0	200.0	72.0	214.0	98.0	197.0	157.0	163.0	141.0	179.0	175.0	212.0	172.0	236.0	161.0	252.0	182.0	186.0	201.0	158.0	197.0	196.0	205.0	170.0	228.0	176.0	271.0	178.0	254.0	249.0	265.0	206.0	285.0	219.0	299.0	220.0	366.0	183.0	0
80.0	201.0	77.0	215.0	103.0	197.0	159.0	165.0	142.0	179.0	175.0	213.0	172.0	235.0	165.0	250.0	182.0	187.0	200.0	159.0	195.0	197.0	204.0	171.0	228.0	178.0	268.0	180.0	252.0	247.0	259.0	205.0	278.0	219.0	294.0	220.0	363.0	186.0	0
79.0	201.0	74.0	215.0	100.0	199.0	161.0	165.0	145.0	178.0	173.0	212.0	170.0	235.0	162.0	251.0	180.0	185.0	200.0	158.0	197.0	197.0	203.0	170.0	225.0	176.0	263.0	179.0	254.0	247.0	262.0	206.0	281.0	220.0	295.0	220.0	361.0	187.0	0
76.0	200.0	72.0	215.0	99.0	197.0	157.0	165.0	142.0	179.0	173.0	213.0	170.0	235.0	161.0	251.0	181.0	187.0	200.0	159.0	193.0	196.0	204.0	171.0	224.0	177.0	267.0	179.0	257.0	247.0	260.0	205.0	284.0	219.0	298.0	219.0	363.0	184.0	0
73.0	200.0	68.0	216.0	94.0	197.0	158.0	161.0	139.0	178.0	172.0	213.0	168.0	237.0	157.0	256.0	181.0	186.0	200.0	156.0	193.0	196.0	204.0	169.0	224.0	174.0	272.0	178.0	257.0	253.0	266.0	207.0	291.0	222.0	304.0	222.0	366.0	183.0	0
71.0	201.0	67.0	217.0	95.0	197.0	157.0	161.0	139.0	177.0	173.0	213.0	170.0	237.0	161.0	255.0	183.0	185.0	204.0	155.0	196.0	195.0	207.0	168.0	227.0	174.0	267.0	176.0	261.0	253.0	266.0	206.0	291.0	222.0	305.0	222.0	376.0	183.0	0
75.0	201.0	70.0	215.0	95.0	198.0	160.0	164.0	143.0	178.0	178.0	215.0	173.0	238.0	165.0	254.0	181.0	185.0	202.0	158.0	198.0	197.0	205.0	169.0	226.0	175.0	268.0	177.0	260.0	249.0	266.0	206.0	289.0	221.0	300.0	220.0	366.0	185.0	0
71.0	203.0	66.0	217.0	89.0	200.0	156.0	164.0	140.0	179.0	174.0	214.0	171.0	236.0	162.0	253.0	177.0	185.0	200.0	157.0	196.0	196.0	204.0	169.0	225.0	174.0	265.0	176.0	259.0	252.0	268.0	206.0	291.0	222.0	305.0	222.0	370.0	183.0	0
81.0	201.0	76.0	214.0	99.0	198.0	157.0	164.0	141.0	180.0	174.0	212.0	173.0	236.0	165.0	251.0	180.0	186.0	200.0	158.0	197.0	197.0	205.0	171.0	226.0	177.0	266.0	179.0	254.0	247.0	262.0	207.0	282.0	219.0	295.0	219.0	359.0	185.0	0
76.0	202.0	75.0	218.0	98.0	198.0	153.0	165.0	136.0	179.0	172.0	211.0	170.0	234.0	162.0	252.0	177.0	185.0	198.0	158.0	194.0	196.0	203.0	169.0	225.0	175.0	269.0	178.0	255.0	248.0	261.0	205.0	284.0	220.0	299.0	220.0	366.0	186.0	0
74.0	201.0	70.0	215.0	95.0	199.0	156.0	163.0	137.0	179.0	174.0	213.0	172.0	236.0	162.0	253.0	179.0	185.0	200.0	157.0	196.0	196.0	205.0	169.0	227.0	175.0	267.0	178.0	257.0	251.0	266.0	206.0	285.0	220.0	298.0	220.0	364.0	185.0	0
79.0	202.0	78.0	217.0	100.0	198.0	157.0	164.0	140.0	179.0	175.0	213.0	171.0	234.0	161.0	252.0	179.0	186.0	199.0	158.0	196.0	196.0	203.0	170.0	221.0	175.0	268.0	178.0	253.0	249.0	261.0	206.0	287.0	222.0	300.0	220.0	365.0	185.0	0
81.0	200.0	74.0	214.0	100.0	198.0	162.0	163.0	143.0	179.0	175.0	213.0	172.0	236.0	164.0	252.0	180.0	185.0	203.0	157.0	197.0	197.0	207.0	169.0	225.0	175.0	270.0	178.0	256.0	249.0	262.0	207.0	281.0	221.0	295.0	221.0	360.0	185.0	0
79.0	199.0	74.0	215.0	99.0	197.0	162.0	163.0	145.0	177.0	176.0	214.0	171.0	235.0	161.0	252.0	182.0	185.0	203.0	157.0	199.0	197.0	207.0	169.0	227.0	176.0	265.0	178.0	256.0	250.0	266.0	208.0	287.0	222.0	299.0	221.0	367.0	184.0	0
74.0	199.0	71.0	215.0	98.0	196.0	161.0	162.0	144.0	177.0	174.0	214.0	170.0	237.0	161.0	253.0	184.0	186.0	203.0	157.0	199.0	196.0	207.0	169.0	228.0	174.0	270.0	178.0	256.0	250.0	267.0	208.0	286.0	220.0	298.0	220.0	362.0	184.0	0
70.0	200.0	64.0	214.0	93.0	197.0	154.0	165.0	137.0	179.0	173.0	212.0	170.0	234.0	162.0	251.0	180.0	187.0	201.0	159.0	197.0	198.0	205.0	170.0	228.0	176.0	268.0	178.0	260.0	247.0	269.0	207.0	287.0	219.0	303.0	219.0	374.0	185.0	0
75.0	200.0	71.0	214.0	96.0	198.0	157.0	165.0	138.0	180.0	172.0	212.0	169.0	233.0	163.0	250.0	180.0	187.0	200.0	159.0	195.0	197.0	203.0	170.0	228.0	177.0	274.0	180.0	258.0	245.0	264.0	206.0	282.0	219.0	299.0	219.0	363.0	186.0	0
70.0	201.0	67.0	218.0	91.0	198.0	156.0	161.0	137.0	177.0	175.0	215.0	172.0	238.0	163.0	256.0	178.0	184.0	201.0	155.0	199.0	197.0	204.0	167.0	225.0	172.0	268.0	174.0	260.0	250.0	269.0	207.0	289.0	220.0	304.0	220.0	374.0	186.0	0
79.0	199.0	74.0	214.0	99.0	197.0	159.0	164.0	143.0	179.0	174.0	213.0	170.0	236.0	161.0	253.0	178.0	185.0	203.0	158.0	200.0	198.0	205.0	170.0	225.0	175.0	263.0	178.0	255.0	248.0	259.0	206.0	281.0	221.0	294.0	220.0	359.0	185.0	0
62.0	200.0	56.0	216.0	89.0	198.0	152.0	160.0	136.0	176.0	172.0	215.0	168.0	240.0	160.0	259.0	179.0	184.0	201.0	154.0	198.0	196.0	206.0	167.0	228.0	173.0	275.0	175.0	264.0	254.0	273.0	208.0	292.0	221.0	312.0	222.0	382.0	182.0	0
71.0	200.0	66.0	215.0	95.0	197.0	160.0	162.0	141.0	178.0	174.0	214.0	170.0	237.0	160.0	255.0	181.0	185.0	201.0	155.0	197.0	196.0	206.0	168.0	224.0	173.0	269.0	177.0	255.0	251.0	266.0	208.0	286.0	221.0	299.0	221.0	370.0	186.0	0
78.0	201.0	75.0	215.0	100.0	198.0	158.0	165.0	141.0	180.0	174.0	214.0	173.0	237.0	167.0	253.0	180.0	187.0	200.0	158.0	193.0	196.0	203.0	171.0	224.0	175.0	264.0	178.0	257.0	248.0	266.0	207.0	284.0	219.0	298.0	219.0	364.0	184.0	0
78.0	199.0	74.0	215.0	98.0	197.0	156.0	165.0	140.0	179.0	172.0	213.0	170.0	235.0	161.0	253.0	182.0	186.0	203.0	159.0	195.0	196.0	206.0	170.0	227.0	176.0	263.0	178.0	256.0	249.0	264.0	208.0	283.0	220.0	299.0	220.0	363.0	184.0	0
77.0	200.0	72.0	215.0	98.0	198.0	161.0	164.0	142.0	179.0	175.0	212.0	173.0	233.0	163.0	250.0	181.0	185.0	203.0	159.0	198.0	196.0	207.0	170.0	227.0	176.0	268.0	177.0	258.0	247.0	267.0	206.0	288.0	219.0	301.0	219.0	365.0	185.0	0
73.0	201.0	70.0	217.0	94.0	198.0	158.0	162.0	141.0	178.0	174.0	213.0	172.0	236.0	162.0	254.0	179.0	185.0	199.0	155.0	196.0	196.0	203.0	168.0	226.0	174.0	268.0	176.0	254.0	250.0	263.0	206.0	287.0	221.0	304.0	221.0	370.0	186.0	0
81.0	201.0	77.0	216.0	102.0	198.0	159.0	165.0	144.0	179.0	175.0	212.0	172.0	234.0	165.0	251.0	181.0	187.0	198.0	160.0	197.0	197.0	203.0	172.0	222.0	177.0	262.0	179.0	253.0	247.0	261.0	207.0	280.0	219.0	294.0	219.0	357.0	185.0	0
77.0	202.0	75.0	217.0	98.0	199.0	157.0	165.0	140.0	179.0	174.0	211.0	172.0	234.0	163.0	251.0	179.0	186.0	197.0	159.0	196.0	195.0	201.0	170.0	225.0	176.0	269.0	178.0	258.0	247.0	265.0	205.0	286.0	218.0	300.0	217.0	364.0	185.0	0
74.0	201.0	69.0	217.0	96.0	198.0	156.0	163.0	138.0	177.0	173.0	213.0	171.0	237.0	163.0	255.0	178.0	185.0	201.0	156.0	197.0	196.0	204.0	168.0	227.0	175.0	263.0	177.0	257.0	251.0	266.0	207.0	286.0	221.0	300.0	221.0	368.0	184.0	0
68.0	200.0	65.0	216.0	92.0	196.0	153.0	163.0	139.0	177.0	175.0	213.0	174.0	238.0	166.0	255.0	178.0	184.0	201.0	156.0	196.0	195.0	204.0	167.0	227.0	173.0	271.0	175.0	266.0	251.0	273.0	207.0	293.0	220.0	308.0	219.0	375.0	179.0	0
74.0	200.0	69.0	215.0	93.0	199.0	158.0	162.0	141.0	179.0	176.0	213.0	173.0	237.0	165.0	254.0	183.0	185.0	203.0	157.0	197.0	195.0	207.0	170.0	226.0	175.0	266.0	178.0	259.0	248.0	265.0	207.0	285.0	220.0	299.0	220.0	368.0	187.0	0
72.0	200.0	68.0	216.0	92.0	198.0	154.0	163.0	138.0	178.0	174.0	212.0	171.0	236.0	159.0	254.0	179.0	186.0	199.0	157.0	198.0	197.0	204.0	170.0	225.0	175.0	272.0	178.0	256.0	250.0	267.0	206.0	289.0	220.0	303.0	220.0	367.0	186.0	0
76.0	200.0	72.0	215.0	97.0	198.0	155.0	164.0	141.0	178.0	175.0	211.0	172.0	233.0	163.0	251.0	181.0	185.0	200.0	157.0	198.0	196.0	205.0	170.0	224.0	174.0	270.0	178.0	256.0	246.0	267.0	206.0	285.0	219.0	300.0	219.0	363.0	186.0	0
78.0	203.0	73.0	217.0	99.0	199.0	158.0	165.0	143.0	179.0	175.0	212.0	174.0	236.0	166.0	252.0	176.0	185.0	200.0	159.0	195.0	195.0	203.0	171.0	223.0	176.0	266.0	179.0	255.0	246.0	263.0	206.0	283.0	220.0	297.0	220.0	361.0	185.0	0
79.0	201.0	75.0	217.0	99.0	198.0	156.0	163.0	138.0	178.0	173.0	214.0	171.0	236.0	163.0	253.0	178.0	185.0	197.0	158.0	195.0	196.0	201.0	170.0	222.0	175.0	267.0	177.0	259.0	249.0	264.0	205.0	287.0	219.0	301.0	219.0	366.0	184.0	0
78.0	200.0	76.0	215.0	102.0	197.0	160.0	162.0	143.0	179.0	176.0	213.0	172.0	235.0	163.0	251.0	179.0	185.0	200.0	158.0	197.0	197.0	205.0	170.0	226.0	175.0	264.0	178.0	251.0	248.0	262.0	206.0	282.0	220.0	295.0	220.0	358.0	186.0	0
73.0	201.0	71.0	216.0	92.0	198.0	154.0	163.0	136.0	178.0	174.0	214.0	170.0	235.0	161.0	253.0	180.0	185.0	200.0	157.0	195.0	195.0	203.0	168.0	226.0	175.0	272.0	177.0	258.0	249.0	265.0	205.0	288.0	221.0	303.0	221.0	368.0	184.0	0
78.0	201.0	75.0	215.0	100.0	197.0	159.0	164.0	143.0	179.0	174.0	212.0	172.0	233.0	162.0	250.0	178.0	186.0	199.0	158.0	195.0	196.0	205.0	170.0	228.0	176.0	265.0	178.0	254.0	248.0	263.0	208.0	280.0	219.0	294.0	219.0	362.0	185.0	0
61.0	199.0	55.0	215.0	83.0	197.0	155.0	158.0	137.0	175.0	170.0	214.0	166.0	238.0	155.0	257.0	176.0	183.0	202.0	152.0	196.0	195.0	206.0	166.0	229.0	172.0	276.0	176.0	263.0	257.0	272.0	208.0	295.0	223.0	308.0	224.0	383.0	183.0	0
78.0	200.0	75.0	215.0	100.0	197.0	159.0	163.0	143.0	179.0	175.0	214.0	173.0	236.0	164.0	253.0	182.0	186.0	202.0	158.0	197.0	197.0	206.0	170.0	228.0	177.0	266.0	178.0	257.0	250.0	263.0	206.0	286.0	221.0	297.0	220.0	364.0	184.0	0
75.0	201.0	71.0	215.0	98.0	198.0	158.0	164.0	142.0	178.0	175.0	212.0	172.0	234.0	163.0	252.0	179.0	185.0	200.0	158.0	198.0	198.0	205.0	171.0	226.0	176.0	268.0	178.0	255.0	250.0	267.0	207.0	285.0	219.0	298.0	219.0	364.0	185.0	0
75.0	201.0	70.0	215.0	100.0	198.0	158.0	164.0	141.0	180.0	174.0	212.0	172.0	234.0	163.0	252.0	179.0	186.0	202.0	159.0	195.0	196.0	206.0	171.0	226.0	176.0	265.0	179.0	253.0	249.0	263.0	206.0	283.0	219.0	298.0	220.0	362.0	185.0	0
75.0	201.0	69.0	215.0	97.0	199.0	156.0	163.0	139.0	179.0	174.0	212.0	171.0	236.0	163.0	253.0	181.0	187.0	201.0	157.0	198.0	198.0	206.0	170.0	229.0	176.0	270.0	178.0	257.0	249.0	265.0	207.0	286.0	220.0	300.0	220.0	369.0	185.0	0
75.0	201.0	72.0	215.0	97.0	198.0	157.0	164.0	141.0	179.0	175.0	213.0	170.0	235.0	161.0	251.0	180.0	185.0	202.0	158.0	200.0	197.0	206.0	170.0	225.0	176.0	265.0	178.0	256.0	249.0	265.0	208.0	286.0	221.0	300.0	221.0	363.0	183.0	0
72.0	201.0	68.0	216.0	97.0	198.0	154.0	164.0	138.0	178.0	171.0	213.0	169.0	235.0	162.0	255.0	176.0	184.0	200.0	157.0	194.0	195.0	203.0	169.0	225.0	175.0	271.0	178.0	259.0	249.0	265.0	204.0	289.0	220.0	304.0	220.0	376.0	185.0	0
71.0	200.0	68.0	215.0	94.0	196.0	156.0	162.0	139.0	177.0	174.0	212.0	168.0	236.0	158.0	253.0	179.0	184.0	202.0	156.0	195.0	195.0	205.0	169.0	228.0	175.0	267.0	177.0	259.0	250.0	263.0	206.0	288.0	221.0	302.0	221.0	373.0	185.0	0
78.0	201.0	76.0	216.0	100.0	198.0	159.0	165.0	142.0	179.0	173.0	212.0	170.0	234.0	162.0	251.0	177.0	185.0	200.0	159.0	194.0	196.0	203.0	170.0	224.0	176.0	266.0	178.0	257.0	248.0	263.0	205.0	287.0	220.0	300.0	220.0	364.0	184.0	0
74.0	200.0	70.0	214.0	98.0	198.0	156.0	164.0	139.0	180.0	174.0	212.0	172.0	235.0	163.0	254.0	180.0	186.0	199.0	158.0	196.0	196.0	203.0	170.0	227.0	176.0	268.0	177.0	258.0	248.0	266.0	206.0	287.0	220.0	301.0	220.0	368.0	182.0	0
78.0	201.0	74.0	214.0	98.0	199.0	157.0	166.0	140.0	181.0	174.0	212.0	171.0	233.0	164.0	249.0	177.0	187.0	200.0	160.0	196.0	198.0	204.0	171.0	226.0	177.0	268.0	179.0	261.0	245.0	264.0	205.0	286.0	219.0	300.0	218.0	363.0	183.0	0
75.0	201.0	73.0	216.0	98.0	198.0	155.0	164.0	139.0	180.0	174.0	213.0	173.0	236.0	167.0	254.0	178.0	185.0	200.0	156.0	197.0	197.0	205.0	169.0	225.0	175.0	267.0	177.0	260.0	248.0	263.0	206.0	286.0	221.0	300.0	220.0	361.0	183.0	0
75.0	202.0	72.0	215.0	99.0	199.0	159.0	166.0	142.0	180.0	173.0	211.0	171.0	234.0	165.0	250.0	183.0	187.0	201.0	159.0	196.0	196.0	206.0	171.0	226.0	176.0	266.0	178.0	256.0	246.0	264.0	206.0	285.0	220.0	301.0	219.0	362.0	186.0	0
74.0	200.0	71.0	214.0	97.0	198.0	160.0	164.0	141.0	179.0	175.0	213.0	171.0	236.0	162.0	251.0	182.0	186.0	202.0	158.0	197.0	197.0	206.0	170.0	228.0	176.0	267.0	177.0	258.0	247.0	264.0	206.0	287.0	220.0	298.0	219.0	365.0	186.0	0
69.0	200.0	66.0	216.0	92.0	197.0	156.0	161.0	139.0	176.0	173.0	214.0	169.0	238.0	159.0	256.0	178.0	184.0	199.0	155.0	195.0	196.0	204.0	168.0	226.0	173.0	270.0	176.0	257.0	253.0	264.0	207.0	287.0	222.0	302.0	222.0	370.0	184.0	0
75.0	201.0	71.0	215.0	97.0	197.0	152.0	165.0	138.0	178.0	172.0	212.0	171.0	236.0	162.0	252.0	176.0	185.0	203.0	159.0	195.0	196.0	206.0	169.0	229.0	176.0	269.0	178.0	256.0	247.0	266.0	207.0	284.0	220.0	298.0	220.0	365.0	185.0	0
74.0	200.0	70.0	214.0	98.0	197.0	160.0	163.0	145.0	177.0	173.0	213.0	169.0	235.0	159.0	252.0	183.0	186.0	203.0	158.0	198.0	197.0	208.0	170.0	229.0	176.0	268.0	179.0	259.0	249.0	263.0	206.0	286.0	221.0	300.0	221.0	366.0	185.0	0
74.0	200.0	69.0	214.0	96.0	198.0	158.0	163.0	140.0	178.0	175.0	213.0	173.0	236.0	164.0	254.0	178.0	184.0	201.0	157.0	198.0	197.0	204.0	169.0	227.0	175.0	270.0	178.0	256.0	249.0	266.0	206.0	285.0	219.0	301.0	220.0	365.0	185.0	0
75.0	201.0	73.0	217.0	95.0	198.0	156.0	164.0	140.0	179.0	177.0	213.0	173.0	236.0	164.0	252.0	181.0	186.0	199.0	158.0	199.0	196.0	203.0	170.0	225.0	176.0	265.0	178.0	257.0	249.0	263.0	205.0	287.0	220.0	302.0	220.0	367.0	183.0	0
75.0	202.0	71.0	217.0	96.0	199.0	153.0	162.0	136.0	178.0	174.0	213.0	171.0	236.0	162.0	254.0	180.0	185.0	198.0	157.0	195.0	195.0	203.0	169.0	222.0	174.0	264.0	176.0	258.0	250.0	266.0	206.0	288.0	220.0	301.0	220.0	363.0	182.0	0
72.0	201.0	68.0	215.0	95.0	198.0	156.0	163.0	139.0	179.0	174.0	213.0	169.0	236.0	162.0	253.0	177.0	186.0	200.0	157.0	197.0	198.0	204.0	169.0	226.0	175.0	267.0	177.0	257.0	250.0	265.0	207.0	284.0	220.0	300.0	219.0	372.0	185.0	0
79.0	202.0	76.0	214.0	99.0	198.0	159.0	167.0	145.0	179.0	175.0	212.0	171.0	233.0	163.0	248.0	181.0	186.0	201.0	160.0	196.0	196.0	205.0	172.0	225.0	176.0	265.0	179.0	253.0	245.0	261.0	205.0	283.0	219.0	297.0	220.0	360.0	186.0	0
75.0	201.0	72.0	216.0	96.0	198.0	155.0	165.0	138.0	179.0	175.0	212.0	172.0	235.0	164.0	252.0	178.0	185.0	201.0	159.0	197.0	196.0	205.0	171.0	228.0	176.0	270.0	178.0	261.0	248.0	267.0	206.0	288.0	220.0	301.0	219.0	364.0	185.0	0
74.0	200.0	69.0	215.0	95.0	197.0	158.0	164.0	141.0	178.0	175.0	214.0	170.0	235.0	162.0	252.0	179.0	185.0	202.0	158.0	194.0	195.0	204.0	169.0	227.0	175.0	270.0	178.0	257.0	248.0	265.0	207.0	286.0	221.0	299.0	220.0	366.0	184.0	0
76.0	200.0	72.0	214.0	96.0	197.0	158.0	164.0	140.0	179.0	173.0	213.0	170.0	234.0	163.0	252.0	182.0	186.0	201.0	158.0	197.0	197.0	206.0	171.0	227.0	176.0	267.0	178.0	255.0	249.0	263.0	207.0	283.0	221.0	297.0	221.0	359.0	184.0	0
77.0	200.0	71.0	213.0	96.0	199.0	161.0	164.0	141.0	179.0	175.0	214.0	172.0	236.0	164.0	253.0	182.0	186.0	200.0	158.0	197.0	196.0	205.0	170.0	224.0	175.0	266.0	178.0	258.0	248.0	266.0	206.0	285.0	218.0	299.0	218.0	362.0	183.0	0
67.0	201.0	64.0	217.0	91.0	198.0	153.0	162.0	136.0	178.0	172.0	212.0	168.0	236.0	157.0	255.0	177.0	184.0	199.0	156.0	197.0	196.0	203.0	168.0	229.0	175.0	274.0	177.0	261.0	251.0	269.0	206.0	292.0	221.0	306.0	220.0	375.0	183.0	0
75.0	199.0	70.0	215.0	96.0	197.0	159.0	162.0	140.0	177.0	173.0	213.0	170.0	236.0	161.0	253.0	178.0	184.0	201.0	157.0	195.0	196.0	205.0	170.0	227.0	176.0	270.0	178.0	256.0	251.0	264.0	207.0	286.0	221.0	301.0	221.0	364.0	184.0	0
76.0	201.0	72.0	215.0	96.0	198.0	154.0	165.0	140.0	179.0	175.0	213.0	174.0	237.0	165.0	254.0	180.0	186.0	200.0	159.0	196.0	196.0	204.0	171.0	226.0	177.0	263.0	178.0	258.0	248.0	262.0	206.0	286.0	220.0	300.0	219.0	365.0	182.0	0
82.0	199.0	77.0	216.0	100.0	197.0	161.0	161.0	144.0	178.0	172.0	213.0	169.0	236.0	161.0	253.0	179.0	184.0	202.0	156.0	196.0	196.0	207.0	170.0	225.0	175.0	265.0	179.0	253.0	250.0	261.0	207.0	282.0	221.0	294.0	220.0	364.0	187.0	0
68.0	200.0	64.0	216.0	93.0	198.0	154.0	163.0	136.0	180.0	172.0	213.0	171.0	236.0	163.0	255.0	179.0	186.0	198.0	157.0	196.0	196.0	203.0	170.0	225.0	176.0	268.0	178.0	260.0	249.0	265.0	206.0	289.0	220.0	305.0	220.0	373.0	183.0	0
76.0	201.0	70.0	216.0	99.0	198.0	157.0	164.0	139.0	179.0	174.0	213.0	172.0	235.0	164.0	252.0	179.0	186.0	201.0	157.0	197.0	197.0	205.0	169.0	225.0	175.0	266.0	177.0	260.0	247.0	265.0	207.0	288.0	220.0	301.0	220.0	368.0	185.0	0
74.0	201.0	71.0	217.0	96.0	199.0	157.0	163.0	140.0	179.0	173.0	214.0	171.0	237.0	164.0	253.0	178.0	185.0	200.0	157.0	196.0	197.0	204.0	169.0	227.0	175.0	267.0	178.0	258.0	248.0	262.0	205.0	286.0	220.0	300.0	220.0	364.0	183.0	0
74.0	201.0	69.0	214.0	97.0	198.0	157.0	164.0	140.0	179.0	174.0	212.0	171.0	236.0	164.0	252.0	182.0	186.0	199.0	158.0	200.0	198.0	203.0	170.0	226.0	176.0	267.0	177.0	256.0	249.0	265.0	207.0	285.0	220.0	300.0	221.0	363.0	183.0	0
73.0	202.0	70.0	216.0	94.0	199.0	155.0	162.0	137.0	177.0	173.0	213.0	171.0	238.0	162.0	255.0	179.0	184.0	200.0	155.0	196.0	196.0	204.0	168.0	227.0	174.0	267.0	177.0	260.0	250.0	267.0	207.0	286.0	220.0	301.0	220.0	371.0	186.0	0
74.0	200.0	68.0	216.0	97.0	197.0	156.0	163.0	136.0	180.0	174.0	214.0	173.0	238.0	163.0	256.0	179.0	186.0	198.0	156.0	193.0	196.0	204.0	169.0	225.0	173.0	267.0	176.0	258.0	251.0	266.0	208.0	288.0	221.0	301.0	221.0	367.0	182.0	0
76.0	200.0	73.0	218.0	99.0	197.0	157.0	162.0	142.0	177.0	171.0	212.0	169.0	235.0	159.0	254.0	183.0	186.0	199.0	157.0	195.0	195.0	203.0	169.0	224.0	174.0	271.0	178.0	253.0	249.0	265.0	207.0	284.0	221.0	301.0	222.0	368.0	185.0	0
75.0	202.0	71.0	217.0	96.0	199.0	156.0	163.0	139.0	179.0	172.0	212.0	169.0	235.0	162.0	252.0	180.0	185.0	197.0	157.0	194.0	194.0	202.0	169.0	225.0	174.0	266.0	177.0	254.0	248.0	263.0	205.0	285.0	220.0	300.0	221.0	364.0	186.0	0
68.0	200.0	63.0	216.0	92.0	198.0	157.0	160.0	140.0	177.0	171.0	214.0	169.0	239.0	160.0	256.0	181.0	185.0	202.0	154.0	195.0	195.0	207.0	167.0	229.0	173.0	273.0	177.0	258.0	253.0	269.0	208.0	289.0	221.0	303.0	221.0	373.0	186.0	0
77.0	200.0	73.0	214.0	99.0	197.0	157.0	164.0	142.0	178.0	173.0	212.0	171.0	236.0	160.0	253.0	181.0	185.0	201.0	158.0	196.0	196.0	205.0	169.0	225.0	175.0	269.0	178.0	252.0	250.0	261.0	205.0	283.0	220.0	296.0	220.0	359.0	187.0	0
75.0	201.0	71.0	215.0	95.0	198.0	159.0	164.0	141.0	179.0	174.0	213.0	171.0	234.0	162.0	251.0	181.0	186.0	202.0	158.0	195.0	196.0	206.0	170.0	226.0	176.0	268.0	179.0	256.0	249.0	264.0	207.0	285.0	220.0	299.0	220.0	360.0	185.0	0
78.0	201.0	75.0	215.0	100.0	197.0	162.0	164.0	145.0	179.0	175.0	212.0	173.0	234.0	165.0	251.0	183.0	186.0	202.0	159.0	195.0	195.0	207.0	172.0	228.0	177.0	264.0	178.0	253.0	246.0	263.0	206.0	283.0	219.0	296.0	219.0	357.0	185.0	0
77.0	200.0	74.0	216.0	96.0	198.0	156.0	163.0	139.0	178.0	174.0	212.0	169.0	235.0	162.0	251.0	179.0	184.0	200.0	158.0	199.0	197.0	204.0	169.0	225.0	175.0	269.0	178.0	257.0	249.0	266.0	207.0	285.0	220.0	298.0	221.0	363.0	184.0	0
72.0	202.0	67.0	216.0	93.0	199.0	157.0	163.0	139.0	178.0	173.0	214.0	171.0	238.0	163.0	256.0	176.0	185.0	198.0	157.0	197.0	196.0	202.0	168.0	223.0	173.0	267.0	177.0	260.0	250.0	265.0	206.0	288.0	220.0	302.0	221.0	368.0	184.0	0
71.0	201.0	68.0	217.0	96.0	198.0	157.0	163.0	140.0	178.0	174.0	215.0	171.0	239.0	163.0	256.0	177.0	184.0	200.0	157.0	197.0	197.0	205.0	169.0	227.0	175.0	268.0	177.0	259.0	251.0	268.0	209.0	288.0	222.0	301.0	221.0	369.0	183.0	0
79.0	202.0	75.0	216.0	98.0	200.0	157.0	164.0	139.0	180.0	174.0	213.0	173.0	236.0	163.0	251.0	178.0	185.0	199.0	157.0	196.0	197.0	203.0	170.0	224.0	175.0	267.0	178.0	255.0	247.0	262.0	205.0	285.0	220.0	299.0	219.0	366.0	186.0	0
74.0	201.0	70.0	217.0	97.0	198.0	156.0	164.0	140.0	178.0	175.0	214.0	174.0	237.0	163.0	254.0	179.0	185.0	200.0	157.0	194.0	195.0	203.0	169.0	226.0	174.0	264.0	177.0	253.0	250.0	259.0	203.0	286.0	220.0	299.0	221.0	369.0	186.0	0
77.0	200.0	72.0	214.0	99.0	198.0	161.0	164.0	144.0	179.0	176.0	213.0	173.0	236.0	164.0	252.0	183.0	186.0	201.0	158.0	199.0	197.0	205.0	170.0	227.0	176.0	263.0	178.0	257.0	248.0	264.0	208.0	284.0	221.0	296.0	220.0	363.0	183.0	0
76.0	200.0	73.0	216.0	99.0	198.0	157.0	164.0	142.0	179.0	173.0	213.0	171.0	236.0	163.0	254.0	179.0	185.0	201.0	158.0	199.0	198.0	204.0	170.0	224.0	174.0	267.0	178.0	257.0	249.0	264.0	207.0	283.0	220.0	297.0	220.0	362.0	185.0	0
69.0	201.0	62.0	216.0	92.0	198.0	155.0	163.0	136.0	179.0	173.0	214.0	169.0	237.0	160.0	256.0	181.0	186.0	200.0	156.0	196.0	196.0	205.0	169.0	227.0	174.0	273.0	177.0	259.0	253.0	267.0	207.0	290.0	221.0	306.0	222.0	375.0	184.0	0
71.0	200.0	66.0	216.0	95.0	197.0	154.0	163.0	137.0	178.0	173.0	214.0	169.0	236.0	160.0	254.0	176.0	185.0	201.0	156.0	194.0	196.0	204.0	168.0	226.0	174.0	267.0	176.0	258.0	252.0	268.0	208.0	287.0	221.0	301.0	221.0	369.0	182.0	0
75.0	200.0	72.0	216.0	97.0	197.0	156.0	164.0	139.0	179.0	175.0	213.0	172.0	236.0	164.0	253.0	178.0	186.0	197.0	158.0	195.0	196.0	202.0	170.0	220.0	175.0	268.0	177.0	257.0	248.0	263.0	207.0	285.0	220.0	301.0	220.0	368.0	183.0	0
75.0	200.0	71.0	216.0	102.0	197.0	158.0	165.0	143.0	180.0	175.0	212.0	173.0	235.0	164.0	251.0	179.0	185.0	201.0	159.0	198.0	197.0	205.0	170.0	227.0	176.0	269.0	178.0	255.0	247.0	265.0	206.0	284.0	219.0	298.0	218.0	364.0	184.0	0
75.0	202.0	72.0	218.0	97.0	199.0	159.0	163.0	141.0	179.0	174.0	214.0	174.0	238.0	166.0	255.0	177.0	184.0	199.0	157.0	196.0	196.0	204.0	169.0	223.0	174.0	266.0	177.0	256.0	249.0	262.0	206.0	286.0	220.0	300.0	220.0	367.0	188.0	0
76.0	201.0	73.0	218.0	96.0	198.0	158.0	162.0	139.0	179.0	173.0	213.0	171.0	236.0	162.0	253.0	181.0	185.0	200.0	156.0	199.0	196.0	204.0	168.0	228.0	174.0	271.0	177.0	259.0	249.0	268.0	208.0	286.0	220.0	301.0	220.0	369.0	185.0	0
80.0	200.0	77.0	216.0	102.0	197.0	157.0	164.0	141.0	179.0	174.0	212.0	172.0	234.0	163.0	253.0	181.0	186.0	198.0	160.0	197.0	197.0	202.0	172.0	223.0	176.0	268.0	178.0	256.0	249.0	263.0	206.0	284.0	220.0	298.0	220.0	362.0	182.0	0
71.0	201.0	68.0	216.0	94.0	198.0	156.0	163.0	140.0	178.0	172.0	213.0	169.0	237.0	161.0	254.0	177.0	184.0	202.0	156.0	197.0	197.0	205.0	168.0	226.0	173.0	268.0	177.0	258.0	252.0	269.0	207.0	288.0	220.0	302.0	220.0	368.0	183.0	0
74.0	200.0	68.0	215.0	98.0	199.0	158.0	162.0	142.0	178.0	172.0	214.0	169.0	237.0	162.0	254.0	178.0	185.0	202.0	155.0	194.0	196.0	207.0	169.0	226.0	173.0	269.0	177.0	257.0	251.0	266.0	207.0	288.0	220.0	300.0	220.0	369.0	186.0	0
77.0	201.0	73.0	215.0	99.0	198.0	156.0	165.0	140.0	179.0	175.0	211.0	173.0	234.0	164.0	250.0	179.0	186.0	197.0	159.0	196.0	196.0	203.0	171.0	227.0	177.0	267.0	178.0	256.0	247.0	265.0	205.0	287.0	218.0	301.0	218.0	364.0	185.0	0
66.0	198.0	61.0	213.0	88.0	196.0	153.0	162.0	137.0	177.0	167.0	215.0	162.0	237.0	155.0	255.0	176.0	185.0	198.0	163.0	191.0	197.0	223.0	175.0	252.0	251.0	266.0	178.0	263.0	208.0	284.0	222.0	299.0	222.0	354.0	173.0	363.0	188.0	0
76.0	200.0	71.0	215.0	97.0	198.0	157.0	162.0	138.0	179.0	174.0	212.0	171.0	236.0	162.0	254.0	179.0	184.0	200.0	156.0	196.0	196.0	204.0	168.0	226.0	174.0	268.0	176.0	258.0	252.0	264.0	206.0	289.0	222.0	303.0	222.0	367.0	181.0	0
76.0	201.0	71.0	215.0	99.0	198.0	157.0	164.0	139.0	179.0	174.0	212.0	170.0	235.0	162.0	252.0	180.0	186.0	199.0	158.0	198.0	199.0	205.0	171.0	224.0	175.0	268.0	178.0	253.0	250.0	263.0	206.0	282.0	220.0	298.0	219.0	360.0	185.0	0
72.0	200.0	68.0	215.0	93.0	197.0	158.0	162.0	140.0	178.0	171.0	213.0	170.0	235.0	161.0	253.0	181.0	186.0	201.0	157.0	195.0	197.0	205.0	169.0	227.0	174.0	270.0	177.0	259.0	250.0	266.0	207.0	288.0	221.0	303.0	220.0	369.0	184.0	0
76.0	200.0	73.0	216.0	99.0	198.0	159.0	164.0	144.0	178.0	174.0	212.0	170.0	235.0	162.0	252.0	179.0	185.0	200.0	159.0	197.0	197.0	204.0	171.0	222.0	176.0	263.0	178.0	255.0	248.0	263.0	206.0	283.0	219.0	297.0	219.0	363.0	187.0	0
73.0	202.0	70.0	216.0	99.0	198.0	154.0	164.0	140.0	179.0	173.0	213.0	171.0	235.0	164.0	253.0	178.0	185.0	200.0	157.0	195.0	196.0	204.0	170.0	226.0	175.0	266.0	177.0	258.0	247.0	266.0	206.0	286.0	219.0	300.0	219.0	368.0	187.0	0
79.0	200.0	76.0	215.0	100.0	197.0	159.0	165.0	142.0	180.0	172.0	212.0	169.0	233.0	160.0	250.0	178.0	185.0	199.0	157.0	195.0	196.0	205.0	171.0	225.0	176.0	265.0	178.0	252.0	248.0	262.0	207.0	281.0	219.0	293.0	220.0	359.0	188.0	0
74.0	200.0	69.0	215.0	95.0	198.0	156.0	163.0	139.0	178.0	170.0	211.0	167.0	235.0	158.0	252.0	180.0	187.0	200.0	158.0	193.0	197.0	204.0	170.0	227.0	176.0	272.0	179.0	253.0	250.0	267.0	208.0	287.0	220.0	299.0	221.0	365.0	184.0	0
78.0	202.0	74.0	216.0	99.0	199.0	159.0	165.0	142.0	180.0	174.0	211.0	172.0	233.0	164.0	250.0	178.0	185.0	200.0	159.0	198.0	197.0	203.0	172.0	224.0	177.0	265.0	178.0	253.0	246.0	262.0	206.0	281.0	219.0	296.0	220.0	363.0	187.0	0
72.0	200.0	68.0	215.0	96.0	197.0	159.0	163.0	144.0	178.0	174.0	213.0	172.0	236.0	162.0	252.0	183.0	187.0	200.0	158.0	196.0	196.0	205.0	170.0	227.0	177.0	267.0	179.0	253.0	249.0	265.0	207.0	284.0	221.0	301.0	221.0	364.0	184.0	0
73.0	201.0	70.0	217.0	94.0	197.0	157.0	162.0	136.0	179.0	174.0	214.0	170.0	236.0	161.0	254.0	182.0	185.0	200.0	156.0	197.0	195.0	204.0	169.0	229.0	175.0	266.0	178.0	256.0	249.0	264.0	207.0	285.0	220.0	300.0	220.0	366.0	185.0	0
67.0	200.0	63.0	215.0	94.0	197.0	154.0	163.0	136.0	179.0	171.0	213.0	168.0	237.0	159.0	255.0	177.0	185.0	198.0	156.0	194.0	195.0	203.0	170.0	225.0	175.0	270.0	177.0	256.0	251.0	266.0	207.0	287.0	222.0	303.0	222.0	376.0	183.0	0
75.0	201.0	69.0	215.0	94.0	198.0	157.0	163.0	138.0	178.0	174.0	214.0	171.0	237.0	162.0	255.0	180.0	186.0	200.0	157.0	198.0	197.0	203.0	170.0	225.0	175.0	265.0	178.0	255.0	251.0	261.0	206.0	282.0	220.0	297.0	220.0	362.0	184.0	0
73.0	201.0	68.0	217.0	93.0	198.0	155.0	162.0	136.0	179.0	173.0	213.0	171.0	237.0	162.0	254.0	177.0	185.0	198.0	156.0	195.0	196.0	204.0	169.0	227.0	174.0	272.0	177.0	259.0	251.0	267.0	208.0	287.0	220.0	303.0	221.0	373.0	185.0	0
71.0	202.0	68.0	216.0	93.0	199.0	154.0	164.0	138.0	179.0	172.0	212.0	171.0	235.0	163.0	254.0	180.0	186.0	199.0	157.0	194.0	195.0	203.0	170.0	227.0	176.0	271.0	177.0	260.0	249.0	265.0	205.0	291.0	221.0	305.0	221.0	370.0	184.0	0
78.0	200.0	72.0	215.0	101.0	197.0	160.0	162.0	145.0	177.0	175.0	212.0	172.0	235.0	162.0	252.0	183.0	186.0	199.0	157.0	197.0	196.0	205.0	169.0	225.0	175.0	266.0	177.0	251.0	249.0	263.0	207.0	280.0	219.0	294.0	220.0	360.0	187.0	0
69.0	201.0	63.0	215.0	95.0	198.0	152.0	162.0	137.0	178.0	175.0	212.0	170.0	236.0	159.0	255.0	180.0	185.0	197.0	155.0	198.0	196.0	202.0	167.0	229.0	174.0	274.0	177.0	259.0	250.0	272.0	207.0	290.0	219.0	305.0	220.0	375.0	184.0	0
75.0	200.0	72.0	216.0	98.0	197.0	157.0	164.0	140.0	179.0	173.0	213.0	172.0	235.0	163.0	253.0	177.0	185.0	200.0	158.0	197.0	199.0	204.0	170.0	227.0	176.0	266.0	177.0	256.0	249.0	265.0	207.0	284.0	220.0	299.0	220.0	365.0	185.0	0
73.0	200.0	71.0	215.0	94.0	197.0	158.0	163.0	140.0	178.0	173.0	213.0	170.0	237.0	160.0	254.0	181.0	185.0	201.0	157.0	195.0	195.0	207.0	170.0	228.0	175.0	269.0	178.0	252.0	250.0	266.0	207.0	286.0	221.0	299.0	221.0	363.0	186.0	0
77.0	200.0	74.0	215.0	97.0	197.0	158.0	163.0	141.0	178.0	175.0	213.0	171.0	236.0	161.0	253.0	177.0	184.0	201.0	157.0	197.0	197.0	204.0	169.0	224.0	174.0	269.0	177.0	256.0	251.0	265.0	208.0	284.0	220.0	297.0	220.0	362.0	183.0	0
80.0	199.0	76.0	213.0	99.0	197.0	163.0	163.0	146.0	178.0	173.0	213.0	170.0	235.0	161.0	251.0	182.0	186.0	203.0	159.0	197.0	196.0	207.0	170.0	226.0	176.0	265.0	179.0	253.0	247.0	261.0	207.0	279.0	221.0	293.0	220.0	358.0	187.0	0
70.0	200.0	68.0	216.0	95.0	197.0	157.0	163.0	140.0	178.0	174.0	213.0	171.0	236.0	161.0	253.0	182.0	185.0	201.0	157.0	196.0	197.0	206.0	169.0	228.0	175.0	267.0	177.0	259.0	248.0	266.0	208.0	286.0	220.0	298.0	219.0	365.0	183.0	0
77.0	201.0	74.0	217.0	96.0	198.0	159.0	164.0	140.0	179.0	175.0	212.0	173.0	234.0	165.0	252.0	183.0	186.0	201.0	157.0	196.0	195.0	204.0	170.0	227.0	175.0	267.0	178.0	256.0	248.0	264.0	207.0	284.0	220.0	298.0	220.0	363.0	185.0	0
77.0	200.0	74.0	215.0	100.0	198.0	160.0	164.0	143.0	180.0	175.0	213.0	171.0	235.0	162.0	251.0	179.0	186.0	201.0	159.0	196.0	197.0	204.0	172.0	224.0	176.0	263.0	178.0	257.0	249.0	263.0	208.0	283.0	219.0	299.0	219.0	367.0	185.0	0
68.0	200.0	64.0	216.0	90.0	196.0	153.0	161.0	135.0	177.0	172.0	213.0	170.0	238.0	162.0	256.0	173.0	184.0	199.0	155.0	194.0	196.0	202.0	168.0	225.0	174.0	272.0	176.0	258.0	252.0	267.0	208.0	291.0	222.0	305.0	222.0	376.0	182.0	0
79.0	199.0	74.0	214.0	96.0	198.0	161.0	164.0	143.0	178.0	173.0	213.0	169.0	234.0	160.0	251.0	179.0	185.0	204.0	158.0	194.0	195.0	206.0	169.0	224.0	175.0	267.0	179.0	251.0	250.0	264.0	209.0	282.0	221.0	295.0	221.0	363.0	185.0	0
80.0	200.0	77.0	215.0	100.0	197.0	160.0	164.0	144.0	179.0	173.0	213.0	170.0	235.0	161.0	251.0	180.0	186.0	202.0	158.0	195.0	196.0	206.0	170.0	227.0	175.0	266.0	178.0	252.0	249.0	262.0	207.0	282.0	220.0	295.0	220.0	360.0	187.0	0
79.0	201.0	76.0	216.0	98.0	199.0	157.0	163.0	141.0	179.0	176.0	213.0	173.0	236.0	164.0	252.0	179.0	184.0	200.0	157.0	199.0	196.0	204.0	169.0	224.0	174.0	263.0	177.0	257.0	248.0	266.0	207.0	285.0	220.0	300.0	220.0	365.0	184.0	0
72.0	199.0	68.0	213.0	93.0	197.0	158.0	164.0	141.0	178.0	175.0	212.0	170.0	235.0	161.0	252.0	183.0	187.0	202.0	158.0	196.0	197.0	206.0	171.0	228.0	177.0	266.0	179.0	257.0	249.0	266.0	208.0	285.0	220.0	298.0	220.0	363.0	182.0	0
68.0	200.0	65.0	215.0	91.0	197.0	156.0	163.0	138.0	177.0	173.0	213.0	170.0	236.0	163.0	253.0	177.0	185.0	203.0	156.0	195.0	196.0	206.0	169.0	227.0	174.0	272.0	178.0	258.0	249.0	271.0	209.0	288.0	220.0	303.0	220.0	372.0	184.0	0
77.0	199.0	74.0	216.0	99.0	197.0	159.0	163.0	142.0	178.0	174.0	213.0	172.0	237.0	163.0	254.0	178.0	185.0	200.0	157.0	197.0	197.0	204.0	169.0	223.0	174.0	267.0	178.0	254.0	248.0	263.0	206.0	282.0	219.0	296.0	218.0	363.0	186.0	0
78.0	202.0	74.0	218.0	98.0	199.0	157.0	164.0	142.0	178.0	175.0	212.0	173.0	235.0	166.0	253.0	178.0	184.0	199.0	158.0	197.0	196.0	202.0	170.0	227.0	176.0	269.0	178.0	256.0	248.0	265.0	206.0	285.0	219.0	298.0	219.0	362.0	187.0	0
76.0	202.0	73.0	216.0	97.0	199.0	156.0	165.0	140.0	180.0	175.0	212.0	172.0	234.0	162.0	251.0	182.0	187.0	197.0	159.0	199.0	196.0	201.0	170.0	225.0	175.0	273.0	179.0	259.0	249.0	266.0	206.0	287.0	220.0	302.0	219.0	369.0	186.0	0
72.0	201.0	69.0	218.0	92.0	198.0	155.0	162.0	137.0	177.0	172.0	213.0	168.0	237.0	159.0	254.0	178.0	185.0	199.0	156.0	199.0	198.0	204.0	168.0	225.0	173.0	268.0	176.0	256.0	251.0	265.0	207.0	287.0	221.0	299.0	221.0	371.0	185.0	0
66.0	200.0	65.0	218.0	89.0	197.0	154.0	160.0	135.0	177.0	175.0	214.0	172.0	237.0	162.0	256.0	180.0	184.0	199.0	154.0	198.0	195.0	205.0	167.0	228.0	173.0	271.0	176.0	263.0	250.0	269.0	205.0	292.0	220.0	308.0	221.0	373.0	182.0	0
71.0	201.0	68.0	217.0	95.0	197.0	154.0	161.0	137.0	178.0	173.0	214.0	172.0	238.0	161.0	256.0	180.0	185.0	197.0	154.0	195.0	195.0	203.0	167.0	227.0	172.0	275.0	176.0	257.0	253.0	268.0	207.0	290.0	221.0	305.0	221.0	372.0	181.0	0
75.0	201.0	73.0	216.0	98.0	198.0	155.0	163.0	137.0	179.0	173.0	211.0	171.0	234.0	162.0	252.0	180.0	184.0	201.0	157.0	195.0	195.0	206.0	170.0	228.0	175.0	271.0	178.0	256.0	249.0	265.0	205.0	288.0	219.0	301.0	220.0	370.0	186.0	0
69.0	200.0	66.0	214.0	90.0	198.0	156.0	161.0	137.0	177.0	171.0	212.0	169.0	237.0	159.0	255.0	179.0	184.0	201.0	156.0	195.0	195.0	204.0	168.0	229.0	175.0	268.0	177.0	254.0	252.0	267.0	208.0	286.0	220.0	298.0	221.0	367.0	182.0	0
76.0	201.0	72.0	215.0	95.0	198.0	157.0	164.0	141.0	178.0	171.0	211.0	170.0	235.0	162.0	252.0	179.0	185.0	203.0	158.0	196.0	197.0	206.0	170.0	229.0	175.0	271.0	178.0	256.0	248.0	266.0	208.0	285.0	220.0	298.0	220.0	365.0	186.0	0
73.0	200.0	69.0	214.0	96.0	198.0	156.0	165.0	140.0	179.0	173.0	214.0	170.0	235.0	161.0	251.0	180.0	186.0	199.0	159.0	196.0	196.0	203.0	170.0	226.0	176.0	270.0	178.0	258.0	247.0	267.0	208.0	288.0	219.0	302.0	219.0	366.0	182.0	0
71.0	200.0	68.0	216.0	93.0	199.0	158.0	164.0	141.0	179.0	175.0	213.0	172.0	237.0	164.0	256.0	181.0	185.0	201.0	157.0	196.0	195.0	206.0	170.0	223.0	174.0	267.0	177.0	259.0	249.0	270.0	208.0	289.0	220.0	303.0	220.0	372.0	185.0	0
69.0	200.0	66.0	216.0	93.0	197.0	155.0	162.0	136.0	178.0	172.0	212.0	169.0	236.0	159.0	254.0	177.0	185.0	201.0	155.0	198.0	197.0	207.0	168.0	229.0	174.0	274.0	177.0	261.0	250.0	269.0	208.0	289.0	221.0	305.0	220.0	375.0	183.0	0
73.0	200.0	68.0	215.0	99.0	198.0	160.0	165.0	143.0	180.0	175.0	213.0	172.0	236.0	164.0	253.0	181.0	187.0	199.0	159.0	198.0	197.0	203.0	170.0	224.0	176.0	265.0	178.0	257.0	249.0	264.0	206.0	284.0	220.0	298.0	220.0	365.0	187.0	0
73.0	201.0	70.0	215.0	96.0	198.0	159.0	164.0	142.0	180.0	173.0	213.0	169.0	235.0	160.0	251.0	181.0	186.0	198.0	158.0	194.0	196.0	202.0	170.0	224.0	175.0	265.0	178.0	256.0	248.0	264.0	207.0	286.0	220.0	301.0	220.0	367.0	184.0	0
74.0	199.0	71.0	214.0	96.0	197.0	158.0	165.0	143.0	179.0	175.0	213.0	172.0	235.0	163.0	252.0	182.0	186.0	200.0	159.0	195.0	196.0	204.0	170.0	228.0	176.0	269.0	179.0	254.0	248.0	262.0	206.0	284.0	219.0	297.0	219.0	361.0	183.0	0
72.0	200.0	69.0	216.0	95.0	198.0	156.0	164.0	139.0	179.0	173.0	213.0	171.0	237.0	162.0	255.0	179.0	185.0	199.0	158.0	197.0	197.0	203.0	169.0	226.0	175.0	268.0	177.0	258.0	249.0	266.0	206.0	288.0	220.0	302.0	220.0	370.0	183.0	0
78.0	200.0	74.0	215.0	103.0	198.0	157.0	164.0	141.0	180.0	171.0	211.0	170.0	236.0	161.0	252.0	179.0	186.0	199.0	158.0	195.0	196.0	204.0	171.0	226.0	176.0	265.0	178.0	251.0	247.0	263.0	207.0	281.0	219.0	295.0	219.0	362.0	186.0	0
71.0	200.0	68.0	216.0	93.0	197.0	159.0	163.0	144.0	178.0	174.0	212.0	171.0	234.0	160.0	252.0	181.0	186.0	201.0	158.0	199.0	197.0	205.0	170.0	225.0	175.0	268.0	178.0	256.0	249.0	265.0	206.0	287.0	220.0	300.0	220.0	366.0	185.0	0
78.0	201.0	73.0	215.0	99.0	197.0	160.0	163.0	141.0	178.0	175.0	213.0	172.0	235.0	162.0	253.0	181.0	186.0	200.0	156.0	198.0	197.0	206.0	169.0	226.0	175.0	266.0	178.0	253.0	249.0	262.0	206.0	284.0	220.0	298.0	221.0	359.0	185.0	0
76.0	201.0	72.0	216.0	98.0	197.0	159.0	163.0	141.0	178.0	175.0	213.0	171.0	237.0	162.0	254.0	183.0	185.0	203.0	157.0	197.0	195.0	207.0	169.0	227.0	174.0	265.0	176.0	258.0	250.0	267.0	207.0	287.0	221.0	300.0	222.0	367.0	185.0	0
78.0	201.0	75.0	214.0	101.0	198.0	161.0	165.0	143.0	180.0	175.0	212.0	172.0	234.0	163.0	250.0	184.0	188.0	202.0	159.0	199.0	197.0	206.0	172.0	228.0	177.0	264.0	180.0	257.0	248.0	262.0	206.0	285.0	220.0	297.0	220.0	362.0	185.0	0
78.0	200.0	74.0	216.0	102.0	196.0	158.0	163.0	141.0	179.0	174.0	214.0	171.0	237.0	164.0	253.0	181.0	186.0	199.0	157.0	199.0	198.0	203.0	169.0	226.0	175.0	266.0	176.0	258.0	249.0	266.0	208.0	286.0	221.0	298.0	220.0	361.0	181.0	0
75.0	200.0	71.0	214.0	96.0	198.0	158.0	164.0	138.0	180.0	175.0	212.0	171.0	235.0	164.0	252.0	183.0	187.0	202.0	158.0	197.0	196.0	204.0	170.0	227.0	177.0	268.0	178.0	253.0	248.0	264.0	207.0	283.0	219.0	297.0	220.0	359.0	184.0	0
77.0	201.0	72.0	214.0	97.0	198.0	160.0	163.0	143.0	179.0	173.0	212.0	170.0	234.0	162.0	251.0	179.0	185.0	202.0	158.0	196.0	197.0	205.0	169.0	226.0	176.0	270.0	180.0	255.0	247.0	263.0	206.0	285.0	220.0	298.0	220.0	363.0	186.0	0
77.0	201.0	73.0	217.0	97.0	198.0	158.0	162.0	141.0	178.0	173.0	214.0	170.0	235.0	162.0	253.0	180.0	184.0	201.0	156.0	197.0	196.0	206.0	168.0	226.0	174.0	271.0	177.0	257.0	250.0	268.0	206.0	289.0	221.0	302.0	221.0	368.0	185.0	0
75.0	201.0	71.0	217.0	97.0	198.0	157.0	164.0	140.0	178.0	175.0	213.0	173.0	235.0	165.0	254.0	180.0	186.0	201.0	158.0	197.0	196.0	204.0	170.0	225.0	176.0	266.0	178.0	256.0	249.0	262.0	206.0	286.0	220.0	299.0	219.0	365.0	185.0	0
75.0	201.0	71.0	215.0	96.0	199.0	156.0	164.0	140.0	179.0	174.0	214.0	170.0	236.0	162.0	252.0	177.0	185.0	200.0	158.0	197.0	198.0	204.0	169.0	226.0	175.0	263.0	178.0	255.0	249.0	265.0	207.0	283.0	219.0	297.0	219.0	364.0	185.0	0
77.0	201.0	72.0	215.0	99.0	197.0	157.0	165.0	140.0	179.0	175.0	212.0	173.0	234.0	165.0	250.0	183.0	186.0	202.0	160.0	197.0	196.0	206.0	171.0	228.0	177.0	266.0	179.0	255.0	245.0	263.0	205.0	280.0	218.0	295.0	218.0	359.0	187.0	0
71.0	201.0	65.0	216.0	96.0	198.0	156.0	164.0	139.0	179.0	173.0	211.0	171.0	235.0	162.0	253.0	179.0	185.0	200.0	157.0	197.0	196.0	205.0	170.0	228.0	176.0	271.0	179.0	255.0	249.0	267.0	207.0	286.0	220.0	300.0	221.0	366.0	185.0	0
77.0	201.0	72.0	217.0	97.0	198.0	157.0	163.0	140.0	178.0	173.0	213.0	170.0	235.0	161.0	252.0	179.0	185.0	199.0	157.0	196.0	195.0	202.0	169.0	224.0	174.0	267.0	177.0	258.0	249.0	267.0	207.0	287.0	219.0	299.0	218.0	363.0	183.0	0
76.0	200.0	71.0	215.0	99.0	198.0	158.0	164.0	140.0	179.0	174.0	213.0	172.0	235.0	163.0	253.0	177.0	185.0	200.0	158.0	198.0	199.0	205.0	170.0	226.0	175.0	265.0	177.0	257.0	252.0	265.0	207.0	287.0	221.0	302.0	221.0	364.0	181.0	0
79.0	200.0	76.0	215.0	101.0	197.0	158.0	164.0	144.0	179.0	173.0	212.0	172.0	235.0	162.0	251.0	182.0	186.0	199.0	158.0	194.0	196.0	204.0	170.0	227.0	175.0	269.0	178.0	251.0	248.0	261.0	207.0	282.0	220.0	297.0	220.0	363.0	185.0	0
74.0	200.0	68.0	215.0	96.0	197.0	159.0	162.0	142.0	177.0	172.0	213.0	169.0	236.0	161.0	254.0	181.0	184.0	202.0	156.0	196.0	195.0	205.0	168.0	226.0	174.0	268.0	177.0	254.0	251.0	265.0	207.0	286.0	221.0	299.0	221.0	369.0	185.0	0
76.0	201.0	72.0	216.0	95.0	199.0	158.0	164.0	144.0	178.0	174.0	212.0	171.0	234.0	163.0	251.0	182.0	186.0	200.0	158.0	198.0	197.0	204.0	170.0	228.0	176.0	269.0	179.0	254.0	248.0	265.0	207.0	284.0	220.0	298.0	220.0	367.0	187.0	0
69.0	199.0	65.0	215.0	91.0	197.0	154.0	160.0	136.0	176.0	173.0	213.0	167.0	237.0	157.0	255.0	177.0	184.0	199.0	155.0	195.0	194.0	204.0	167.0	228.0	173.0	275.0	176.0	259.0	252.0	269.0	208.0	291.0	222.0	303.0	221.0	372.0	182.0	0
79.0	201.0	75.0	216.0	97.0	199.0	159.0	163.0	139.0	178.0	174.0	212.0	172.0	236.0	164.0	254.0	180.0	185.0	202.0	157.0	195.0	196.0	205.0	169.0	227.0	175.0	267.0	178.0	257.0	249.0	265.0	208.0	284.0	220.0	299.0	220.0	363.0	183.0	0
75.0	200.0	71.0	216.0	97.0	197.0	156.0	162.0	139.0	178.0	173.0	213.0	170.0	236.0	161.0	254.0	180.0	185.0	199.0	157.0	196.0	195.0	204.0	169.0	226.0	175.0	272.0	178.0	255.0	249.0	264.0	206.0	287.0	221.0	302.0	221.0	367.0	184.0	0
71.0	202.0	67.0	216.0	95.0	198.0	155.0	162.0	137.0	178.0	174.0	214.0	170.0	237.0	161.0	254.0	177.0	184.0	201.0	156.0	198.0	197.0	206.0	168.0	228.0	173.0	271.0	177.0	257.0	251.0	267.0	206.0	290.0	221.0	306.0	220.0	371.0	185.0	0
66.0	201.0	60.0	218.0	90.0	198.0	153.0	160.0	135.0	178.0	171.0	216.0	169.0	240.0	159.0	259.0	175.0	184.0	199.0	153.0	199.0	198.0	204.0	166.0	226.0	173.0	269.0	176.0	260.0	255.0	268.0	207.0	294.0	223.0	306.0	223.0	380.0	185.0	0
78.0	200.0	74.0	215.0	100.0	197.0	156.0	164.0	142.0	179.0	175.0	213.0	173.0	235.0	162.0	252.0	180.0	186.0	201.0	158.0	198.0	196.0	204.0	170.0	225.0	175.0	263.0	177.0	253.0	249.0	262.0	207.0	283.0	219.0	297.0	219.0	366.0	185.0	0
75.0	200.0	70.0	214.0	98.0	197.0	160.0	163.0	142.0	178.0	175.0	214.0	171.0	238.0	162.0	254.0	179.0	185.0	202.0	157.0	195.0	196.0	204.0	169.0	225.0	175.0	268.0	178.0	254.0	249.0	263.0	207.0	284.0	220.0	300.0	220.0	364.0	184.0	0
76.0	200.0	71.0	213.0	98.0	198.0	159.0	163.0	142.0	178.0	175.0	213.0	172.0	238.0	164.0	255.0	179.0	184.0	200.0	157.0	195.0	196.0	203.0	169.0	224.0	175.0	262.0	177.0	254.0	249.0	264.0	208.0	282.0	220.0	297.0	220.0	361.0	182.0	0
77.0	201.0	73.0	215.0	99.0	198.0	160.0	164.0	144.0	179.0	175.0	212.0	171.0	235.0	162.0	252.0	179.0	186.0	198.0	158.0	195.0	196.0	203.0	170.0	223.0	175.0	264.0	178.0	251.0	248.0	260.0	206.0	282.0	220.0	295.0	220.0	359.0	186.0	0
71.0	201.0	68.0	216.0	95.0	198.0	158.0	162.0	141.0	178.0	173.0	213.0	171.0	237.0	160.0	255.0	181.0	185.0	200.0	156.0	197.0	197.0	204.0	168.0	228.0	175.0	269.0	178.0	259.0	250.0	265.0	206.0	289.0	221.0	303.0	220.0	367.0	183.0	0
69.0	200.0	65.0	216.0	93.0	197.0	156.0	163.0	140.0	177.0	172.0	211.0	169.0	235.0	158.0	252.0	181.0	186.0	202.0	157.0	197.0	197.0	207.0	170.0	228.0	175.0	265.0	177.0	254.0	250.0	261.0	206.0	284.0	221.0	299.0	221.0	367.0	187.0	0
73.0	201.0	70.0	217.0	99.0	198.0	158.0	165.0	142.0	179.0	174.0	213.0	169.0	235.0	162.0	251.0	179.0	186.0	199.0	158.0	197.0	197.0	202.0	170.0	224.0	176.0	267.0	179.0	254.0	247.0	260.0	205.0	283.0	220.0	297.0	220.0	359.0	185.0	0
75.0	201.0	70.0	214.0	96.0	198.0	158.0	163.0	141.0	178.0	172.0	214.0	168.0	236.0	160.0	252.0	181.0	186.0	201.0	157.0	195.0	197.0	205.0	170.0	227.0	175.0	269.0	179.0	256.0	250.0	262.0	205.0	287.0	221.0	299.0	220.0	367.0	185.0	0
74.0	202.0	73.0	216.0	94.0	198.0	155.0	164.0	140.0	178.0	174.0	211.0	172.0	235.0	165.0	251.0	180.0	186.0	202.0	158.0	195.0	196.0	206.0	170.0	227.0	176.0	269.0	178.0	259.0	246.0	264.0	206.0	287.0	220.0	302.0	219.0	368.0	184.0	0
77.0	200.0	73.0	217.0	102.0	197.0	159.0	164.0	143.0	178.0	173.0	212.0	171.0	235.0	161.0	252.0	179.0	186.0	200.0	159.0	198.0	198.0	203.0	170.0	226.0	175.0	267.0	177.0	256.0	249.0	265.0	207.0	285.0	220.0	300.0	220.0	366.0	186.0	0
78.0	200.0	73.0	215.0	98.0	198.0	159.0	165.0	141.0	180.0	174.0	213.0	173.0	236.0	164.0	254.0	181.0	185.0	201.0	158.0	195.0	195.0	204.0	169.0	225.0	175.0	265.0	177.0	255.0	248.0	262.0	205.0	286.0	220.0	299.0	220.0	362.0	185.0	0
77.0	200.0	74.0	215.0	98.0	197.0	158.0	164.0	141.0	179.0	175.0	213.0	172.0	235.0	164.0	252.0	181.0	185.0	202.0	159.0	195.0	195.0	205.0	170.0	225.0	175.0	270.0	177.0	259.0	248.0	265.0	205.0	289.0	220.0	301.0	220.0	365.0	183.0	0
75.0	199.0	71.0	215.0	96.0	196.0	155.0	163.0	139.0	177.0	174.0	212.0	170.0	235.0	161.0	252.0	180.0	186.0	202.0	157.0	198.0	198.0	206.0	170.0	228.0	175.0	265.0	177.0	257.0	251.0	264.0	208.0	286.0	222.0	301.0	220.0	370.0	182.0	0
76.0	201.0	72.0	215.0	95.0	198.0	157.0	164.0	139.0	178.0	173.0	213.0	169.0	235.0	161.0	252.0	180.0	186.0	200.0	158.0	197.0	197.0	204.0	170.0	226.0	176.0	266.0	179.0	257.0	249.0	263.0	207.0	287.0	220.0	299.0	219.0	363.0	186.0	0
73.0	201.0	70.0	217.0	95.0	198.0	157.0	163.0	140.0	179.0	173.0	212.0	171.0	236.0	162.0	253.0	180.0	185.0	201.0	157.0	197.0	195.0	204.0	169.0	223.0	174.0	267.0	177.0	257.0	249.0	259.0	204.0	287.0	221.0	301.0	221.0	367.0	185.0	0
75.0	200.0	71.0	215.0	96.0	198.0	157.0	165.0	140.0	180.0	175.0	213.0	171.0	235.0	161.0	251.0	176.0	186.0	200.0	159.0	197.0	197.0	202.0	170.0	224.0	174.0	268.0	177.0	259.0	250.0	267.0	206.0	289.0	219.0	303.0	219.0	368.0	183.0	0
77.0	202.0	74.0	217.0	96.0	199.0	156.0	163.0	139.0	178.0	173.0	211.0	170.0	235.0	162.0	251.0	183.0	186.0	200.0	158.0	199.0	195.0	204.0	170.0	225.0	176.0	265.0	179.0	256.0	246.0	261.0	204.0	285.0	220.0	299.0	220.0	364.0	187.0	0
72.0	201.0	68.0	216.0	98.0	197.0	157.0	164.0	139.0	180.0	176.0	214.0	173.0	235.0	165.0	253.0	181.0	187.0	201.0	158.0	198.0	198.0	205.0	171.0	226.0	176.0	266.0	178.0	260.0	247.0	269.0	209.0	285.0	220.0	300.0	221.0	365.0	182.0	0
74.0	202.0	71.0	217.0	96.0	198.0	158.0	163.0	141.0	178.0	175.0	213.0	171.0	236.0	162.0	253.0	181.0	186.0	200.0	158.0	197.0	197.0	205.0	169.0	226.0	175.0	264.0	176.0	260.0	251.0	265.0	207.0	287.0	220.0	299.0	220.0	367.0	185.0	0
75.0	201.0	70.0	217.0	96.0	198.0	155.0	162.0	139.0	177.0	173.0	213.0	169.0	236.0	159.0	255.0	179.0	185.0	200.0	156.0	196.0	196.0	205.0	169.0	224.0	174.0	271.0	177.0	257.0	251.0	266.0	208.0	287.0	221.0	300.0	221.0	365.0	185.0	0
75.0	200.0	71.0	215.0	98.0	198.0	156.0	164.0	140.0	179.0	171.0	213.0	169.0	235.0	160.0	252.0	179.0	185.0	199.0	158.0	196.0	196.0	203.0	170.0	225.0	175.0	266.0	178.0	255.0	250.0	264.0	207.0	283.0	219.0	299.0	220.0	366.0	185.0	0
76.0	202.0	73.0	218.0	97.0	198.0	157.0	163.0	142.0	178.0	175.0	212.0	172.0	235.0	163.0	253.0	181.0	185.0	201.0	156.0	197.0	195.0	205.0	169.0	227.0	174.0	266.0	177.0	253.0	250.0	265.0	208.0	283.0	220.0	298.0	221.0	365.0	185.0	0
76.0	200.0	73.0	216.0	96.0	197.0	159.0	163.0	141.0	178.0	174.0	213.0	169.0	235.0	161.0	251.0	182.0	185.0	203.0	158.0	197.0	196.0	206.0	170.0	226.0	176.0	266.0	178.0	256.0	249.0	263.0	207.0	285.0	221.0	299.0	220.0	364.0	184.0	0
76.0	200.0	72.0	214.0	98.0	198.0	157.0	164.0	139.0	180.0	174.0	213.0	171.0	235.0	162.0	251.0	179.0	186.0	199.0	159.0	196.0	198.0	204.0	170.0	223.0	175.0	266.0	178.0	254.0	247.0	264.0	207.0	282.0	219.0	295.0	219.0	361.0	186.0	0
77.0	199.0	72.0	214.0	98.0	197.0	162.0	163.0	145.0	178.0	174.0	214.0	171.0	236.0	161.0	254.0	182.0	186.0	202.0	158.0	198.0	197.0	207.0	170.0	229.0	176.0	267.0	179.0	254.0	250.0	260.0	205.0	284.0	221.0	296.0	220.0	361.0	186.0	0
78.0	200.0	74.0	215.0	98.0	197.0	159.0	164.0	141.0	179.0	174.0	213.0	171.0	235.0	161.0	251.0	180.0	186.0	202.0	159.0	194.0	196.0	206.0	171.0	227.0	176.0	267.0	179.0	253.0	248.0	265.0	208.0	283.0	220.0	296.0	220.0	364.0	184.0	0
78.0	201.0	74.0	216.0	96.0	198.0	159.0	163.0	140.0	179.0	176.0	213.0	173.0	236.0	164.0	253.0	178.0	184.0	200.0	157.0	196.0	197.0	204.0	169.0	227.0	175.0	265.0	178.0	256.0	249.0	263.0	206.0	285.0	220.0	298.0	220.0	365.0	185.0	0
76.0	200.0	72.0	215.0	98.0	197.0	158.0	163.0	140.0	179.0	172.0	211.0	171.0	235.0	161.0	253.0	180.0	185.0	202.0	158.0	195.0	196.0	205.0	169.0	226.0	175.0	270.0	179.0	253.0	248.0	265.0	207.0	283.0	220.0	298.0	220.0	368.0	188.0	0
66.0	201.0	61.0	215.0	89.0	198.0	150.0	164.0	133.0	179.0	169.0	212.0	166.0	235.0	157.0	253.0	178.0	187.0	197.0	163.0	194.0	197.0	223.0	175.0	254.0	249.0	266.0	178.0	265.0	208.0	286.0	221.0	300.0	221.0	364.0	185.0	384.0	189.0	0
78.0	202.0	74.0	217.0	98.0	199.0	157.0	163.0	140.0	179.0	173.0	213.0	171.0	236.0	163.0	253.0	179.0	186.0	199.0	156.0	193.0	196.0	202.0	169.0	222.0	174.0	269.0	177.0	255.0	249.0	265.0	207.0	286.0	221.0	301.0	221.0	366.0	183.0	0
72.0	200.0	68.0	215.0	94.0	198.0	157.0	164.0	139.0	178.0	175.0	213.0	171.0	236.0	162.0	253.0	180.0	186.0	198.0	158.0	197.0	197.0	203.0	170.0	225.0	176.0	269.0	179.0	253.0	248.0	261.0	207.0	282.0	220.0	297.0	219.0	363.0	185.0	0
74.0	200.0	69.0	214.0	97.0	197.0	158.0	163.0	141.0	178.0	175.0	213.0	171.0	236.0	162.0	253.0	181.0	186.0	202.0	157.0	196.0	196.0	207.0	170.0	229.0	175.0	267.0	177.0	257.0	250.0	264.0	206.0	287.0	222.0	301.0	221.0	366.0	183.0	0
71.0	203.0	68.0	217.0	94.0	200.0	158.0	162.0	139.0	177.0	174.0	213.0	172.0	237.0	164.0	254.0	177.0	184.0	199.0	156.0	197.0	197.0	202.0	168.0	224.0	174.0	269.0	177.0	257.0	249.0	264.0	204.0	287.0	220.0	301.0	221.0	367.0	188.0	0
76.0	201.0	72.0	216.0	95.0	198.0	157.0	164.0	141.0	178.0	173.0	214.0	170.0	237.0	163.0	252.0	179.0	186.0	199.0	158.0	198.0	197.0	203.0	170.0	224.0	175.0	267.0	178.0	259.0	248.0	266.0	207.0	286.0	220.0	300.0	220.0	365.0	185.0	0
77.0	201.0	73.0	215.0	97.0	198.0	160.0	163.0	141.0	178.0	175.0	213.0	170.0	235.0	164.0	252.0	180.0	185.0	203.0	158.0	198.0	197.0	205.0	169.0	226.0	176.0	268.0	179.0	256.0	248.0	262.0	207.0	282.0	220.0	296.0	220.0	359.0	185.0	0
74.0	202.0	73.0	218.0	93.0	199.0	154.0	162.0	136.0	178.0	171.0	214.0	167.0	236.0	158.0	254.0	179.0	186.0	197.0	156.0	197.0	197.0	202.0	169.0	224.0	174.0	268.0	177.0	256.0	249.0	264.0	206.0	287.0	222.0	303.0	222.0	369.0	184.0	0
81.0	201.0	77.0	214.0	104.0	198.0	159.0	164.0	145.0	180.0	173.0	213.0	171.0	234.0	163.0	250.0	180.0	186.0	202.0	158.0	197.0	198.0	206.0	170.0	226.0	176.0	264.0	178.0	257.0	249.0	262.0	206.0	282.0	220.0	296.0	220.0	364.0	185.0	0
76.0	200.0	74.0	215.0	95.0	198.0	157.0	162.0	140.0	178.0	173.0	214.0	171.0	237.0	161.0	254.0	178.0	185.0	199.0	156.0	197.0	196.0	204.0	169.0	225.0	174.0	269.0	177.0	255.0	250.0	265.0	206.0	287.0	220.0	301.0	221.0	369.0	185.0	0
76.0	201.0	71.0	215.0	95.0	198.0	158.0	164.0	140.0	178.0	172.0	212.0	170.0	236.0	162.0	253.0	178.0	185.0	200.0	158.0	194.0	195.0	204.0	170.0	226.0	175.0	266.0	177.0	255.0	250.0	265.0	207.0	285.0	220.0	298.0	220.0	367.0	185.0	0
74.0	200.0	70.0	216.0	95.0	198.0	158.0	163.0	140.0	177.0	173.0	213.0	171.0	236.0	164.0	254.0	181.0	185.0	202.0	157.0	196.0	196.0	204.0	169.0	225.0	175.0	268.0	178.0	259.0	248.0	267.0	207.0	286.0	220.0	301.0	220.0	364.0	184.0	0
79.0	201.0	75.0	214.0	101.0	199.0	159.0	166.0	142.0	181.0	175.0	213.0	172.0	235.0	164.0	249.0	179.0	186.0	200.0	159.0	197.0	197.0	203.0	171.0	221.0	176.0	259.0	178.0	253.0	246.0	260.0	206.0	280.0	219.0	293.0	219.0	359.0	187.0	0
74.0	200.0	71.0	213.0	100.0	197.0	157.0	164.0	139.0	180.0	175.0	212.0	172.0	234.0	164.0	251.0	181.0	186.0	200.0	157.0	201.0	198.0	205.0	170.0	227.0	176.0	265.0	178.0	259.0	249.0	265.0	207.0	284.0	219.0	299.0	219.0	365.0	181.0	0
75.0	201.0	72.0	215.0	101.0	198.0	158.0	164.0	140.0	179.0	174.0	212.0	171.0	235.0	162.0	251.0	181.0	186.0	200.0	158.0	196.0	196.0	205.0	170.0	227.0	176.0	271.0	179.0	256.0	248.0	266.0	208.0	284.0	220.0	298.0	219.0	361.0	185.0	0
77.0	200.0	72.0	214.0	97.0	198.0	158.0	164.0	143.0	178.0	173.0	213.0	169.0	236.0	160.0	253.0	178.0	185.0	202.0	158.0	197.0	197.0	206.0	170.0	226.0	175.0	266.0	178.0	254.0	249.0	264.0	208.0	284.0	221.0	298.0	220.0	366.0	185.0	0
79.0	200.0	76.0	215.0	102.0	198.0	159.0	164.0	141.0	180.0	174.0	212.0	172.0	234.0	163.0	252.0	180.0	186.0	202.0	158.0	197.0	197.0	206.0	170.0	225.0	176.0	265.0	179.0	252.0	248.0	260.0	205.0	283.0	220.0	295.0	220.0	361.0	185.0	0
72.0	200.0	69.0	215.0	96.0	197.0	155.0	163.0	140.0	178.0	172.0	213.0	169.0	235.0	160.0	252.0	181.0	186.0	201.0	158.0	195.0	197.0	205.0	170.0	228.0	176.0	270.0	179.0	256.0	248.0	267.0	208.0	285.0	220.0	300.0	220.0	364.0	184.0	0
68.0	199.0	64.0	213.0	93.0	197.0	157.0	163.0	140.0	178.0	172.0	213.0	169.0	235.0	160.0	253.0	181.0	186.0	202.0	157.0	198.0	197.0	205.0	170.0	226.0	175.0	270.0	178.0	256.0	247.0	265.0	207.0	287.0	220.0	301.0	220.0	369.0	186.0	0
71.0	201.0	67.0	216.0	96.0	198.0	155.0	164.0	139.0	179.0	174.0	214.0	171.0	237.0	161.0	254.0	178.0	185.0	200.0	156.0	197.0	197.0	203.0	170.0	226.0	175.0	273.0	178.0	258.0	251.0	266.0	207.0	288.0	221.0	303.0	221.0	371.0	185.0	0
74.0	200.0	70.0	216.0	97.0	198.0	156.0	164.0	141.0	178.0	173.0	212.0	170.0	236.0	160.0	253.0	181.0	186.0	202.0	158.0	196.0	196.0	205.0	170.0	227.0	176.0	268.0	179.0	254.0	249.0	264.0	207.0	283.0	220.0	298.0	220.0	367.0	186.0	0
76.0	199.0	71.0	215.0	99.0	196.0	159.0	163.0	143.0	178.0	173.0	212.0	171.0	235.0	159.0	253.0	181.0	185.0	201.0	158.0	194.0	194.0	205.0	169.0	229.0	176.0	268.0	179.0	250.0	251.0	266.0	208.0	285.0	221.0	299.0	221.0	365.0	183.0	0
73.0	199.0	69.0	214.0	96.0	196.0	161.0	163.0	144.0	178.0	175.0	213.0	172.0	237.0	162.0	255.0	181.0	185.0	204.0	157.0	198.0	197.0	207.0	169.0	226.0	175.0	263.0	177.0	256.0	249.0	266.0	209.0	285.0	220.0	298.0	220.0	369.0	184.0	0
78.0	199.0	73.0	214.0	99.0	197.0	156.0	164.0	139.0	179.0	174.0	212.0	171.0	235.0	163.0	252.0	180.0	185.0	203.0	159.0	198.0	197.0	206.0	171.0	228.0	177.0	265.0	179.0	254.0	249.0	262.0	207.0	282.0	220.0	297.0	220.0	359.0	183.0	0
80.0	201.0	75.0	214.0	100.0	198.0	159.0	165.0	144.0	179.0	175.0	213.0	173.0	235.0	164.0	252.0	181.0	187.0	200.0	159.0	196.0	197.0	204.0	171.0	226.0	176.0	265.0	178.0	256.0	248.0	263.0	207.0	283.0	219.0	298.0	220.0	361.0	183.0	0
80.0	202.0	75.0	218.0	99.0	199.0	156.0	163.0	140.0	178.0	173.0	213.0	171.0	237.0	163.0	254.0	181.0	185.0	196.0	156.0	195.0	194.0	202.0	169.0	223.0	174.0	263.0	177.0	254.0	250.0	263.0	207.0	285.0	222.0	299.0	221.0	361.0	184.0	0
77.0	201.0	75.0	217.0	98.0	198.0	156.0	165.0	140.0	178.0	175.0	213.0	170.0	236.0	162.0	252.0	177.0	185.0	200.0	158.0	196.0	197.0	202.0	169.0	222.0	174.0	267.0	177.0	255.0	249.0	266.0	208.0	283.0	220.0	297.0	220.0	362.0	185.0	0
78.0	200.0	73.0	215.0	101.0	197.0	162.0	163.0	140.0	179.0	171.0	213.0	170.0	235.0	161.0	252.0	179.0	185.0	200.0	158.0	194.0	195.0	203.0	169.0	223.0	174.0	266.0	178.0	255.0	247.0	260.0	206.0	284.0	221.0	298.0	220.0	360.0	185.0	0
73.0	200.0	67.0	214.0	97.0	197.0	155.0	164.0	140.0	178.0	173.0	213.0	171.0	236.0	162.0	254.0	180.0	186.0	199.0	157.0	193.0	195.0	204.0	170.0	226.0	176.0	271.0	179.0	257.0	250.0	265.0	206.0	286.0	219.0	301.0	219.0	365.0	182.0	0
77.0	202.0	73.0	215.0	97.0	199.0	157.0	164.0	141.0	179.0	174.0	211.0	172.0	236.0	164.0	251.0	180.0	186.0	200.0	158.0	194.0	195.0	205.0	170.0	225.0	176.0	268.0	179.0	255.0	247.0	263.0	205.0	282.0	218.0	296.0	219.0	365.0	187.0	0
72.0	200.0	69.0	214.0	95.0	198.0	158.0	163.0	143.0	177.0	177.0	214.0	174.0	237.0	164.0	253.0	180.0	185.0	200.0	158.0	198.0	196.0	205.0	170.0	226.0	176.0	269.0	178.0	258.0	249.0	266.0	206.0	285.0	219.0	299.0	219.0	365.0	183.0	0
70.0	201.0	64.0	215.0	91.0	199.0	156.0	162.0	140.0	178.0	172.0	215.0	169.0	238.0	159.0	255.0	177.0	185.0	200.0	156.0	196.0	197.0	204.0	169.0	226.0	175.0	269.0	178.0	260.0	251.0	264.0	207.0	287.0	220.0	302.0	220.0	371.0	183.0	0
76.0	199.0	72.0	214.0	99.0	197.0	157.0	165.0	141.0	180.0	174.0	213.0	171.0	234.0	164.0	252.0	180.0	186.0	201.0	159.0	197.0	197.0	204.0	171.0	228.0	177.0	266.0	179.0	255.0	248.0	263.0	207.0	282.0	219.0	294.0	219.0	359.0	184.0	0
76.0	201.0	71.0	215.0	100.0	198.0	157.0	166.0	143.0	180.0	175.0	212.0	173.0	233.0	164.0	251.0	181.0	187.0	199.0	159.0	196.0	195.0	203.0	170.0	225.0	176.0	266.0	178.0	256.0	247.0	266.0	206.0	285.0	219.0	299.0	219.0	361.0	186.0	0
73.0	201.0	70.0	216.0	96.0	197.0	158.0	162.0	139.0	178.0	171.0	213.0	170.0	237.0	161.0	254.0	178.0	184.0	201.0	156.0	197.0	196.0	204.0	168.0	227.0	175.0	270.0	179.0	256.0	249.0	265.0	207.0	285.0	220.0	299.0	220.0	365.0	185.0	0
80.0	202.0	77.0	215.0	102.0	199.0	157.0	166.0	143.0	181.0	176.0	213.0	173.0	234.0	164.0	250.0	180.0	187.0	200.0	160.0	196.0	196.0	204.0	172.0	225.0	178.0	266.0	179.0	253.0	246.0	257.0	203.0	283.0	219.0	297.0	220.0	362.0	188.0	0
74.0	200.0	71.0	215.0	95.0	198.0	157.0	163.0	140.0	178.0	175.0	213.0	171.0	235.0	162.0	254.0	175.0	184.0	200.0	157.0	198.0	196.0	203.0	168.0	225.0	175.0	265.0	177.0	255.0	248.0	263.0	206.0	282.0	219.0	297.0	220.0	369.0	184.0	0
81.0	201.0	76.0	215.0	99.0	198.0	160.0	165.0	143.0	179.0	174.0	211.0	172.0	234.0	163.0	251.0	181.0	187.0	201.0	159.0	196.0	196.0	204.0	171.0	225.0	177.0	264.0	179.0	256.0	247.0	263.0	206.0	283.0	219.0	296.0	219.0	361.0	186.0	0
76.0	200.0	73.0	215.0	98.0	197.0	158.0	164.0	142.0	179.0	172.0	211.0	171.0	234.0	162.0	251.0	180.0	186.0	202.0	158.0	193.0	195.0	205.0	169.0	227.0	176.0	268.0	178.0	256.0	249.0	264.0	205.0	285.0	219.0	298.0	219.0	368.0	186.0	0
76.0	201.0	72.0	214.0	97.0	198.0	158.0	165.0	142.0	179.0	175.0	214.0	172.0	236.0	163.0	252.0	179.0	186.0	200.0	158.0	197.0	197.0	204.0	169.0	226.0	175.0	267.0	177.0	257.0	249.0	265.0	206.0	287.0	220.0	300.0	219.0	364.0	185.0	0
72.0	202.0	69.0	217.0	96.0	199.0	156.0	164.0	138.0	180.0	174.0	214.0	171.0	235.0	164.0	252.0	178.0	185.0	198.0	158.0	196.0	195.0	202.0	170.0	223.0	175.0	270.0	178.0	257.0	249.0	265.0	205.0	287.0	220.0	301.0	220.0	364.0	186.0	0
75.0	201.0	71.0	215.0	96.0	199.0	157.0	163.0	141.0	178.0	176.0	214.0	173.0	237.0	165.0	254.0	180.0	185.0	198.0	156.0	195.0	196.0	202.0	169.0	226.0	176.0	267.0	177.0	258.0	248.0	263.0	204.0	286.0	220.0	300.0	219.0	366.0	184.0	0
78.0	201.0	74.0	216.0	97.0	198.0	156.0	162.0	137.0	179.0	176.0	215.0	172.0	237.0	163.0	256.0	178.0	184.0	198.0	156.0	199.0	197.0	202.0	167.0	223.0	173.0	269.0	176.0	255.0	251.0	265.0	206.0	285.0	219.0	299.0	219.0	363.0	183.0	0
78.0	201.0	76.0	217.0	101.0	198.0	158.0	163.0	141.0	179.0	173.0	212.0	170.0	233.0	162.0	250.0	181.0	186.0	200.0	159.0	198.0	198.0	204.0	170.0	225.0	176.0	266.0	178.0	255.0	247.0	263.0	206.0	283.0	219.0	296.0	219.0	366.0	188.0	0
70.0	200.0	67.0	216.0	92.0	197.0	157.0	163.0	140.0	178.0	173.0	213.0	171.0	236.0	163.0	254.0	180.0	185.0	201.0	158.0	196.0	196.0	204.0	170.0	228.0	177.0	270.0	179.0	258.0	248.0	265.0	207.0	286.0	220.0	300.0	221.0	366.0	184.0	0
78.0	200.0	72.0	215.0	98.0	197.0	158.0	162.0	140.0	178.0	172.0	214.0	168.0	236.0	160.0	253.0	177.0	185.0	201.0	157.0	199.0	198.0	204.0	169.0	226.0	175.0	268.0	177.0	257.0	250.0	267.0	207.0	286.0	220.0	300.0	220.0	364.0	185.0	0
66.0	201.0	63.0	218.0	90.0	197.0	154.0	160.0	134.0	177.0	174.0	215.0	170.0	239.0	161.0	257.0	178.0	184.0	198.0	154.0	199.0	197.0	204.0	167.0	226.0	173.0	270.0	175.0	268.0	253.0	269.0	207.0	293.0	220.0	307.0	220.0	380.0	182.0	0
73.0	201.0	70.0	216.0	98.0	197.0	154.0	163.0	139.0	179.0	172.0	212.0	170.0	235.0	161.0	252.0	178.0	185.0	199.0	157.0	194.0	195.0	203.0	170.0	226.0	175.0	268.0	178.0	256.0	249.0	263.0	205.0	286.0	220.0	301.0	220.0	367.0	184.0	0
73.0	200.0	71.0	216.0	92.0	198.0	156.0	164.0	141.0	178.0	173.0	213.0	170.0	236.0	161.0	253.0	180.0	186.0	201.0	159.0	199.0	197.0	206.0	171.0	227.0	176.0	268.0	179.0	258.0	251.0	265.0	206.0	289.0	221.0	302.0	220.0	359.0	182.0	0
68.0	200.0	63.0	216.0	89.0	197.0	155.0	160.0	136.0	178.0	172.0	214.0	169.0	239.0	160.0	259.0	182.0	184.0	202.0	154.0	196.0	195.0	205.0	166.0	226.0	171.0	266.0	175.0	260.0	252.0	266.0	206.0	291.0	221.0	304.0	220.0	378.0	184.0	0
73.0	201.0	69.0	217.0	97.0	198.0	156.0	163.0	137.0	179.0	174.0	213.0	172.0	236.0	162.0	255.0	183.0	185.0	196.0	157.0	196.0	195.0	201.0	169.0	221.0	174.0	268.0	177.0	258.0	248.0	267.0	206.0	288.0	219.0	301.0	218.0	370.0	186.0	0
77.0	199.0	74.0	216.0	97.0	197.0	157.0	164.0	141.0	178.0	172.0	214.0	169.0	236.0	161.0	253.0	179.0	185.0	202.0	158.0	197.0	198.0	206.0	170.0	227.0	176.0	268.0	179.0	256.0	249.0	262.0	206.0	284.0	220.0	297.0	220.0	363.0	187.0	0
74.0	200.0	71.0	216.0	96.0	198.0	158.0	162.0	139.0	178.0	173.0	213.0	169.0	235.0	159.0	252.0	177.0	185.0	199.0	156.0	197.0	196.0	204.0	168.0	226.0	174.0	268.0	177.0	256.0	251.0	266.0	208.0	287.0	221.0	300.0	221.0	366.0	184.0	0
75.0	199.0	71.0	215.0	97.0	197.0	158.0	163.0	141.0	178.0	173.0	213.0	170.0	237.0	163.0	255.0	179.0	185.0	202.0	157.0	197.0	197.0	207.0	169.0	226.0	175.0	266.0	177.0	256.0	250.0	264.0	206.0	286.0	221.0	299.0	221.0	367.0	185.0	0
80.0	200.0	76.0	215.0	102.0	197.0	158.0	165.0	143.0	179.0	175.0	212.0	172.0	235.0	163.0	250.0	181.0	187.0	201.0	159.0	197.0	198.0	206.0	172.0	226.0	177.0	265.0	179.0	256.0	249.0	261.0	206.0	284.0	221.0	298.0	220.0	360.0	183.0	0
78.0	201.0	74.0	215.0	96.0	199.0	155.0	164.0	139.0	179.0	174.0	212.0	172.0	235.0	162.0	252.0	182.0	186.0	198.0	158.0	197.0	196.0	202.0	170.0	224.0	175.0	270.0	177.0	256.0	248.0	265.0	206.0	285.0	219.0	300.0	219.0	366.0	185.0	0
73.0	201.0	70.0	217.0	96.0	198.0	156.0	163.0	141.0	177.0	174.0	213.0	170.0	236.0	160.0	252.0	182.0	186.0	198.0	157.0	197.0	196.0	204.0	170.0	225.0	175.0	264.0	177.0	256.0	248.0	265.0	206.0	287.0	221.0	299.0	220.0	366.0	186.0	0
79.0	201.0	75.0	214.0	100.0	198.0	160.0	165.0	145.0	180.0	174.0	212.0	172.0	234.0	164.0	250.0	180.0	185.0	200.0	159.0	196.0	197.0	205.0	171.0	226.0	177.0	262.0	178.0	256.0	248.0	260.0	206.0	278.0	219.0	292.0	219.0	357.0	186.0	0
72.0	201.0	68.0	216.0	90.0	198.0	153.0	162.0	135.0	177.0	172.0	214.0	170.0	237.0	160.0	255.0	176.0	185.0	199.0	156.0	195.0	197.0	203.0	168.0	228.0	174.0	272.0	178.0	255.0	251.0	265.0	205.0	288.0	220.0	303.0	221.0	368.0	183.0	0
77.0	199.0	73.0	215.0	100.0	198.0	159.0	164.0	142.0	180.0	174.0	213.0	172.0	236.0	163.0	253.0	183.0	186.0	203.0	157.0	198.0	197.0	209.0	170.0	229.0	176.0	267.0	178.0	256.0	249.0	266.0	207.0	287.0	220.0	299.0	219.0	366.0	185.0	0
74.0	200.0	70.0	215.0	95.0	197.0	158.0	163.0	143.0	177.0	174.0	212.0	171.0	236.0	161.0	253.0	179.0	184.0	203.0	156.0	197.0	195.0	207.0	169.0	226.0	174.0	268.0	177.0	253.0	250.0	264.0	207.0	285.0	221.0	299.0	220.0	364.0	185.0	0
74.0	202.0	71.0	218.0	96.0	199.0	156.0	164.0	139.0	179.0	173.0	213.0	170.0	236.0	161.0	254.0	180.0	185.0	202.0	157.0	197.0	195.0	206.0	170.0	228.0	175.0	270.0	178.0	256.0	250.0	262.0	205.0	284.0	222.0	301.0	222.0	366.0	187.0	0
75.0	201.0	71.0	215.0	98.0	198.0	156.0	166.0	142.0	179.0	176.0	213.0	173.0	235.0	164.0	252.0	181.0	187.0	201.0	160.0	196.0	198.0	204.0	171.0	224.0	175.0	264.0	178.0	257.0	249.0	266.0	208.0	287.0	220.0	300.0	220.0	365.0	182.0	0
74.0	200.0	71.0	215.0	97.0	197.0	158.0	164.0	141.0	178.0	174.0	213.0	170.0	235.0	164.0	252.0	182.0	186.0	199.0	158.0	198.0	196.0	204.0	171.0	226.0	177.0	270.0	179.0	256.0	247.0	264.0	206.0	284.0	219.0	298.0	219.0	360.0	184.0	0
71.0	200.0	67.0	214.0	93.0	198.0	156.0	164.0	139.0	179.0	173.0	212.0	168.0	235.0	161.0	252.0	179.0	185.0	203.0	158.0	197.0	196.0	206.0	169.0	229.0	175.0	272.0	178.0	260.0	248.0	266.0	206.0	288.0	220.0	302.0	221.0	368.0	184.0	0
76.0	200.0	71.0	215.0	99.0	198.0	160.0	164.0	144.0	178.0	175.0	213.0	173.0	236.0	165.0	254.0	180.0	185.0	201.0	158.0	196.0	196.0	204.0	169.0	223.0	175.0	266.0	178.0	258.0	249.0	262.0	205.0	286.0	219.0	300.0	219.0	363.0	185.0	0
74.0	201.0	71.0	216.0	99.0	198.0	161.0	163.0	144.0	178.0	173.0	212.0	170.0	236.0	162.0	253.0	182.0	186.0	200.0	158.0	195.0	196.0	204.0	169.0	226.0	175.0	267.0	179.0	255.0	249.0	262.0	205.0	286.0	219.0	299.0	219.0	365.0	187.0	0
77.0	200.0	73.0	216.0	100.0	197.0	160.0	163.0	142.0	179.0	174.0	213.0	170.0	236.0	161.0	254.0	181.0	186.0	200.0	157.0	195.0	195.0	205.0	170.0	225.0	175.0	269.0	178.0	255.0	249.0	262.0	205.0	284.0	220.0	297.0	220.0	361.0	185.0	0
73.0	201.0	68.0	216.0	96.0	199.0	158.0	164.0	140.0	178.0	176.0	212.0	173.0	235.0	163.0	253.0	182.0	185.0	197.0	157.0	197.0	193.0	202.0	169.0	224.0	174.0	268.0	177.0	255.0	248.0	265.0	206.0	286.0	220.0	302.0	219.0	364.0	186.0	0
73.0	201.0	69.0	217.0	95.0	198.0	158.0	162.0	141.0	177.0	172.0	213.0	169.0	237.0	160.0	255.0	180.0	185.0	200.0	157.0	196.0	197.0	203.0	168.0	226.0	175.0	270.0	178.0	257.0	250.0	266.0	208.0	285.0	221.0	300.0	221.0	370.0	185.0	0
74.0	201.0	70.0	216.0	93.0	198.0	152.0	163.0	136.0	178.0	171.0	214.0	170.0	237.0	161.0	255.0	175.0	185.0	197.0	156.0	192.0	195.0	202.0	168.0	226.0	173.0	271.0	176.0	259.0	249.0	268.0	206.0	290.0	220.0	306.0	220.0	365.0	182.0	0
76.0	199.0	71.0	214.0	98.0	197.0	158.0	164.0	141.0	179.0	172.0	213.0	170.0	236.0	161.0	252.0	179.0	185.0	201.0	158.0	196.0	197.0	204.0	170.0	225.0	176.0	262.0	179.0	256.0	248.0	264.0	208.0	284.0	221.0	300.0	220.0	363.0	183.0	0
78.0	201.0	75.0	216.0	96.0	198.0	157.0	164.0	140.0	179.0	175.0	212.0	173.0	235.0	164.0	252.0	182.0	186.0	199.0	158.0	197.0	197.0	205.0	171.0	226.0	176.0	267.0	177.0	256.0	250.0	265.0	207.0	286.0	220.0	300.0	220.0	363.0	181.0	0
76.0	202.0	72.0	216.0	97.0	199.0	157.0	164.0	138.0	179.0	173.0	213.0	172.0	236.0	165.0	252.0	177.0	185.0	195.0	158.0	196.0	197.0	200.0	169.0	219.0	175.0	266.0	177.0	259.0	247.0	264.0	206.0	286.0	220.0	300.0	220.0	367.0	185.0	0
79.0	201.0	76.0	216.0	99.0	198.0	159.0	163.0	142.0	179.0	172.0	212.0	171.0	236.0	162.0	252.0	182.0	186.0	201.0	158.0	197.0	196.0	205.0	170.0	224.0	174.0	267.0	178.0	256.0	249.0	266.0	208.0	284.0	219.0	297.0	219.0	367.0	186.0	0
79.0	199.0	74.0	215.0	103.0	197.0	159.0	165.0	143.0	179.0	171.0	213.0	170.0	235.0	160.0	251.0	178.0	186.0	199.0	158.0	195.0	198.0	204.0	171.0	225.0	176.0	270.0	179.0	249.0	247.0	261.0	207.0	280.0	220.0	292.0	219.0	360.0	184.0	0
80.0	200.0	77.0	213.0	103.0	198.0	159.0	165.0	142.0	181.0	175.0	212.0	171.0	233.0	162.0	247.0	180.0	186.0	199.0	160.0	196.0	198.0	205.0	173.0	224.0	178.0	261.0	179.0	254.0	246.0	261.0	206.0	279.0	218.0	292.0	218.0	357.0	187.0	0
74.0	201.0	72.0	218.0	95.0	198.0	159.0	162.0	142.0	177.0	171.0	212.0	168.0	235.0	159.0	254.0	180.0	185.0	201.0	157.0	194.0	195.0	204.0	169.0	226.0	175.0	271.0	178.0	256.0	250.0	265.0	208.0	284.0	222.0	300.0	221.0	365.0	186.0	0
70.0	200.0	66.0	216.0	95.0	197.0	155.0	162.0	138.0	177.0	172.0	213.0	170.0	236.0	161.0	254.0	179.0	185.0	202.0	156.0	196.0	196.0	206.0	169.0	226.0	175.0	267.0	178.0	256.0	252.0	265.0	208.0	286.0	222.0	300.0	222.0	365.0	183.0	0
74.0	200.0	70.0	215.0	96.0	197.0	157.0	164.0	141.0	178.0	175.0	213.0	171.0	235.0	162.0	253.0	183.0	186.0	201.0	159.0	200.0	197.0	206.0	172.0	226.0	177.0	269.0	179.0	260.0	248.0	262.0	205.0	286.0	219.0	301.0	219.0	368.0	185.0	0
79.0	200.0	75.0	214.0	99.0	198.0	158.0	165.0	142.0	179.0	175.0	213.0	173.0	236.0	164.0	252.0	181.0	186.0	199.0	158.0	197.0	196.0	203.0	170.0	223.0	175.0	263.0	178.0	254.0	249.0	262.0	206.0	283.0	220.0	297.0	219.0	361.0	185.0	0
70.0	200.0	66.0	216.0	92.0	198.0	156.0	162.0	141.0	176.0	173.0	213.0	170.0	237.0	162.0	256.0	178.0	184.0	201.0	155.0	195.0	196.0	205.0	168.0	225.0	174.0	267.0	176.0	256.0	250.0	265.0	207.0	286.0	221.0	301.0	220.0	369.0	184.0	0
72.0	201.0	67.0	215.0	93.0	199.0	156.0	163.0	139.0	179.0	171.0	213.0	169.0	236.0	160.0	253.0	179.0	186.0	201.0	157.0	192.0	196.0	206.0	170.0	226.0	175.0	270.0	178.0	256.0	251.0	266.0	207.0	287.0	221.0	301.0	221.0	366.0	184.0	0
77.0	199.0	72.0	214.0	98.0	197.0	161.0	162.0	143.0	178.0	173.0	213.0	169.0	235.0	161.0	251.0	180.0	185.0	203.0	157.0	195.0	196.0	206.0	169.0	226.0	174.0	268.0	179.0	251.0	250.0	260.0	206.0	281.0	219.0	293.0	220.0	366.0	190.0	0
74.0	199.0	71.0	215.0	95.0	197.0	155.0	162.0	139.0	177.0	175.0	214.0	170.0	237.0	160.0	254.0	180.0	185.0	199.0	156.0	199.0	197.0	204.0	169.0	226.0	175.0	268.0	178.0	258.0	250.0	265.0	206.0	288.0	219.0	300.0	218.0	367.0	183.0	0
77.0	199.0	72.0	215.0	101.0	197.0	161.0	162.0	144.0	177.0	174.0	213.0	171.0	234.0	162.0	251.0	183.0	186.0	203.0	158.0	198.0	198.0	208.0	171.0	227.0	176.0	265.0	178.0	253.0	249.0	264.0	207.0	283.0	221.0	297.0	221.0	362.0	184.0	0
69.0	200.0	65.0	216.0	94.0	197.0	158.0	161.0	141.0	177.0	173.0	213.0	170.0	238.0	160.0	256.0	182.0	185.0	201.0	156.0	196.0	195.0	205.0	168.0	226.0	174.0	266.0	177.0	257.0	253.0	268.0	208.0	288.0	221.0	304.0	221.0	372.0	184.0	0
75.0	200.0	72.0	216.0	95.0	197.0	157.0	162.0	139.0	178.0	174.0	213.0	172.0	238.0	163.0	254.0	181.0	187.0	201.0	157.0	197.0	197.0	206.0	169.0	225.0	174.0	267.0	176.0	259.0	251.0	267.0	208.0	289.0	221.0	302.0	220.0	366.0	183.0	0
75.0	200.0	71.0	214.0	99.0	197.0	156.0	165.0	142.0	179.0	175.0	211.0	170.0	234.0	160.0	252.0	181.0	186.0	201.0	160.0	198.0	196.0	203.0	170.0	226.0	176.0	266.0	178.0	256.0	250.0	265.0	208.0	285.0	221.0	299.0	220.0	363.0	181.0	0
67.0	201.0	63.0	216.0	90.0	197.0	155.0	162.0	138.0	178.0	173.0	213.0	168.0	237.0	160.0	254.0	180.0	185.0	200.0	156.0	195.0	194.0	205.0	169.0	226.0	174.0	269.0	176.0	256.0	251.0	264.0	206.0	288.0	221.0	303.0	221.0	372.0	183.0	0
76.0	200.0	71.0	215.0	101.0	196.0	156.0	165.0	140.0	180.0	173.0	213.0	170.0	234.0	161.0	251.0	179.0	187.0	199.0	159.0	195.0	197.0	205.0	172.0	225.0	176.0	264.0	178.0	259.0	249.0	266.0	206.0	288.0	220.0	302.0	220.0	368.0	182.0	0
77.0	200.0	73.0	213.0	102.0	198.0	158.0	165.0	142.0	180.0	175.0	213.0	172.0	235.0	165.0	251.0	182.0	187.0	201.0	158.0	196.0	197.0	205.0	171.0	225.0	175.0	266.0	178.0	257.0	249.0	261.0	206.0	284.0	220.0	297.0	220.0	360.0	183.0	0
69.0	203.0	64.0	218.0	93.0	199.0	156.0	162.0	139.0	178.0	174.0	214.0	171.0	237.0	161.0	256.0	179.0	184.0	201.0	155.0	194.0	195.0	205.0	168.0	229.0	174.0	273.0	176.0	258.0	251.0	271.0	209.0	290.0	222.0	305.0	222.0	373.0	185.0	0
82.0	201.0	78.0	217.0	103.0	197.0	159.0	163.0	140.0	180.0	174.0	212.0	173.0	236.0	164.0	253.0	180.0	185.0	201.0	157.0	196.0	195.0	205.0	169.0	227.0	176.0	264.0	178.0	254.0	249.0	264.0	207.0	285.0	221.0	299.0	220.0	366.0	184.0	0
74.0	201.0	72.0	216.0	95.0	198.0	159.0	164.0	143.0	178.0	174.0	213.0	170.0	236.0	162.0	252.0	179.0	185.0	200.0	159.0	198.0	197.0	204.0	170.0	226.0	176.0	266.0	178.0	254.0	248.0	266.0	208.0	283.0	220.0	298.0	220.0	367.0	186.0	0
76.0	201.0	72.0	215.0	96.0	199.0	157.0	163.0	142.0	178.0	173.0	212.0	170.0	235.0	161.0	253.0	183.0	186.0	201.0	157.0	199.0	197.0	204.0	169.0	224.0	174.0	264.0	176.0	255.0	250.0	264.0	206.0	286.0	221.0	299.0	221.0	366.0	185.0	0
71.0	202.0	67.0	216.0	94.0	199.0	156.0	163.0	136.0	179.0	172.0	213.0	169.0	237.0	159.0	253.0	180.0	185.0	198.0	156.0	195.0	196.0	202.0	169.0	226.0	174.0	270.0	176.0	257.0	250.0	266.0	207.0	288.0	222.0	303.0	221.0	371.0	184.0	0
81.0	202.0	77.0	217.0	102.0	199.0	157.0	166.0	140.0	180.0	176.0	212.0	173.0	236.0	166.0	251.0	179.0	186.0	198.0	159.0	196.0	197.0	202.0	170.0	223.0	176.0	262.0	178.0	258.0	248.0	262.0	205.0	283.0	219.0	296.0	218.0	361.0	185.0	0
66.0	200.0	62.0	216.0	88.0	198.0	153.0	163.0	135.0	178.0	171.0	214.0	169.0	237.0	159.0	257.0	178.0	185.0	199.0	156.0	195.0	196.0	204.0	169.0	225.0	174.0	274.0	178.0	260.0	252.0	268.0	207.0	292.0	222.0	308.0	221.0	380.0	183.0	0
81.0	201.0	79.0	215.0	102.0	199.0	159.0	165.0	143.0	180.0	176.0	212.0	174.0	233.0	164.0	250.0	181.0	186.0	199.0	159.0	196.0	196.0	203.0	171.0	223.0	176.0	265.0	180.0	254.0	244.0	260.0	205.0	280.0	218.0	293.0	218.0	361.0	187.0	0
76.0	201.0	72.0	216.0	98.0	198.0	156.0	164.0	138.0	180.0	174.0	212.0	171.0	235.0	163.0	252.0	180.0	185.0	200.0	158.0	196.0	195.0	204.0	170.0	227.0	175.0	269.0	176.0	256.0	247.0	266.0	205.0	285.0	219.0	299.0	219.0	367.0	186.0	0
74.0	201.0	71.0	217.0	93.0	198.0	155.0	164.0	140.0	177.0	172.0	212.0	169.0	235.0	160.0	251.0	180.0	185.0	199.0	158.0	195.0	196.0	203.0	170.0	226.0	176.0	269.0	179.0	253.0	249.0	264.0	206.0	282.0	219.0	297.0	220.0	365.0	187.0	0
74.0	200.0	70.0	215.0	95.0	197.0	159.0	161.0	142.0	177.0	173.0	213.0	169.0	237.0	161.0	254.0	178.0	185.0	201.0	156.0	197.0	196.0	206.0	168.0	227.0	174.0	268.0	177.0	254.0	250.0	266.0	208.0	283.0	221.0	297.0	221.0	366.0	187.0	0
78.0	200.0	73.0	214.0	96.0	197.0	161.0	163.0	144.0	178.0	174.0	213.0	172.0	235.0	163.0	253.0	180.0	185.0	202.0	158.0	197.0	196.0	206.0	170.0	224.0	174.0	263.0	177.0	253.0	250.0	261.0	206.0	284.0	220.0	296.0	220.0	363.0	186.0	0
77.0	200.0	73.0	217.0	97.0	196.0	159.0	162.0	141.0	176.0	174.0	213.0	171.0	237.0	161.0	254.0	180.0	184.0	201.0	157.0	195.0	196.0	205.0	169.0	227.0	174.0	271.0	178.0	252.0	250.0	265.0	207.0	285.0	220.0	299.0	220.0	365.0	185.0	0
72.0	201.0	68.0	215.0	96.0	198.0	153.0	165.0	137.0	181.0	174.0	212.0	172.0	234.0	163.0	252.0	177.0	186.0	200.0	158.0	197.0	198.0	205.0	171.0	225.0	176.0	268.0	178.0	262.0	247.0	266.0	205.0	289.0	219.0	304.0	218.0	370.0	184.0	0
74.0	202.0	71.0	215.0	102.0	198.0	156.0	165.0	138.0	181.0	173.0	212.0	170.0	234.0	161.0	252.0	178.0	187.0	196.0	159.0	194.0	197.0	201.0	171.0	221.0	176.0	265.0	178.0	257.0	247.0	262.0	205.0	284.0	219.0	299.0	219.0	366.0	186.0	0
72.0	201.0	69.0	215.0	96.0	199.0	157.0	164.0	141.0	178.0	173.0	213.0	171.0	236.0	162.0	252.0	177.0	186.0	200.0	158.0	198.0	198.0	205.0	170.0	225.0	175.0	269.0	177.0	256.0	249.0	265.0	206.0	285.0	219.0	300.0	220.0	367.0	185.0	0
73.0	200.0	69.0	216.0	96.0	197.0	157.0	161.0	140.0	177.0	171.0	213.0	170.0	237.0	161.0	254.0	181.0	185.0	202.0	156.0	197.0	196.0	206.0	169.0	228.0	175.0	270.0	178.0	255.0	251.0	268.0	208.0	286.0	221.0	300.0	221.0	368.0	185.0	0
72.0	200.0	68.0	214.0	92.0	197.0	158.0	163.0	139.0	179.0	171.0	213.0	168.0	235.0	159.0	252.0	180.0	185.0	200.0	157.0	195.0	196.0	204.0	170.0	229.0	176.0	272.0	179.0	255.0	248.0	263.0	205.0	285.0	220.0	299.0	220.0	367.0	186.0	0
73.0	200.0	70.0	217.0	98.0	197.0	154.0	163.0	138.0	178.0	171.0	212.0	169.0	237.0	161.0	255.0	178.0	184.0	200.0	156.0	198.0	197.0	204.0	168.0	224.0	173.0	270.0	176.0	257.0	250.0	265.0	207.0	286.0	221.0	299.0	221.0	368.0	184.0	0
76.0	200.0	70.0	214.0	99.0	198.0	159.0	164.0	141.0	180.0	175.0	213.0	172.0	235.0	164.0	252.0	179.0	185.0	201.0	159.0	196.0	197.0	206.0	171.0	228.0	176.0	266.0	178.0	258.0	248.0	264.0	205.0	286.0	219.0	300.0	220.0	366.0	185.0	0
74.0	201.0	72.0	216.0	97.0	197.0	156.0	165.0	141.0	181.0	175.0	212.0	173.0	233.0	164.0	251.0	179.0	187.0	201.0	159.0	194.0	196.0	205.0	171.0	225.0	175.0	267.0	178.0	257.0	247.0	264.0	205.0	285.0	218.0	299.0	219.0	363.0	184.0	0
74.0	201.0	71.0	218.0	97.0	198.0	156.0	164.0	141.0	178.0	175.0	213.0	172.0	236.0	164.0	252.0	179.0	185.0	202.0	157.0	198.0	196.0	204.0	168.0	226.0	173.0	269.0	176.0	256.0	248.0	267.0	206.0	285.0	220.0	302.0	220.0	366.0	187.0	0
73.0	200.0	68.0	216.0	92.0	198.0	158.0	161.0	138.0	179.0	175.0	214.0	172.0	238.0	163.0	256.0	177.0	184.0	201.0	155.0	198.0	195.0	205.0	167.0	224.0	172.0	267.0	176.0	257.0	250.0	266.0	207.0	288.0	220.0	303.0	220.0	371.0	184.0	0
77.0	201.0	73.0	216.0	97.0	198.0	158.0	163.0	143.0	178.0	176.0	213.0	171.0	236.0	162.0	252.0	180.0	185.0	202.0	157.0	199.0	196.0	205.0	169.0	227.0	175.0	266.0	179.0	256.0	250.0	262.0	206.0	283.0	219.0	298.0	220.0	365.0	188.0	0
75.0	201.0	73.0	217.0	100.0	197.0	155.0	163.0	138.0	178.0	172.0	212.0	170.0	237.0	161.0	254.0	184.0	185.0	198.0	157.0	195.0	194.0	202.0	169.0	225.0	175.0	268.0	178.0	259.0	249.0	269.0	207.0	287.0	219.0	300.0	219.0	369.0	185.0	0
77.0	202.0	75.0	217.0	96.0	200.0	153.0	165.0	139.0	178.0	173.0	212.0	171.0	235.0	163.0	252.0	180.0	186.0	197.0	159.0	193.0	195.0	201.0	171.0	223.0	176.0	267.0	179.0	255.0	246.0	260.0	205.0	282.0	219.0	296.0	218.0	360.0	186.0	0
81.0	200.0	75.0	215.0	99.0	198.0	161.0	164.0	143.0	179.0	174.0	213.0	171.0	236.0	164.0	253.0	181.0	186.0	201.0	158.0	196.0	196.0	205.0	169.0	223.0	175.0	268.0	178.0	256.0	247.0	262.0	207.0	283.0	220.0	297.0	220.0	362.0	186.0	0
78.0	200.0	74.0	215.0	102.0	198.0	159.0	164.0	142.0	180.0	175.0	213.0	173.0	235.0	165.0	252.0	180.0	185.0	204.0	158.0	195.0	197.0	208.0	171.0	226.0	176.0	268.0	178.0	255.0	249.0	264.0	207.0	284.0	220.0	297.0	221.0	364.0	185.0	0
75.0	200.0	70.0	215.0	96.0	197.0	157.0	162.0	139.0	179.0	173.0	213.0	168.0	236.0	161.0	253.0	179.0	185.0	200.0	156.0	197.0	197.0	205.0	169.0	228.0	175.0	270.0	178.0	254.0	250.0	263.0	206.0	284.0	220.0	299.0	221.0	369.0	185.0	0
81.0	199.0	75.0	214.0	101.0	197.0	157.0	165.0	141.0	179.0	174.0	212.0	169.0	233.0	160.0	250.0	180.0	185.0	200.0	158.0	195.0	195.0	204.0	170.0	226.0	176.0	265.0	178.0	252.0	247.0	263.0	206.0	285.0	220.0	298.0	220.0	361.0	186.0	0
76.0	201.0	72.0	216.0	95.0	198.0	159.0	162.0	141.0	177.0	173.0	212.0	171.0	236.0	161.0	253.0	182.0	185.0	200.0	157.0	195.0	195.0	205.0	170.0	226.0	176.0	264.0	179.0	253.0	248.0	264.0	207.0	284.0	220.0	297.0	220.0	363.0	186.0	0
75.0	202.0	69.0	216.0	97.0	198.0	157.0	164.0	140.0	180.0	172.0	212.0	171.0	236.0	163.0	253.0	179.0	186.0	199.0	158.0	195.0	196.0	204.0	170.0	227.0	176.0	265.0	178.0	254.0	248.0	263.0	207.0	283.0	220.0	300.0	221.0	365.0	185.0	0
78.0	201.0	73.0	215.0	99.0	198.0	156.0	163.0	141.0	179.0	175.0	213.0	171.0	235.0	162.0	253.0	178.0	186.0	198.0	158.0	196.0	197.0	203.0	170.0	224.0	175.0	265.0	178.0	253.0	248.0	264.0	208.0	282.0	219.0	294.0	219.0	363.0	187.0	0
79.0	200.0	75.0	214.0	101.0	197.0	159.0	163.0	144.0	176.0	175.0	211.0	172.0	234.0	162.0	252.0	181.0	184.0	200.0	157.0	197.0	195.0	204.0	168.0	226.0	174.0	267.0	178.0	250.0	248.0	264.0	206.0	282.0	219.0	297.0	219.0	362.0	188.0	0
70.0	201.0	65.0	216.0	91.0	198.0	158.0	160.0	139.0	177.0	170.0	214.0	168.0	239.0	159.0	256.0	180.0	185.0	202.0	154.0	195.0	196.0	205.0	168.0	226.0	174.0	267.0	177.0	257.0	253.0	266.0	208.0	287.0	222.0	301.0	222.0	369.0	183.0	0
74.0	200.0	70.0	215.0	96.0	198.0	158.0	162.0	140.0	179.0	171.0	213.0	170.0	237.0	161.0	254.0	181.0	186.0	200.0	157.0	194.0	196.0	208.0	170.0	226.0	175.0	268.0	178.0	255.0	249.0	263.0	207.0	282.0	220.0	296.0	220.0	367.0	189.0	0
79.0	199.0	76.0	216.0	101.0	197.0	159.0	163.0	142.0	179.0	174.0	211.0	171.0	235.0	161.0	251.0	182.0	185.0	201.0	157.0	197.0	196.0	205.0	169.0	225.0	175.0	262.0	178.0	251.0	248.0	262.0	207.0	280.0	219.0	294.0	220.0	360.0	186.0	0
77.0	201.0	73.0	215.0	99.0	197.0	157.0	165.0	139.0	179.0	174.0	212.0	171.0	234.0	162.0	251.0	182.0	187.0	201.0	159.0	196.0	196.0	205.0	171.0	227.0	177.0	269.0	179.0	253.0	247.0	265.0	207.0	283.0	219.0	297.0	220.0	362.0	184.0	0
77.0	201.0	73.0	215.0	99.0	199.0	158.0	165.0	142.0	180.0	173.0	211.0	172.0	234.0	163.0	251.0	183.0	187.0	200.0	158.0	196.0	194.0	205.0	171.0	226.0	176.0	263.0	178.0	253.0	248.0	263.0	207.0	280.0	219.0	294.0	220.0	361.0	187.0	0
75.0	201.0	72.0	217.0	97.0	198.0	157.0	163.0	141.0	179.0	172.0	213.0	169.0	234.0	160.0	252.0	181.0	185.0	199.0	157.0	195.0	195.0	203.0	169.0	225.0	175.0	265.0	177.0	253.0	248.0	263.0	206.0	285.0	220.0	297.0	220.0	366.0	186.0	0
75.0	200.0	71.0	214.0	99.0	197.0	160.0	164.0	145.0	179.0	175.0	212.0	171.0	233.0	162.0	250.0	181.0	186.0	202.0	159.0	198.0	197.0	206.0	171.0	229.0	177.0	267.0	179.0	253.0	246.0	264.0	207.0	280.0	219.0	293.0	220.0	361.0	187.0	0
75.0	200.0	70.0	214.0	95.0	198.0	159.0	164.0	140.0	180.0	176.0	214.0	171.0	235.0	161.0	252.0	182.0	187.0	202.0	158.0	200.0	198.0	207.0	171.0	228.0	176.0	266.0	179.0	256.0	249.0	263.0	206.0	283.0	220.0	299.0	220.0	364.0	184.0	0
75.0	201.0	70.0	216.0	97.0	198.0	157.0	162.0	141.0	178.0	176.0	213.0	173.0	236.0	164.0	255.0	181.0	185.0	200.0	156.0	197.0	195.0	206.0	169.0	225.0	175.0	269.0	177.0	259.0	252.0	265.0	206.0	288.0	221.0	303.0	220.0	366.0	184.0	0
74.0	199.0	70.0	214.0	96.0	197.0	157.0	164.0	140.0	178.0	172.0	213.0	169.0	236.0	161.0	253.0	181.0	186.0	201.0	159.0	193.0	196.0	206.0	171.0	225.0	176.0	267.0	178.0	254.0	249.0	260.0	206.0	285.0	222.0	298.0	221.0	361.0	182.0	0
71.0	201.0	67.0	215.0	94.0	198.0	156.0	164.0	140.0	178.0	174.0	213.0	171.0	235.0	162.0	253.0	180.0	186.0	200.0	158.0	194.0	196.0	205.0	171.0	225.0	176.0	270.0	178.0	259.0	249.0	264.0	205.0	288.0	220.0	303.0	219.0	369.0	184.0	0
74.0	200.0	71.0	215.0	95.0	197.0	155.0	164.0	140.0	178.0	175.0	214.0	171.0	237.0	162.0	253.0	179.0	185.0	202.0	158.0	196.0	197.0	206.0	170.0	228.0	175.0	265.0	178.0	258.0	250.0	264.0	207.0	284.0	220.0	298.0	220.0	365.0	184.0	0
78.0	201.0	75.0	216.0	97.0	197.0	159.0	164.0	141.0	178.0	174.0	213.0	171.0	236.0	164.0	253.0	179.0	185.0	201.0	158.0	196.0	196.0	205.0	170.0	222.0	175.0	262.0	177.0	256.0	249.0	262.0	207.0	284.0	221.0	296.0	221.0	363.0	186.0	0
75.0	200.0	71.0	214.0	98.0	198.0	159.0	163.0	144.0	177.0	174.0	213.0	170.0	235.0	160.0	252.0	182.0	186.0	202.0	158.0	200.0	197.0	206.0	170.0	227.0	175.0	271.0	178.0	256.0	250.0	267.0	208.0	287.0	221.0	299.0	221.0	365.0	184.0	0
68.0	199.0	66.0	215.0	93.0	196.0	161.0	163.0	141.0	178.0	176.0	214.0	172.0	237.0	163.0	255.0	181.0	186.0	203.0	157.0	199.0	197.0	206.0	170.0	228.0	176.0	266.0	177.0	258.0	251.0	266.0	208.0	287.0	221.0	302.0	222.0	368.0	183.0	0
75.0	201.0	72.0	216.0	96.0	198.0	153.0	165.0	139.0	178.0	174.0	212.0	170.0	235.0	163.0	252.0	178.0	186.0	199.0	158.0	194.0	196.0	204.0	171.0	225.0	175.0	272.0	178.0	257.0	248.0	265.0	205.0	286.0	219.0	300.0	220.0	367.0	184.0	0
74.0	201.0	71.0	215.0	97.0	197.0	157.0	163.0	141.0	178.0	174.0	212.0	170.0	235.0	162.0	252.0	177.0	184.0	199.0	158.0	196.0	197.0	203.0	170.0	227.0	176.0	274.0	179.0	256.0	249.0	263.0	204.0	287.0	220.0	300.0	220.0	368.0	186.0	0
78.0	201.0	72.0	216.0	98.0	198.0	160.0	164.0	144.0	179.0	177.0	213.0	172.0	236.0	164.0	254.0	181.0	185.0	201.0	158.0	199.0	197.0	204.0	170.0	223.0	175.0	265.0	178.0	256.0	247.0	263.0	206.0	285.0	221.0	297.0	221.0	360.0	186.0	0
78.0	200.0	74.0	215.0	98.0	197.0	155.0	164.0	137.0	179.0	174.0	213.0	170.0	236.0	161.0	253.0	179.0	186.0	200.0	159.0	197.0	197.0	204.0	170.0	224.0	175.0	264.0	177.0	257.0	249.0	264.0	207.0	286.0	221.0	299.0	219.0	361.0	182.0	0
75.0	200.0	71.0	216.0	97.0	197.0	158.0	163.0	142.0	178.0	171.0	213.0	169.0	236.0	159.0	253.0	178.0	183.0	202.0	157.0	197.0	197.0	206.0	169.0	226.0	175.0	269.0	178.0	253.0	251.0	266.0	208.0	287.0	221.0	300.0	222.0	367.0	184.0	0
75.0	200.0	70.0	215.0	95.0	197.0	159.0	162.0	139.0	178.0	174.0	213.0	172.0	236.0	163.0	254.0	178.0	185.0	200.0	156.0	197.0	196.0	206.0	169.0	225.0	174.0	268.0	177.0	256.0	250.0	263.0	206.0	286.0	220.0	300.0	219.0	362.0	182.0	0
75.0	199.0	71.0	215.0	97.0	197.0	156.0	163.0	140.0	178.0	172.0	213.0	170.0	235.0	161.0	252.0	179.0	185.0	200.0	158.0	197.0	197.0	205.0	170.0	229.0	176.0	270.0	178.0	254.0	248.0	263.0	206.0	284.0	220.0	298.0	220.0	367.0	186.0	0
71.0	200.0	68.0	217.0	91.0	198.0	155.0	161.0	136.0	178.0	175.0	214.0	171.0	237.0	161.0	256.0	176.0	183.0	201.0	155.0	198.0	196.0	204.0	167.0	230.0	175.0	266.0	177.0	259.0	251.0	267.0	207.0	293.0	222.0	305.0	223.0	371.0	183.0	0
71.0	201.0	65.0	217.0	95.0	198.0	157.0	162.0	137.0	179.0	172.0	213.0	170.0	236.0	161.0	254.0	180.0	186.0	200.0	156.0	196.0	196.0	203.0	169.0	226.0	174.0	268.0	177.0	258.0	252.0	264.0	206.0	289.0	221.0	304.0	221.0	375.0	185.0	0
76.0	200.0	71.0	215.0	98.0	198.0	158.0	164.0	142.0	179.0	174.0	213.0	172.0	235.0	162.0	253.0	181.0	186.0	199.0	158.0	194.0	195.0	204.0	170.0	223.0	176.0	268.0	178.0	253.0	250.0	264.0	208.0	284.0	221.0	299.0	221.0	364.0	184.0	0
74.0	202.0	71.0	217.0	97.0	198.0	156.0	164.0	140.0	178.0	172.0	212.0	169.0	235.0	161.0	253.0	181.0	185.0	199.0	158.0	198.0	196.0	202.0	170.0	225.0	176.0	262.0	179.0	258.0	248.0	265.0	207.0	283.0	219.0	297.0	220.0	363.0	187.0	0
76.0	200.0	72.0	216.0	99.0	198.0	158.0	164.0	141.0	179.0	174.0	213.0	172.0	235.0	162.0	252.0	185.0	187.0	202.0	158.0	195.0	195.0	207.0	171.0	228.0	175.0	270.0	178.0	255.0	249.0	264.0	206.0	288.0	221.0	302.0	221.0	366.0	185.0	0
79.0	201.0	75.0	216.0	99.0	198.0	157.0	166.0	141.0	180.0	173.0	211.0	170.0	232.0	163.0	250.0	179.0	186.0	202.0	159.0	197.0	197.0	205.0	171.0	226.0	176.0	264.0	178.0	255.0	246.0	264.0	206.0	283.0	219.0	297.0	219.0	364.0	188.0	0
77.0	200.0	74.0	217.0	98.0	198.0	155.0	164.0	138.0	180.0	173.0	213.0	172.0	236.0	163.0	252.0	180.0	185.0	200.0	158.0	197.0	197.0	204.0	171.0	226.0	176.0	266.0	177.0	258.0	250.0	265.0	207.0	285.0	220.0	300.0	220.0	366.0	184.0	0
74.0	200.0	69.0	215.0	97.0	198.0	159.0	163.0	140.0	180.0	173.0	214.0	172.0	236.0	163.0	254.0	179.0	186.0	201.0	157.0	194.0	196.0	204.0	169.0	225.0	175.0	267.0	178.0	257.0	250.0	262.0	208.0	283.0	220.0	297.0	220.0	364.0	185.0	0
39.0	191.0	88.0	202.0	85.0	216.0	165.0	165.0	150.0	180.0	179.0	235.0	183.0	213.0	170.0	252.0	107.0	200.0	207.0	164.0	189.0	187.0	203.0	196.0	232.0	176.0	269.0	177.0	261.0	248.0	270.0	206.0	288.0	219.0	302.0	218.0	368.0	185.0	0
77.0	202.0	73.0	216.0	98.0	198.0	157.0	162.0	142.0	176.0	173.0	212.0	171.0	236.0	161.0	253.0	182.0	185.0	201.0	156.0	195.0	194.0	205.0	169.0	225.0	174.0	266.0	177.0	255.0	249.0	262.0	206.0	284.0	220.0	297.0	221.0	365.0	188.0	0
71.0	200.0	68.0	216.0	96.0	197.0	154.0	162.0	139.0	177.0	173.0	213.0	170.0	236.0	161.0	254.0	177.0	184.0	198.0	156.0	194.0	195.0	203.0	168.0	227.0	174.0	269.0	177.0	256.0	251.0	264.0	205.0	287.0	220.0	302.0	220.0	369.0	184.0	0
75.0	200.0	70.0	215.0	95.0	197.0	159.0	163.0	141.0	178.0	173.0	213.0	172.0	236.0	161.0	253.0	180.0	185.0	201.0	157.0	197.0	196.0	206.0	169.0	226.0	174.0	267.0	178.0	257.0	248.0	263.0	205.0	285.0	220.0	300.0	220.0	364.0	184.0	0
75.0	201.0	69.0	215.0	96.0	198.0	156.0	164.0	139.0	179.0	171.0	214.0	168.0	235.0	160.0	252.0	178.0	186.0	198.0	158.0	194.0	197.0	203.0	170.0	226.0	176.0	269.0	179.0	255.0	249.0	264.0	207.0	283.0	220.0	299.0	220.0	364.0	186.0	0
78.0	200.0	73.0	214.0	101.0	197.0	161.0	165.0	146.0	179.0	176.0	213.0	174.0	235.0	166.0	252.0	184.0	187.0	200.0	160.0	197.0	196.0	205.0	172.0	227.0	177.0	266.0	179.0	254.0	249.0	261.0	206.0	284.0	220.0	296.0	220.0	356.0	185.0	0
75.0	201.0	71.0	216.0	98.0	198.0	157.0	164.0	141.0	179.0	173.0	212.0	171.0	235.0	163.0	253.0	180.0	185.0	200.0	158.0	195.0	197.0	204.0	170.0	225.0	176.0	269.0	178.0	256.0	248.0	263.0	206.0	285.0	221.0	300.0	221.0	367.0	186.0	0
75.0	201.0	71.0	215.0	100.0	198.0	156.0	164.0	141.0	180.0	172.0	212.0	172.0	234.0	164.0	251.0	178.0	186.0	199.0	159.0	197.0	197.0	204.0	171.0	227.0	176.0	268.0	178.0	256.0	248.0	265.0	207.0	285.0	220.0	301.0	220.0	367.0	185.0	0
79.0	200.0	76.0	216.0	98.0	198.0	156.0	164.0	137.0	179.0	171.0	213.0	169.0	236.0	161.0	253.0	175.0	185.0	198.0	158.0	193.0	196.0	203.0	170.0	224.0	176.0	266.0	178.0	251.0	250.0	262.0	207.0	282.0	221.0	294.0	220.0	361.0	186.0	0
74.0	201.0	69.0	217.0	96.0	198.0	156.0	163.0	141.0	178.0	173.0	213.0	171.0	236.0	162.0	254.0	180.0	185.0	201.0	158.0	196.0	196.0	206.0	170.0	227.0	176.0	271.0	179.0	257.0	249.0	264.0	206.0	286.0	220.0	303.0	220.0	367.0	185.0	0
78.0	200.0	75.0	216.0	98.0	197.0	157.0	164.0	141.0	178.0	174.0	212.0	172.0	236.0	165.0	253.0	179.0	185.0	198.0	159.0	195.0	195.0	202.0	170.0	225.0	176.0	268.0	178.0	256.0	249.0	265.0	206.0	288.0	221.0	300.0	220.0	363.0	183.0	0
73.0	199.0	67.0	213.0	98.0	197.0	158.0	164.0	144.0	177.0	172.0	213.0	169.0	234.0	161.0	252.0	181.0	186.0	200.0	158.0	198.0	197.0	204.0	171.0	226.0	176.0	266.0	179.0	255.0	251.0	263.0	207.0	282.0	219.0	297.0	220.0	362.0	183.0	0
76.0	202.0	72.0	218.0	93.0	200.0	156.0	162.0	138.0	178.0	175.0	215.0	174.0	240.0	166.0	256.0	177.0	184.0	199.0	156.0	196.0	195.0	203.0	168.0	223.0	173.0	270.0	177.0	257.0	249.0	265.0	205.0	288.0	219.0	300.0	219.0	365.0	188.0	0
79.0	200.0	74.0	215.0	98.0	198.0	158.0	164.0	141.0	179.0	175.0	214.0	171.0	237.0	164.0	252.0	176.0	185.0	200.0	158.0	195.0	196.0	202.0	169.0	224.0	176.0	264.0	178.0	257.0	249.0	265.0	206.0	286.0	219.0	299.0	219.0	363.0	182.0	0
71.0	200.0	68.0	216.0	94.0	197.0	157.0	162.0	138.0	178.0	172.0	213.0	172.0	237.0	162.0	255.0	182.0	186.0	199.0	157.0	196.0	196.0	205.0	169.0	227.0	175.0	268.0	177.0	261.0	250.0	266.0	207.0	290.0	221.0	304.0	220.0	374.0	183.0	0
75.0	200.0	72.0	217.0	96.0	198.0	157.0	162.0	140.0	178.0	172.0	215.0	170.0	237.0	161.0	256.0	179.0	184.0	200.0	155.0	195.0	195.0	204.0	168.0	223.0	173.0	270.0	176.0	258.0	252.0	267.0	209.0	289.0	223.0	303.0	222.0	371.0	181.0	0
74.0	201.0	71.0	216.0	95.0	199.0	156.0	164.0	139.0	179.0	173.0	213.0	170.0	235.0	162.0	252.0	178.0	185.0	198.0	158.0	198.0	198.0	203.0	170.0	226.0	176.0	268.0	178.0	253.0	250.0	264.0	208.0	285.0	221.0	301.0	222.0	365.0	184.0	0
74.0	202.0	69.0	217.0	95.0	199.0	155.0	163.0	138.0	178.0	175.0	214.0	173.0	239.0	165.0	257.0	177.0	184.0	197.0	156.0	196.0	197.0	201.0	168.0	226.0	175.0	270.0	177.0	261.0	250.0	266.0	206.0	288.0	220.0	303.0	220.0	369.0	183.0	0
71.0	199.0	67.0	214.0	94.0	198.0	155.0	162.0	137.0	178.0	173.0	214.0	170.0	236.0	160.0	253.0	179.0	185.0	201.0	156.0	200.0	198.0	206.0	169.0	230.0	175.0	271.0	177.0	259.0	250.0	266.0	206.0	290.0	221.0	304.0	221.0	367.0	181.0	0
72.0	201.0	70.0	217.0	95.0	197.0	156.0	162.0	142.0	176.0	173.0	213.0	171.0	236.0	161.0	253.0	180.0	184.0	201.0	156.0	196.0	195.0	205.0	168.0	227.0	175.0	271.0	178.0	257.0	250.0	263.0	204.0	287.0	221.0	303.0	221.0	366.0	186.0	0
76.0	200.0	74.0	216.0	96.0	198.0	160.0	164.0	142.0	178.0	175.0	213.0	171.0	235.0	162.0	252.0	181.0	186.0	200.0	159.0	196.0	196.0	205.0	171.0	226.0	177.0	267.0	179.0	254.0	248.0	262.0	205.0	284.0	220.0	299.0	220.0	361.0	184.0	0
76.0	201.0	72.0	216.0	96.0	198.0	155.0	165.0	138.0	180.0	178.0	213.0	172.0	235.0	164.0	253.0	178.0	185.0	199.0	159.0	198.0	197.0	202.0	170.0	225.0	175.0	268.0	176.0	260.0	248.0	268.0	207.0	288.0	220.0	302.0	219.0	366.0	182.0	0
75.0	199.0	72.0	214.0	99.0	197.0	160.0	163.0	143.0	178.0	175.0	213.0	172.0	235.0	162.0	251.0	181.0	185.0	199.0	158.0	198.0	198.0	204.0	170.0	224.0	175.0	265.0	178.0	255.0	248.0	263.0	206.0	286.0	219.0	299.0	219.0	366.0	183.0	0
69.0	200.0	66.0	215.0	95.0	198.0	156.0	163.0	141.0	178.0	173.0	212.0	171.0	236.0	161.0	255.0	183.0	186.0	200.0	156.0	194.0	195.0	204.0	169.0	227.0	175.0	268.0	177.0	254.0	251.0	265.0	206.0	288.0	221.0	304.0	221.0	370.0	184.0	0
77.0	201.0	72.0	216.0	99.0	198.0	158.0	163.0	140.0	179.0	176.0	214.0	173.0	238.0	164.0	254.0	180.0	185.0	201.0	157.0	198.0	196.0	205.0	169.0	227.0	175.0	265.0	177.0	256.0	251.0	265.0	208.0	285.0	222.0	297.0	221.0	363.0	184.0	0
81.0	201.0	76.0	215.0	101.0	198.0	157.0	166.0	142.0	179.0	173.0	212.0	171.0	234.0	164.0	251.0	181.0	186.0	201.0	159.0	195.0	196.0	204.0	171.0	225.0	176.0	268.0	178.0	253.0	247.0	262.0	206.0	281.0	219.0	296.0	219.0	364.0	186.0	0
73.0	199.0	69.0	215.0	96.0	197.0	157.0	164.0	141.0	179.0	175.0	215.0	172.0	236.0	163.0	253.0	179.0	186.0	199.0	158.0	196.0	197.0	203.0	170.0	220.0	175.0	265.0	178.0	258.0	249.0	264.0	207.0	286.0	220.0	300.0	219.0	363.0	181.0	0
76.0	200.0	73.0	216.0	96.0	197.0	159.0	164.0	142.0	178.0	173.0	212.0	169.0	235.0	160.0	253.0	181.0	186.0	199.0	158.0	196.0	196.0	203.0	170.0	224.0	176.0	263.0	178.0	252.0	250.0	262.0	207.0	285.0	220.0	298.0	221.0	360.0	185.0	0
74.0	201.0	71.0	216.0	95.0	198.0	154.0	164.0	139.0	178.0	174.0	212.0	171.0	235.0	162.0	252.0	178.0	184.0	199.0	159.0	198.0	197.0	203.0	170.0	224.0	174.0	269.0	176.0	258.0	247.0	267.0	206.0	288.0	220.0	300.0	219.0	363.0	184.0	0
78.0	201.0	73.0	215.0	100.0	197.0	160.0	164.0	142.0	179.0	175.0	212.0	171.0	235.0	163.0	252.0	181.0	186.0	199.0	158.0	194.0	196.0	204.0	170.0	221.0	175.0	261.0	178.0	253.0	248.0	263.0	208.0	281.0	220.0	294.0	220.0	361.0	186.0	0
75.0	201.0	72.0	216.0	99.0	198.0	157.0	164.0	141.0	179.0	174.0	212.0	171.0	234.0	161.0	252.0	179.0	185.0	199.0	159.0	196.0	196.0	203.0	170.0	226.0	175.0	266.0	178.0	256.0	249.0	264.0	206.0	284.0	220.0	297.0	220.0	360.0	184.0	0
76.0	200.0	73.0	215.0	98.0	197.0	156.0	163.0	137.0	179.0	170.0	212.0	169.0	236.0	160.0	252.0	181.0	186.0	198.0	157.0	198.0	196.0	203.0	169.0	227.0	174.0	268.0	177.0	253.0	249.0	264.0	207.0	286.0	221.0	299.0	221.0	363.0	185.0	0
73.0	202.0	70.0	216.0	93.0	199.0	157.0	164.0	140.0	179.0	174.0	213.0	172.0	237.0	162.0	253.0	180.0	185.0	201.0	158.0	195.0	195.0	206.0	170.0	227.0	175.0	271.0	178.0	258.0	249.0	268.0	208.0	288.0	221.0	303.0	221.0	368.0	186.0	0
76.0	201.0	73.0	216.0	97.0	197.0	156.0	163.0	137.0	179.0	172.0	213.0	171.0	236.0	163.0	253.0	183.0	186.0	199.0	157.0	194.0	195.0	204.0	169.0	225.0	174.0	267.0	178.0	253.0	247.0	263.0	205.0	284.0	219.0	298.0	219.0	363.0	186.0	0
76.0	200.0	72.0	215.0	97.0	197.0	157.0	164.0	139.0	179.0	172.0	212.0	169.0	235.0	159.0	252.0	181.0	186.0	200.0	158.0	196.0	197.0	204.0	170.0	226.0	176.0	267.0	179.0	254.0	249.0	265.0	207.0	285.0	220.0	299.0	221.0	364.0	185.0	0
72.0	199.0	68.0	215.0	96.0	197.0	158.0	163.0	142.0	178.0	173.0	212.0	171.0	234.0	163.0	252.0	180.0	186.0	201.0	157.0	198.0	197.0	206.0	171.0	229.0	177.0	269.0	179.0	254.0	249.0	265.0	207.0	283.0	220.0	296.0	219.0	365.0	184.0	0
79.0	201.0	75.0	215.0	99.0	199.0	158.0	165.0	142.0	179.0	176.0	214.0	172.0	235.0	165.0	252.0	178.0	186.0	201.0	158.0	196.0	197.0	204.0	170.0	226.0	176.0	264.0	178.0	257.0	249.0	263.0	205.0	286.0	221.0	299.0	219.0	364.0	184.0	0
72.0	200.0	68.0	214.0	96.0	197.0	157.0	164.0	140.0	178.0	174.0	213.0	171.0	237.0	162.0	253.0	185.0	188.0	203.0	158.0	198.0	197.0	207.0	171.0	230.0	177.0	270.0	179.0	260.0	250.0	265.0	206.0	288.0	221.0	303.0	220.0	370.0	184.0	0
77.0	200.0	73.0	216.0	99.0	197.0	160.0	164.0	143.0	178.0	174.0	212.0	170.0	235.0	164.0	252.0	181.0	186.0	200.0	159.0	198.0	197.0	204.0	171.0	227.0	177.0	267.0	179.0	253.0	247.0	263.0	207.0	283.0	219.0	296.0	219.0	360.0	185.0	0
78.0	202.0	74.0	215.0	97.0	199.0	155.0	164.0	140.0	179.0	177.0	212.0	176.0	235.0	167.0	251.0	182.0	186.0	200.0	159.0	198.0	197.0	205.0	171.0	227.0	177.0	268.0	179.0	257.0	246.0	263.0	205.0	285.0	219.0	297.0	219.0	360.0	185.0	0
72.0	201.0	68.0	216.0	93.0	198.0	156.0	162.0	140.0	177.0	174.0	214.0	171.0	238.0	162.0	256.0	178.0	184.0	202.0	156.0	197.0	196.0	207.0	170.0	227.0	175.0	271.0	177.0	259.0	250.0	268.0	207.0	287.0	220.0	301.0	220.0	365.0	184.0	0
73.0	199.0	68.0	214.0	96.0	197.0	158.0	163.0	141.0	179.0	172.0	213.0	169.0	236.0	161.0	254.0	177.0	185.0	200.0	157.0	196.0	197.0	205.0	170.0	227.0	176.0	271.0	178.0	257.0	249.0	265.0	206.0	286.0	220.0	301.0	220.0	368.0	185.0	0
71.0	200.0	67.0	216.0	92.0	197.0	156.0	162.0	137.0	178.0	171.0	214.0	169.0	237.0	158.0	255.0	179.0	186.0	200.0	155.0	196.0	197.0	205.0	168.0	228.0	173.0	265.0	176.0	258.0	251.0	266.0	207.0	289.0	222.0	303.0	221.0	371.0	183.0	0
75.0	201.0	71.0	216.0	98.0	197.0	154.0	162.0	136.0	178.0	174.0	212.0	174.0	236.0	165.0	254.0	180.0	186.0	200.0	157.0	196.0	196.0	205.0	169.0	228.0	175.0	268.0	178.0	257.0	249.0	264.0	205.0	286.0	220.0	300.0	220.0	367.0	184.0	0
74.0	201.0	68.0	216.0	96.0	198.0	157.0	163.0	140.0	178.0	172.0	212.0	170.0	235.0	163.0	252.0	180.0	185.0	200.0	157.0	196.0	196.0	204.0	169.0	226.0	176.0	267.0	178.0	254.0	249.0	265.0	207.0	285.0	221.0	301.0	221.0	368.0	185.0	0
73.0	200.0	68.0	216.0	93.0	197.0	156.0	162.0	139.0	177.0	173.0	212.0	169.0	237.0	159.0	256.0	181.0	185.0	202.0	156.0	196.0	196.0	207.0	169.0	225.0	173.0	272.0	178.0	258.0	251.0	266.0	206.0	290.0	221.0	305.0	221.0	377.0	186.0	0
75.0	200.0	71.0	215.0	95.0	197.0	158.0	163.0	140.0	179.0	174.0	214.0	170.0	236.0	160.0	254.0	179.0	186.0	201.0	158.0	196.0	197.0	204.0	169.0	221.0	173.0	263.0	175.0	256.0	250.0	264.0	206.0	288.0	221.0	300.0	220.0	365.0	184.0	0
76.0	202.0	73.0	217.0	96.0	199.0	155.0	163.0	139.0	178.0	173.0	213.0	171.0	236.0	164.0	254.0	178.0	186.0	198.0	157.0	195.0	195.0	202.0	169.0	224.0	174.0	267.0	177.0	257.0	249.0	265.0	207.0	286.0	220.0	299.0	220.0	365.0	184.0	0
78.0	202.0	74.0	216.0	97.0	199.0	156.0	164.0	140.0	178.0	172.0	213.0	168.0	235.0	161.0	252.0	181.0	187.0	200.0	158.0	191.0	195.0	204.0	170.0	226.0	176.0	264.0	178.0	255.0	249.0	265.0	208.0	285.0	220.0	298.0	221.0	366.0	187.0	0
75.0	200.0	73.0	215.0	99.0	197.0	158.0	165.0	141.0	180.0	174.0	213.0	172.0	233.0	162.0	250.0	183.0	186.0	196.0	160.0	196.0	195.0	201.0	171.0	224.0	177.0	267.0	179.0	256.0	246.0	263.0	205.0	285.0	219.0	300.0	218.0	359.0	182.0	0
76.0	201.0	74.0	217.0	97.0	197.0	159.0	164.0	143.0	177.0	174.0	213.0	171.0	236.0	162.0	253.0	182.0	186.0	199.0	158.0	198.0	197.0	204.0	170.0	225.0	175.0	267.0	177.0	254.0	248.0	261.0	206.0	284.0	220.0	297.0	220.0	360.0	184.0	0
73.0	200.0	69.0	215.0	96.0	198.0	158.0	164.0	140.0	180.0	173.0	214.0	170.0	235.0	161.0	253.0	182.0	187.0	200.0	158.0	196.0	197.0	204.0	169.0	229.0	176.0	270.0	177.0	259.0	248.0	267.0	207.0	289.0	221.0	305.0	221.0	367.0	183.0	0
71.0	200.0	68.0	216.0	94.0	197.0	156.0	163.0	140.0	178.0	175.0	213.0	173.0	237.0	164.0	256.0	180.0	185.0	199.0	157.0	197.0	197.0	204.0	170.0	226.0	175.0	266.0	177.0	259.0	251.0	264.0	207.0	287.0	221.0	300.0	221.0	372.0	184.0	0
75.0	200.0	71.0	216.0	98.0	198.0	158.0	163.0	141.0	177.0	173.0	214.0	169.0	235.0	161.0	252.0	179.0	185.0	202.0	157.0	194.0	196.0	205.0	169.0	229.0	176.0	268.0	179.0	256.0	249.0	264.0	207.0	282.0	221.0	295.0	221.0	366.0	186.0	0
76.0	202.0	71.0	215.0	96.0	199.0	156.0	164.0	141.0	178.0	174.0	212.0	171.0	235.0	162.0	251.0	177.0	184.0	200.0	159.0	198.0	197.0	203.0	170.0	223.0	175.0	266.0	177.0	256.0	248.0	263.0	207.0	283.0	221.0	299.0	221.0	363.0	184.0	0
65.0	201.0	60.0	215.0	87.0	198.0	148.0	164.0	131.0	178.0	167.0	213.0	163.0	237.0	157.0	254.0	172.0	185.0	192.0	164.0	189.0	196.0	221.0	177.0	251.0	249.0	263.0	179.0	259.0	207.0	278.0	221.0	292.0	220.0	359.0	185.0	387.0	195.0	0
75.0	201.0	71.0	217.0	101.0	198.0	156.0	163.0	142.0	177.0	174.0	212.0	172.0	234.0	163.0	253.0	182.0	185.0	201.0	157.0	198.0	197.0	205.0	169.0	226.0	176.0	267.0	177.0	254.0	246.0	263.0	207.0	285.0	221.0	300.0	221.0	361.0	184.0	0
78.0	201.0	74.0	215.0	100.0	198.0	158.0	165.0	140.0	180.0	174.0	213.0	170.0	234.0	162.0	249.0	180.0	186.0	201.0	158.0	198.0	196.0	206.0	171.0	226.0	176.0	266.0	179.0	256.0	248.0	261.0	205.0	283.0	220.0	297.0	220.0	364.0	188.0	0
75.0	200.0	70.0	216.0	95.0	198.0	157.0	162.0	136.0	180.0	172.0	213.0	171.0	237.0	161.0	254.0	176.0	185.0	199.0	156.0	194.0	196.0	206.0	169.0	225.0	174.0	264.0	177.0	256.0	248.0	264.0	207.0	286.0	221.0	298.0	220.0	367.0	184.0	0
63.0	200.0	62.0	218.0	89.0	197.0	156.0	160.0	137.0	176.0	172.0	214.0	170.0	239.0	161.0	257.0	179.0	185.0	202.0	153.0	197.0	197.0	208.0	167.0	229.0	174.0	271.0	177.0	259.0	251.0	267.0	208.0	289.0	222.0	302.0	220.0	372.0	184.0	0
74.0	200.0	70.0	216.0	96.0	197.0	155.0	162.0	140.0	177.0	175.0	213.0	171.0	237.0	162.0	255.0	179.0	184.0	198.0	156.0	198.0	195.0	202.0	168.0	223.0	173.0	268.0	176.0	257.0	252.0	264.0	206.0	289.0	220.0	300.0	219.0	364.0	182.0	0
76.0	201.0	73.0	216.0	97.0	198.0	158.0	164.0	139.0	179.0	175.0	213.0	173.0	236.0	166.0	252.0	178.0	186.0	198.0	159.0	194.0	196.0	203.0	170.0	225.0	176.0	265.0	176.0	259.0	247.0	264.0	204.0	288.0	219.0	302.0	218.0	365.0	182.0	0
75.0	201.0	71.0	213.0	99.0	198.0	157.0	165.0	142.0	179.0	174.0	213.0	172.0	235.0	163.0	251.0	178.0	186.0	201.0	159.0	196.0	197.0	206.0	171.0	225.0	175.0	264.0	177.0	251.0	249.0	264.0	208.0	281.0	220.0	295.0	220.0	364.0	186.0	0
77.0	201.0	72.0	215.0	96.0	199.0	159.0	164.0	141.0	179.0	174.0	213.0	172.0	236.0	164.0	253.0	181.0	186.0	200.0	159.0	196.0	196.0	204.0	170.0	226.0	176.0	269.0	178.0	258.0	248.0	265.0	206.0	286.0	220.0	299.0	219.0	365.0	185.0	0
80.0	200.0	75.0	214.0	102.0	197.0	160.0	165.0	141.0	180.0	174.0	212.0	173.0	235.0	165.0	251.0	181.0	186.0	201.0	159.0	197.0	196.0	205.0	170.0	226.0	175.0	269.0	178.0	255.0	247.0	264.0	206.0	285.0	219.0	297.0	218.0	360.0	186.0	0
75.0	201.0	70.0	216.0	101.0	197.0	157.0	163.0	141.0	178.0	174.0	212.0	170.0	236.0	160.0	253.0	178.0	184.0	200.0	157.0	198.0	197.0	204.0	169.0	223.0	174.0	269.0	177.0	254.0	249.0	264.0	208.0	282.0	221.0	296.0	221.0	365.0	187.0	0
76.0	200.0	71.0	215.0	100.0	197.0	159.0	163.0	141.0	179.0	174.0	213.0	171.0	236.0	161.0	253.0	179.0	185.0	202.0	158.0	196.0	196.0	206.0	170.0	228.0	175.0	271.0	179.0	256.0	249.0	261.0	205.0	285.0	221.0	300.0	220.0	364.0	185.0	0
71.0	200.0	68.0	215.0	97.0	197.0	159.0	164.0	143.0	178.0	174.0	214.0	169.0	235.0	161.0	251.0	183.0	186.0	201.0	158.0	198.0	197.0	207.0	170.0	227.0	175.0	270.0	178.0	260.0	248.0	264.0	207.0	286.0	221.0	301.0	219.0	367.0	184.0	0
78.0	200.0	72.0	214.0	98.0	198.0	157.0	165.0	141.0	179.0	176.0	213.0	173.0	235.0	165.0	252.0	179.0	186.0	199.0	159.0	198.0	197.0	204.0	171.0	227.0	176.0	266.0	177.0	258.0	248.0	266.0	207.0	286.0	219.0	298.0	219.0	363.0	183.0	0
75.0	200.0	71.0	214.0	98.0	196.0	159.0	164.0	142.0	178.0	173.0	213.0	169.0	235.0	160.0	253.0	182.0	187.0	202.0	158.0	197.0	197.0	204.0	170.0	228.0	176.0	265.0	178.0	257.0	249.0	264.0	208.0	283.0	220.0	297.0	221.0	366.0	184.0	0
68.0	200.0	64.0	214.0	94.0	197.0	157.0	164.0	141.0	178.0	173.0	212.0	170.0	235.0	161.0	253.0	184.0	186.0	201.0	158.0	197.0	196.0	206.0	170.0	228.0	176.0	268.0	178.0	259.0	249.0	265.0	206.0	287.0	220.0	302.0	221.0	367.0	183.0	0
75.0	200.0	70.0	215.0	96.0	197.0	156.0	162.0	140.0	177.0	174.0	213.0	171.0	237.0	160.0	255.0	181.0	185.0	201.0	157.0	196.0	196.0	208.0	170.0	226.0	174.0	266.0	177.0	255.0	250.0	264.0	207.0	283.0	220.0	297.0	219.0	364.0	185.0	0
76.0	200.0	73.0	215.0	98.0	197.0	158.0	164.0	144.0	178.0	173.0	211.0	170.0	234.0	162.0	251.0	179.0	185.0	199.0	158.0	195.0	196.0	205.0	171.0	225.0	176.0	263.0	178.0	253.0	246.0	262.0	206.0	280.0	220.0	296.0	220.0	360.0	186.0	0
79.0	200.0	76.0	214.0	102.0	197.0	158.0	165.0	141.0	179.0	174.0	211.0	170.0	233.0	162.0	250.0	180.0	184.0	201.0	158.0	196.0	196.0	205.0	170.0	228.0	176.0	263.0	178.0	252.0	247.0	261.0	205.0	281.0	220.0	296.0	220.0	360.0	184.0	0
74.0	199.0	70.0	215.0	98.0	198.0	157.0	165.0	140.0	180.0	174.0	213.0	171.0	235.0	160.0	251.0	182.0	187.0	200.0	159.0	199.0	197.0	203.0	171.0	225.0	176.0	266.0	178.0	261.0	248.0	264.0	206.0	288.0	220.0	303.0	219.0	369.0	184.0	0
78.0	201.0	75.0	215.0	97.0	198.0	157.0	165.0	140.0	179.0	176.0	212.0	174.0	236.0	165.0	252.0	178.0	186.0	201.0	159.0	197.0	197.0	204.0	171.0	226.0	176.0	270.0	180.0	257.0	248.0	260.0	203.0	284.0	218.0	297.0	218.0	363.0	185.0	0
75.0	200.0	72.0	215.0	97.0	197.0	157.0	163.0	138.0	179.0	172.0	213.0	171.0	236.0	162.0	254.0	179.0	186.0	201.0	157.0	196.0	197.0	204.0	168.0	223.0	173.0	266.0	176.0	255.0	251.0	265.0	207.0	286.0	221.0	302.0	220.0	367.0	184.0	0
69.0	200.0	66.0	217.0	93.0	197.0	155.0	163.0	137.0	179.0	173.0	214.0	169.0	237.0	160.0	256.0	181.0	185.0	198.0	156.0	196.0	195.0	203.0	168.0	225.0	174.0	265.0	177.0	259.0	250.0	265.0	205.0	288.0	221.0	303.0	221.0	371.0	185.0	0
75.0	201.0	71.0	215.0	96.0	198.0	155.0	164.0	139.0	178.0	173.0	211.0	170.0	234.0	161.0	252.0	181.0	185.0	201.0	158.0	194.0	196.0	205.0	170.0	227.0	176.0	265.0	177.0	254.0	249.0	266.0	207.0	283.0	220.0	297.0	220.0	366.0	185.0	0
71.0	202.0	68.0	217.0	90.0	199.0	155.0	163.0	135.0	179.0	173.0	214.0	171.0	237.0	165.0	256.0	180.0	185.0	201.0	156.0	196.0	196.0	206.0	169.0	227.0	175.0	271.0	178.0	261.0	250.0	269.0	207.0	288.0	220.0	302.0	220.0	372.0	186.0	0
75.0	200.0	71.0	216.0	96.0	197.0	156.0	163.0	138.0	179.0	173.0	213.0	170.0	235.0	162.0	253.0	179.0	186.0	196.0	157.0	194.0	196.0	202.0	169.0	225.0	175.0	268.0	177.0	259.0	249.0	263.0	205.0	286.0	220.0	300.0	219.0	370.0	183.0	0
73.0	201.0	69.0	216.0	97.0	197.0	157.0	163.0	141.0	178.0	174.0	212.0	169.0	234.0	161.0	252.0	180.0	185.0	198.0	156.0	197.0	197.0	202.0	168.0	226.0	175.0	266.0	178.0	254.0	250.0	266.0	208.0	282.0	219.0	297.0	220.0	366.0	185.0	0
78.0	200.0	74.0	215.0	101.0	197.0	158.0	164.0	144.0	178.0	175.0	213.0	171.0	234.0	162.0	250.0	182.0	185.0	200.0	158.0	197.0	196.0	204.0	169.0	225.0	175.0	263.0	177.0	255.0	248.0	263.0	206.0	285.0	221.0	299.0	220.0	359.0	184.0	0
73.0	199.0	69.0	215.0	100.0	195.0	159.0	162.0	142.0	178.0	173.0	211.0	172.0	236.0	163.0	254.0	182.0	185.0	204.0	157.0	198.0	197.0	208.0	170.0	232.0	176.0	268.0	178.0	259.0	250.0	266.0	207.0	286.0	220.0	299.0	221.0	366.0	184.0	0
71.0	201.0	68.0	215.0	96.0	197.0	157.0	163.0	139.0	179.0	172.0	212.0	170.0	235.0	160.0	252.0	177.0	184.0	197.0	158.0	195.0	195.0	203.0	169.0	226.0	175.0	273.0	177.0	258.0	250.0	268.0	207.0	290.0	221.0	304.0	221.0	371.0	181.0	0
70.0	200.0	67.0	215.0	95.0	198.0	156.0	165.0	141.0	179.0	174.0	213.0	173.0	235.0	165.0	252.0	178.0	185.0	199.0	159.0	196.0	196.0	204.0	171.0	227.0	177.0	266.0	179.0	256.0	247.0	263.0	205.0	286.0	219.0	298.0	219.0	363.0	183.0	0
76.0	200.0	71.0	216.0	98.0	198.0	161.0	164.0	142.0	179.0	174.0	213.0	171.0	235.0	163.0	252.0	181.0	185.0	199.0	158.0	198.0	196.0	203.0	170.0	225.0	176.0	268.0	178.0	256.0	250.0	264.0	207.0	285.0	220.0	299.0	221.0	360.0	184.0	0
68.0	200.0	65.0	215.0	91.0	197.0	153.0	163.0	135.0	180.0	172.0	214.0	169.0	236.0	161.0	254.0	179.0	186.0	199.0	157.0	196.0	196.0	204.0	170.0	223.0	174.0	261.0	177.0	259.0	250.0	265.0	205.0	289.0	221.0	303.0	220.0	371.0	183.0	0
75.0	201.0	71.0	216.0	96.0	199.0	158.0	164.0	143.0	178.0	175.0	213.0	172.0	237.0	163.0	254.0	183.0	186.0	200.0	158.0	198.0	197.0	204.0	170.0	226.0	176.0	264.0	179.0	257.0	249.0	261.0	205.0	283.0	219.0	298.0	218.0	361.0	186.0	0
72.0	201.0	67.0	216.0	98.0	197.0	159.0	162.0	141.0	176.0	173.0	214.0	169.0	237.0	159.0	254.0	178.0	185.0	202.0	156.0	195.0	196.0	205.0	168.0	224.0	174.0	268.0	177.0	254.0	250.0	265.0	207.0	286.0	221.0	300.0	221.0	365.0	187.0	0
75.0	200.0	71.0	215.0	100.0	197.0	158.0	164.0	141.0	179.0	174.0	213.0	170.0	236.0	160.0	254.0	179.0	185.0	198.0	157.0	195.0	196.0	202.0	170.0	226.0	175.0	266.0	177.0	255.0	251.0	265.0	208.0	284.0	222.0	302.0	222.0	368.0	182.0	0
76.0	200.0	73.0	216.0	98.0	197.0	158.0	163.0	139.0	179.0	173.0	213.0	170.0	236.0	161.0	253.0	179.0	185.0	200.0	157.0	195.0	197.0	204.0	169.0	224.0	175.0	270.0	178.0	254.0	250.0	266.0	207.0	286.0	220.0	299.0	220.0	369.0	184.0	0
70.0	200.0	68.0	216.0	94.0	198.0	157.0	162.0	139.0	177.0	174.0	215.0	171.0	238.0	163.0	256.0	178.0	185.0	201.0	156.0	198.0	196.0	205.0	168.0	228.0	174.0	271.0	177.0	256.0	249.0	267.0	207.0	287.0	220.0	303.0	221.0	375.0	187.0	0
77.0	200.0	73.0	214.0	103.0	197.0	159.0	165.0	143.0	179.0	174.0	213.0	172.0	235.0	164.0	252.0	182.0	186.0	200.0	159.0	197.0	196.0	203.0	170.0	225.0	176.0	265.0	178.0	257.0	248.0	263.0	207.0	284.0	220.0	298.0	219.0	362.0	183.0	0
77.0	200.0	73.0	215.0	98.0	197.0	157.0	164.0	142.0	178.0	173.0	213.0	169.0	235.0	161.0	252.0	181.0	186.0	199.0	158.0	198.0	197.0	203.0	170.0	227.0	176.0	265.0	178.0	256.0	248.0	263.0	206.0	284.0	220.0	298.0	219.0	363.0	185.0	0
73.0	201.0	69.0	216.0	97.0	198.0	158.0	163.0	139.0	179.0	173.0	213.0	171.0	236.0	161.0	253.0	179.0	185.0	199.0	157.0	194.0	196.0	205.0	169.0	226.0	175.0	271.0	177.0	259.0	251.0	270.0	209.0	288.0	221.0	301.0	221.0	366.0	184.0	0
73.0	202.0	69.0	217.0	94.0	198.0	154.0	165.0	139.0	179.0	173.0	212.0	170.0	235.0	163.0	253.0	177.0	186.0	198.0	158.0	193.0	196.0	201.0	170.0	228.0	176.0	268.0	177.0	260.0	248.0	268.0	207.0	288.0	220.0	303.0	219.0	363.0	182.0	0
77.0	199.0	73.0	214.0	102.0	197.0	159.0	165.0	142.0	180.0	173.0	212.0	170.0	234.0	164.0	251.0	179.0	186.0	200.0	159.0	196.0	197.0	205.0	171.0	227.0	177.0	265.0	178.0	256.0	246.0	263.0	206.0	283.0	220.0	296.0	219.0	360.0	183.0	0
73.0	200.0	69.0	214.0	95.0	198.0	160.0	163.0	143.0	179.0	174.0	213.0	171.0	236.0	161.0	253.0	180.0	185.0	201.0	158.0	200.0	197.0	206.0	170.0	228.0	176.0	265.0	178.0	256.0	248.0	264.0	207.0	283.0	220.0	297.0	220.0	366.0	187.0	0
77.0	200.0	74.0	215.0	100.0	197.0	158.0	164.0	141.0	179.0	173.0	213.0	172.0	235.0	162.0	252.0	180.0	185.0	203.0	157.0	197.0	196.0	207.0	170.0	227.0	176.0	264.0	178.0	253.0	249.0	263.0	207.0	283.0	221.0	296.0	221.0	362.0	184.0	0
77.0	201.0	74.0	215.0	101.0	198.0	159.0	165.0	143.0	180.0	176.0	212.0	174.0	234.0	163.0	251.0	184.0	187.0	201.0	158.0	198.0	196.0	206.0	171.0	227.0	176.0	260.0	178.0	254.0	247.0	266.0	208.0	281.0	219.0	296.0	219.0	362.0	185.0	0
74.0	200.0	68.0	216.0	94.0	198.0	155.0	163.0	141.0	178.0	174.0	215.0	171.0	239.0	161.0	255.0	179.0	185.0	198.0	157.0	193.0	195.0	203.0	169.0	225.0	175.0	271.0	178.0	257.0	251.0	263.0	205.0	287.0	220.0	302.0	220.0	368.0	183.0	0
73.0	200.0	69.0	215.0	99.0	197.0	158.0	162.0	140.0	178.0	174.0	212.0	172.0	235.0	162.0	253.0	179.0	185.0	196.0	195.0	194.0	208.0	202.0	162.0	227.0	175.0	269.0	177.0	255.0	250.0	265.0	207.0	286.0	220.0	300.0	220.0	365.0	183.0	0
80.0	200.0	75.0	215.0	100.0	197.0	158.0	165.0	144.0	179.0	174.0	211.0	172.0	234.0	163.0	251.0	182.0	186.0	203.0	159.0	198.0	196.0	207.0	171.0	224.0	176.0	264.0	178.0	253.0	247.0	258.0	205.0	280.0	219.0	294.0	218.0	357.0	188.0	0
76.0	200.0	73.0	215.0	98.0	197.0	160.0	163.0	143.0	178.0	173.0	213.0	171.0	236.0	161.0	253.0	182.0	186.0	201.0	158.0	192.0	194.0	206.0	170.0	227.0	176.0	268.0	178.0	254.0	250.0	266.0	207.0	288.0	222.0	301.0	222.0	366.0	182.0	0
77.0	202.0	76.0	218.0	97.0	199.0	160.0	163.0	140.0	179.0	175.0	214.0	174.0	237.0	164.0	253.0	180.0	185.0	201.0	158.0	197.0	196.0	206.0	169.0	228.0	176.0	267.0	179.0	254.0	249.0	263.0	207.0	284.0	220.0	296.0	220.0	366.0	188.0	0
71.0	201.0	68.0	216.0	96.0	197.0	158.0	161.0	138.0	178.0	174.0	213.0	173.0	237.0	163.0	256.0	179.0	185.0	200.0	155.0	196.0	196.0	204.0	168.0	226.0	174.0	264.0	176.0	258.0	252.0	266.0	208.0	286.0	222.0	300.0	222.0	367.0	182.0	0
78.0	201.0	74.0	215.0	99.0	198.0	157.0	165.0	142.0	179.0	174.0	212.0	172.0	235.0	164.0	250.0	182.0	185.0	201.0	158.0	196.0	195.0	205.0	170.0	226.0	176.0	264.0	178.0	255.0	247.0	261.0	205.0	282.0	219.0	296.0	219.0	364.0	187.0	0
72.0	200.0	67.0	214.0	96.0	198.0	160.0	164.0	142.0	179.0	173.0	214.0	172.0	237.0	165.0	254.0	182.0	187.0	201.0	158.0	195.0	196.0	206.0	170.0	225.0	175.0	267.0	177.0	258.0	250.0	265.0	207.0	288.0	220.0	301.0	220.0	367.0	182.0	0
75.0	201.0	71.0	215.0	98.0	198.0	157.0	163.0	140.0	178.0	174.0	214.0	169.0	236.0	160.0	252.0	178.0	185.0	200.0	157.0	195.0	196.0	204.0	168.0	226.0	175.0	266.0	177.0	254.0	249.0	265.0	209.0	282.0	220.0	297.0	221.0	365.0	186.0	0
77.0	200.0	74.0	215.0	99.0	197.0	156.0	166.0	141.0	179.0	174.0	212.0	172.0	233.0	164.0	250.0	179.0	186.0	199.0	159.0	197.0	197.0	204.0	171.0	223.0	175.0	264.0	176.0	254.0	247.0	265.0	206.0	285.0	219.0	299.0	219.0	365.0	184.0	0
80.0	201.0	77.0	215.0	99.0	199.0	160.0	165.0	140.0	181.0	176.0	213.0	172.0	236.0	164.0	252.0	179.0	186.0	200.0	158.0	199.0	197.0	204.0	171.0	222.0	175.0	265.0	178.0	254.0	248.0	264.0	207.0	284.0	219.0	298.0	219.0	364.0	186.0	0
77.0	200.0	72.0	215.0	99.0	197.0	160.0	164.0	143.0	178.0	176.0	212.0	173.0	235.0	163.0	252.0	180.0	185.0	201.0	158.0	199.0	197.0	206.0	170.0	227.0	175.0	268.0	177.0	253.0	249.0	264.0	208.0	283.0	220.0	299.0	220.0	366.0	185.0	0
80.0	200.0	76.0	214.0	101.0	197.0	160.0	164.0	144.0	179.0	176.0	213.0	173.0	235.0	163.0	249.0	185.0	186.0	201.0	160.0	196.0	195.0	206.0	171.0	226.0	177.0	265.0	180.0	252.0	247.0	261.0	206.0	281.0	220.0	294.0	219.0	356.0	187.0	0
79.0	200.0	76.0	216.0	97.0	198.0	156.0	165.0	139.0	179.0	173.0	212.0	170.0	235.0	163.0	252.0	180.0	185.0	199.0	158.0	197.0	196.0	205.0	171.0	225.0	176.0	265.0	179.0	254.0	248.0	263.0	207.0	281.0	219.0	294.0	219.0	361.0	186.0	0
69.0	202.0	66.0	217.0	91.0	199.0	155.0	163.0	137.0	178.0	173.0	214.0	171.0	238.0	165.0	257.0	178.0	185.0	200.0	156.0	197.0	197.0	204.0	168.0	227.0	174.0	266.0	176.0	262.0	251.0	269.0	208.0	290.0	220.0	304.0	220.0	370.0	183.0	0
74.0	201.0	71.0	216.0	95.0	198.0	157.0	164.0	140.0	179.0	174.0	213.0	171.0	235.0	163.0	252.0	179.0	185.0	203.0	158.0	196.0	196.0	206.0	170.0	229.0	176.0	271.0	179.0	260.0	248.0	266.0	206.0	285.0	219.0	302.0	220.0	367.0	185.0	0
75.0	201.0	70.0	216.0	99.0	198.0	159.0	163.0	142.0	179.0	175.0	213.0	172.0	235.0	163.0	253.0	179.0	184.0	200.0	158.0	199.0	197.0	204.0	170.0	224.0	175.0	267.0	177.0	258.0	250.0	265.0	206.0	287.0	220.0	301.0	220.0	366.0	186.0	0
78.0	200.0	73.0	214.0	101.0	197.0	157.0	164.0	141.0	179.0	177.0	213.0	174.0	236.0	167.0	253.0	181.0	185.0	201.0	158.0	199.0	197.0	206.0	171.0	226.0	176.0	264.0	178.0	256.0	247.0	261.0	206.0	282.0	219.0	296.0	219.0	361.0	184.0	0
67.0	200.0	64.0	216.0	91.0	197.0	156.0	161.0	135.0	178.0	173.0	214.0	170.0	238.0	161.0	256.0	181.0	185.0	199.0	154.0	197.0	195.0	204.0	167.0	229.0	173.0	272.0	175.0	261.0	253.0	268.0	206.0	293.0	221.0	307.0	221.0	374.0	184.0	0
74.0	199.0	69.0	216.0	94.0	196.0	155.0	162.0	139.0	177.0	173.0	214.0	170.0	238.0	161.0	255.0	180.0	186.0	202.0	156.0	197.0	196.0	206.0	169.0	224.0	173.0	267.0	176.0	256.0	251.0	262.0	207.0	283.0	221.0	299.0	221.0	365.0	184.0	0
78.0	200.0	76.0	216.0	99.0	197.0	160.0	164.0	141.0	179.0	175.0	212.0	173.0	236.0	163.0	253.0	180.0	185.0	199.0	158.0	195.0	195.0	204.0	170.0	222.0	175.0	267.0	178.0	256.0	249.0	262.0	206.0	284.0	220.0	299.0	220.0	365.0	185.0	0
75.0	201.0	70.0	217.0	96.0	198.0	157.0	164.0	138.0	179.0	174.0	213.0	170.0	236.0	161.0	254.0	180.0	185.0	199.0	159.0	196.0	196.0	202.0	170.0	224.0	176.0	269.0	177.0	255.0	250.0	266.0	208.0	285.0	221.0	300.0	220.0	364.0	184.0	0
77.0	201.0	74.0	216.0	102.0	196.0	159.0	164.0	142.0	179.0	174.0	212.0	171.0	233.0	163.0	252.0	183.0	186.0	202.0	158.0	195.0	195.0	205.0	170.0	224.0	175.0	265.0	178.0	254.0	246.0	263.0	206.0	283.0	220.0	297.0	220.0	363.0	188.0	0
74.0	201.0	69.0	216.0	94.0	198.0	155.0	162.0	137.0	179.0	173.0	213.0	173.0	238.0	163.0	255.0	177.0	186.0	199.0	156.0	195.0	196.0	203.0	168.0	228.0	175.0	270.0	178.0	256.0	250.0	265.0	208.0	285.0	222.0	302.0	222.0	369.0	184.0	0
76.0	201.0	73.0	215.0	98.0	197.0	155.0	165.0	141.0	178.0	173.0	212.0	171.0	234.0	163.0	251.0	178.0	185.0	197.0	159.0	197.0	197.0	201.0	170.0	225.0	176.0	271.0	178.0	258.0	247.0	266.0	206.0	287.0	219.0	301.0	219.0	365.0	183.0	0
79.0	201.0	75.0	215.0	99.0	198.0	158.0	165.0	142.0	180.0	173.0	212.0	171.0	234.0	163.0	251.0	179.0	186.0	199.0	159.0	197.0	196.0	203.0	171.0	224.0	176.0	268.0	179.0	255.0	247.0	264.0	207.0	282.0	219.0	298.0	220.0	365.0	186.0	0
79.0	201.0	77.0	217.0	100.0	199.0	157.0	165.0	141.0	179.0	175.0	212.0	171.0	235.0	165.0	250.0	178.0	185.0	200.0	158.0	198.0	196.0	203.0	170.0	223.0	176.0	264.0	178.0	257.0	247.0	264.0	207.0	283.0	219.0	297.0	219.0	365.0	186.0	0
77.0	200.0	73.0	213.0	98.0	198.0	159.0	165.0	142.0	180.0	173.0	212.0	170.0	236.0	162.0	251.0	179.0	186.0	201.0	158.0	197.0	198.0	205.0	171.0	225.0	175.0	268.0	179.0	250.0	247.0	262.0	207.0	281.0	219.0	293.0	219.0	362.0	188.0	0
72.0	200.0	69.0	215.0	94.0	197.0	153.0	163.0	136.0	179.0	173.0	214.0	167.0	237.0	158.0	254.0	177.0	185.0	197.0	157.0	195.0	198.0	202.0	170.0	225.0	175.0	269.0	177.0	256.0	252.0	265.0	207.0	286.0	221.0	301.0	221.0	370.0	182.0	0
72.0	201.0	67.0	216.0	95.0	198.0	156.0	163.0	137.0	178.0	172.0	214.0	169.0	235.0	162.0	253.0	179.0	184.0	200.0	157.0	196.0	195.0	203.0	168.0	223.0	173.0	267.0	177.0	256.0	248.0	265.0	206.0	287.0	220.0	299.0	220.0	368.0	186.0	0
72.0	200.0	67.0	215.0	93.0	198.0	156.0	163.0	140.0	177.0	173.0	212.0	170.0	235.0	162.0	252.0	180.0	185.0	200.0	157.0	197.0	196.0	205.0	169.0	228.0	176.0	271.0	178.0	258.0	248.0	266.0	207.0	285.0	220.0	301.0	220.0	366.0	185.0	0
69.0	200.0	65.0	217.0	93.0	197.0	157.0	162.0	138.0	178.0	173.0	212.0	170.0	235.0	160.0	255.0	177.0	184.0	201.0	156.0	197.0	197.0	204.0	168.0	226.0	174.0	271.0	177.0	257.0	250.0	267.0	207.0	287.0	221.0	302.0	221.0	371.0	186.0	0
76.0	201.0	74.0	216.0	98.0	198.0	159.0	164.0	142.0	179.0	174.0	212.0	170.0	234.0	161.0	250.0	181.0	185.0	200.0	158.0	197.0	197.0	204.0	170.0	225.0	175.0	267.0	179.0	253.0	248.0	259.0	205.0	282.0	220.0	296.0	220.0	358.0	186.0	0
73.0	201.0	70.0	216.0	95.0	198.0	156.0	164.0	140.0	178.0	173.0	213.0	170.0	235.0	162.0	253.0	179.0	185.0	197.0	157.0	198.0	197.0	201.0	169.0	225.0	176.0	264.0	177.0	258.0	249.0	265.0	205.0	288.0	220.0	302.0	220.0	362.0	183.0	0
77.0	200.0	73.0	215.0	99.0	198.0	156.0	164.0	139.0	179.0	172.0	213.0	170.0	234.0	161.0	252.0	179.0	185.0	200.0	157.0	195.0	196.0	203.0	169.0	225.0	175.0	266.0	178.0	254.0	249.0	264.0	207.0	284.0	220.0	297.0	221.0	360.0	185.0	0
76.0	202.0	72.0	216.0	96.0	200.0	156.0	164.0	140.0	179.0	173.0	213.0	172.0	236.0	163.0	252.0	178.0	185.0	198.0	158.0	197.0	197.0	202.0	170.0	226.0	176.0	266.0	178.0	260.0	251.0	266.0	206.0	289.0	221.0	302.0	220.0	364.0	182.0	0
78.0	200.0	75.0	215.0	98.0	197.0	160.0	163.0	143.0	178.0	176.0	213.0	172.0	236.0	163.0	253.0	180.0	185.0	203.0	157.0	200.0	197.0	207.0	169.0	225.0	175.0	270.0	177.0	255.0	250.0	263.0	205.0	287.0	221.0	300.0	220.0	362.0	184.0	0
74.0	200.0	70.0	216.0	95.0	198.0	153.0	163.0	134.0	179.0	175.0	214.0	171.0	237.0	163.0	256.0	179.0	185.0	198.0	157.0	195.0	195.0	202.0	169.0	224.0	175.0	269.0	177.0	261.0	249.0	269.0	207.0	290.0	219.0	303.0	219.0	367.0	181.0	0
69.0	201.0	64.0	217.0	90.0	197.0	155.0	161.0	137.0	178.0	170.0	213.0	168.0	236.0	159.0	256.0	178.0	183.0	200.0	156.0	197.0	196.0	204.0	168.0	226.0	173.0	269.0	175.0	260.0	253.0	271.0	207.0	293.0	221.0	309.0	221.0	378.0	183.0	0
72.0	200.0	67.0	214.0	98.0	197.0	162.0	164.0	144.0	179.0	176.0	214.0	171.0	236.0	162.0	252.0	178.0	185.0	204.0	158.0	198.0	198.0	206.0	171.0	225.0	176.0	266.0	179.0	257.0	249.0	263.0	208.0	286.0	221.0	299.0	221.0	365.0	184.0	0
70.0	199.0	67.0	215.0	95.0	197.0	155.0	162.0	139.0	177.0	172.0	215.0	169.0	236.0	159.0	255.0	181.0	185.0	200.0	156.0	199.0	197.0	206.0	170.0	228.0	175.0	270.0	178.0	260.0	251.0	266.0	206.0	290.0	222.0	303.0	221.0	373.0	183.0	0
78.0	201.0	72.0	214.0	100.0	199.0	159.0	165.0	144.0	179.0	175.0	212.0	172.0	234.0	165.0	251.0	181.0	186.0	201.0	159.0	196.0	195.0	205.0	170.0	227.0	177.0	267.0	179.0	253.0	246.0	262.0	207.0	278.0	219.0	295.0	219.0	360.0	187.0	0
74.0	200.0	70.0	215.0	95.0	197.0	158.0	163.0	139.0	179.0	173.0	213.0	171.0	237.0	163.0	254.0	180.0	187.0	202.0	157.0	196.0	196.0	207.0	170.0	227.0	176.0	270.0	178.0	258.0	249.0	267.0	208.0	286.0	220.0	301.0	220.0	367.0	183.0	0
64.0	199.0	61.0	215.0	88.0	197.0	153.0	161.0	137.0	178.0	172.0	213.0	168.0	237.0	157.0	254.0	181.0	186.0	201.0	155.0	196.0	196.0	206.0	168.0	230.0	175.0	271.0	177.0	258.0	251.0	271.0	209.0	291.0	222.0	305.0	221.0	373.0	182.0	0
70.0	200.0	66.0	215.0	93.0	198.0	158.0	162.0	138.0	179.0	174.0	214.0	173.0	238.0	165.0	255.0	182.0	186.0	202.0	156.0	198.0	196.0	206.0	169.0	226.0	175.0	271.0	177.0	259.0	250.0	268.0	208.0	287.0	220.0	301.0	220.0	367.0	182.0	0
77.0	202.0	73.0	216.0	96.0	199.0	159.0	165.0	143.0	178.0	175.0	211.0	173.0	235.0	165.0	251.0	181.0	185.0	199.0	159.0	196.0	196.0	203.0	170.0	223.0	176.0	262.0	178.0	255.0	248.0	264.0	207.0	281.0	219.0	296.0	219.0	361.0	184.0	0
78.0	199.0	74.0	215.0	98.0	197.0	161.0	164.0	144.0	180.0	174.0	212.0	172.0	234.0	163.0	252.0	182.0	186.0	203.0	158.0	196.0	195.0	207.0	170.0	230.0	176.0	272.0	179.0	255.0	249.0	268.0	207.0	286.0	220.0	303.0	220.0	366.0	186.0	0
71.0	200.0	67.0	216.0	95.0	198.0	156.0	162.0	138.0	179.0	172.0	213.0	171.0	236.0	160.0	254.0	179.0	185.0	201.0	155.0	198.0	196.0	205.0	168.0	227.0	174.0	268.0	176.0	257.0	249.0	268.0	206.0	288.0	220.0	305.0	221.0	374.0	185.0	0
79.0	201.0	75.0	216.0	97.0	198.0	158.0	164.0	143.0	179.0	175.0	212.0	172.0	235.0	162.0	251.0	178.0	185.0	201.0	158.0	197.0	195.0	205.0	169.0	224.0	175.0	265.0	177.0	255.0	249.0	262.0	206.0	285.0	220.0	297.0	219.0	366.0	186.0	0
77.0	201.0	73.0	215.0	97.0	198.0	158.0	164.0	142.0	179.0	175.0	212.0	173.0	236.0	164.0	252.0	178.0	185.0	200.0	157.0	197.0	196.0	204.0	169.0	224.0	175.0	267.0	177.0	254.0	249.0	262.0	206.0	282.0	219.0	297.0	219.0	362.0	184.0	0
78.0	200.0	73.0	214.0	100.0	197.0	155.0	166.0	140.0	179.0	175.0	214.0	172.0	235.0	165.0	252.0	181.0	186.0	198.0	159.0	197.0	197.0	201.0	170.0	224.0	176.0	264.0	177.0	261.0	248.0	264.0	205.0	287.0	218.0	298.0	218.0	364.0	181.0	0
78.0	202.0	73.0	216.0	100.0	199.0	156.0	164.0	141.0	179.0	174.0	213.0	171.0	236.0	164.0	252.0	177.0	185.0	200.0	157.0	195.0	197.0	204.0	170.0	224.0	176.0	264.0	178.0	255.0	246.0	260.0	205.0	282.0	220.0	297.0	220.0	365.0	185.0	0
74.0	201.0	71.0	216.0	93.0	198.0	157.0	164.0	140.0	178.0	173.0	211.0	171.0	233.0	162.0	250.0	181.0	186.0	200.0	158.0	198.0	196.0	203.0	171.0	227.0	176.0	268.0	179.0	254.0	247.0	264.0	206.0	284.0	219.0	298.0	219.0	363.0	185.0	0
77.0	201.0	73.0	217.0	97.0	198.0	161.0	162.0	143.0	176.0	174.0	213.0	170.0	237.0	161.0	254.0	181.0	184.0	202.0	156.0	199.0	195.0	205.0	168.0	224.0	173.0	263.0	177.0	253.0	250.0	264.0	207.0	283.0	220.0	298.0	221.0	361.0	186.0	0
70.0	201.0	67.0	216.0	91.0	199.0	156.0	163.0	138.0	179.0	176.0	214.0	172.0	236.0	164.0	254.0	179.0	185.0	199.0	156.0	199.0	197.0	203.0	170.0	224.0	175.0	268.0	177.0	261.0	250.0	267.0	206.0	289.0	220.0	302.0	219.0	371.0	183.0	0
77.0	201.0	72.0	214.0	98.0	198.0	157.0	164.0	140.0	179.0	173.0	212.0	170.0	235.0	162.0	251.0	181.0	187.0	202.0	158.0	195.0	196.0	205.0	170.0	226.0	176.0	263.0	178.0	254.0	247.0	264.0	206.0	283.0	220.0	296.0	220.0	362.0	185.0	0
74.0	201.0	69.0	215.0	100.0	197.0	158.0	165.0	142.0	179.0	177.0	212.0	175.0	235.0	167.0	252.0	185.0	187.0	201.0	159.0	197.0	196.0	204.0	170.0	228.0	177.0	267.0	179.0	255.0	248.0	262.0	205.0	283.0	219.0	298.0	219.0	364.0	186.0	0
72.0	201.0	67.0	216.0	93.0	198.0	158.0	160.0	140.0	176.0	173.0	213.0	170.0	237.0	159.0	255.0	179.0	184.0	201.0	156.0	195.0	195.0	205.0	167.0	228.0	174.0	269.0	176.0	256.0	252.0	267.0	208.0	287.0	222.0	302.0	223.0	369.0	183.0	0
75.0	201.0	71.0	216.0	97.0	197.0	158.0	163.0	140.0	179.0	176.0	212.0	170.0	236.0	161.0	253.0	183.0	185.0	201.0	157.0	199.0	196.0	206.0	169.0	230.0	176.0	269.0	178.0	258.0	251.0	266.0	207.0	285.0	221.0	300.0	222.0	365.0	186.0	0
80.0	201.0	76.0	216.0	101.0	198.0	160.0	163.0	141.0	179.0	171.0	214.0	169.0	235.0	160.0	252.0	179.0	186.0	201.0	158.0	194.0	197.0	205.0	171.0	223.0	176.0	266.0	179.0	253.0	250.0	262.0	209.0	282.0	222.0	296.0	222.0	357.0	186.0	0
76.0	201.0	73.0	216.0	95.0	199.0	157.0	164.0	143.0	178.0	175.0	212.0	172.0	235.0	163.0	250.0	183.0	186.0	200.0	158.0	197.0	197.0	205.0	170.0	227.0	176.0	269.0	179.0	253.0	248.0	261.0	205.0	284.0	220.0	297.0	220.0	367.0	188.0	0
76.0	200.0	72.0	216.0	96.0	198.0	157.0	163.0	141.0	177.0	171.0	211.0	169.0	236.0	161.0	252.0	181.0	186.0	198.0	158.0	192.0	195.0	204.0	170.0	225.0	176.0	268.0	178.0	252.0	249.0	263.0	205.0	284.0	219.0	299.0	220.0	367.0	187.0	0
76.0	201.0	73.0	215.0	96.0	198.0	157.0	165.0	142.0	178.0	175.0	212.0	171.0	235.0	162.0	251.0	181.0	186.0	200.0	159.0	195.0	196.0	204.0	170.0	225.0	176.0	265.0	179.0	256.0	248.0	264.0	206.0	285.0	220.0	299.0	220.0	362.0	184.0	0
70.0	201.0	68.0	217.0	90.0	198.0	155.0	163.0	139.0	176.0	172.0	213.0	168.0	237.0	161.0	255.0	181.0	186.0	198.0	157.0	195.0	195.0	204.0	168.0	226.0	174.0	270.0	177.0	261.0	251.0	266.0	206.0	288.0	221.0	302.0	220.0	365.0	183.0	0
74.0	201.0	69.0	216.0	95.0	197.0	155.0	164.0	138.0	179.0	174.0	213.0	171.0	236.0	162.0	254.0	176.0	185.0	200.0	158.0	196.0	196.0	202.0	169.0	224.0	176.0	269.0	178.0	259.0	250.0	261.0	204.0	287.0	220.0	303.0	220.0	372.0	183.0	0
79.0	202.0	76.0	217.0	98.0	198.0	154.0	165.0	141.0	178.0	174.0	212.0	172.0	235.0	164.0	252.0	178.0	186.0	200.0	159.0	193.0	195.0	204.0	171.0	227.0	177.0	267.0	178.0	255.0	247.0	264.0	206.0	283.0	219.0	296.0	219.0	361.0	187.0	0
77.0	201.0	73.0	214.0	96.0	198.0	155.0	165.0	139.0	178.0	173.0	213.0	171.0	237.0	163.0	253.0	176.0	185.0	201.0	157.0	200.0	198.0	204.0	170.0	223.0	176.0	263.0	179.0	254.0	248.0	259.0	205.0	283.0	220.0	296.0	219.0	361.0	185.0	0
76.0	200.0	72.0	215.0	100.0	197.0	158.0	164.0	141.0	178.0	174.0	213.0	171.0	235.0	163.0	253.0	180.0	186.0	201.0	158.0	199.0	197.0	205.0	170.0	226.0	176.0	265.0	178.0	254.0	249.0	263.0	207.0	284.0	220.0	296.0	219.0	362.0	184.0	0
74.0	200.0	70.0	215.0	97.0	197.0	158.0	163.0	141.0	178.0	172.0	213.0	170.0	236.0	160.0	253.0	180.0	185.0	199.0	157.0	197.0	197.0	204.0	169.0	226.0	175.0	266.0	178.0	253.0	250.0	263.0	207.0	283.0	221.0	299.0	221.0	366.0	185.0	0
76.0	200.0	71.0	216.0	95.0	198.0	156.0	163.0	139.0	178.0	175.0	213.0	173.0	237.0	164.0	254.0	179.0	185.0	201.0	158.0	197.0	197.0	205.0	170.0	225.0	175.0	265.0	178.0	255.0	250.0	263.0	207.0	284.0	220.0	297.0	220.0	362.0	183.0	0
70.0	200.0	65.0	213.0	96.0	197.0	155.0	163.0	138.0	179.0	172.0	214.0	169.0	236.0	160.0	254.0	177.0	186.0	199.0	157.0	192.0	195.0	205.0	170.0	227.0	175.0	269.0	177.0	255.0	251.0	264.0	205.0	287.0	220.0	301.0	220.0	369.0	183.0	0
71.0	200.0	67.0	215.0	96.0	198.0	156.0	161.0	137.0	178.0	173.0	213.0	169.0	236.0	161.0	254.0	182.0	185.0	201.0	156.0	199.0	196.0	206.0	169.0	229.0	175.0	269.0	178.0	259.0	249.0	266.0	208.0	285.0	220.0	298.0	220.0	369.0	187.0	0
70.0	201.0	66.0	218.0	90.0	198.0	156.0	161.0	139.0	176.0	173.0	214.0	170.0	238.0	160.0	257.0	176.0	183.0	200.0	154.0	195.0	195.0	205.0	168.0	225.0	173.0	273.0	176.0	262.0	253.0	269.0	208.0	292.0	222.0	305.0	222.0	374.0	183.0	0
72.0	200.0	66.0	214.0	94.0	198.0	160.0	162.0	139.0	179.0	173.0	213.0	172.0	235.0	163.0	254.0	183.0	185.0	197.0	157.0	197.0	194.0	202.0	169.0	225.0	175.0	268.0	178.0	257.0	249.0	265.0	206.0	286.0	220.0	301.0	219.0	365.0	185.0	0
79.0	201.0	74.0	217.0	97.0	198.0	157.0	163.0	140.0	178.0	173.0	211.0	170.0	234.0	160.0	251.0	180.0	185.0	200.0	157.0	194.0	194.0	204.0	169.0	225.0	174.0	269.0	178.0	253.0	247.0	264.0	206.0	283.0	219.0	299.0	219.0	363.0	186.0	0
66.0	200.0	62.0	216.0	87.0	197.0	151.0	161.0	135.0	177.0	171.0	215.0	166.0	238.0	158.0	256.0	175.0	184.0	200.0	154.0	194.0	196.0	204.0	167.0	228.0	173.0	274.0	176.0	261.0	254.0	268.0	206.0	293.0	221.0	307.0	221.0	378.0	183.0	0
63.0	201.0	57.0	216.0	89.0	197.0	153.0	159.0	132.0	176.0	171.0	214.0	169.0	241.0	158.0	260.0	178.0	183.0	199.0	152.0	196.0	196.0	207.0	166.0	231.0	172.0	274.0	175.0	259.0	257.0	270.0	208.0	294.0	223.0	307.0	221.0	383.0	184.0	0
71.0	200.0	66.0	215.0	96.0	197.0	158.0	163.0	142.0	178.0	172.0	213.0	170.0	236.0	161.0	254.0	181.0	185.0	200.0	158.0	196.0	196.0	204.0	169.0	228.0	175.0	268.0	179.0	256.0	250.0	265.0	207.0	287.0	219.0	300.0	219.0	368.0	186.0	0
75.0	201.0	71.0	217.0	97.0	198.0	156.0	163.0	139.0	178.0	174.0	213.0	172.0	236.0	164.0	254.0	178.0	184.0	201.0	156.0	196.0	196.0	205.0	168.0	227.0	175.0	270.0	177.0	258.0	249.0	265.0	206.0	286.0	220.0	301.0	220.0	369.0	185.0	0
71.0	200.0	67.0	215.0	98.0	196.0	156.0	164.0	141.0	179.0	175.0	213.0	171.0	236.0	163.0	254.0	181.0	185.0	202.0	158.0	200.0	197.0	205.0	169.0	228.0	175.0	267.0	178.0	260.0	250.0	266.0	206.0	288.0	220.0	304.0	220.0	366.0	182.0	0
75.0	200.0	70.0	214.0	96.0	197.0	157.0	163.0	139.0	178.0	171.0	212.0	168.0	236.0	160.0	254.0	180.0	186.0	200.0	157.0	196.0	197.0	203.0	169.0	225.0	175.0	264.0	177.0	253.0	251.0	264.0	207.0	286.0	222.0	299.0	222.0	367.0	183.0	0
68.0	200.0	65.0	215.0	92.0	197.0	155.0	162.0	140.0	177.0	173.0	213.0	170.0	235.0	160.0	254.0	184.0	186.0	200.0	156.0	197.0	196.0	206.0	170.0	226.0	175.0	270.0	177.0	261.0	252.0	267.0	206.0	292.0	221.0	305.0	220.0	372.0	180.0	0
75.0	201.0	72.0	215.0	99.0	197.0	159.0	165.0	142.0	180.0	175.0	212.0	172.0	234.0	163.0	250.0	182.0	187.0	201.0	160.0	199.0	197.0	205.0	171.0	225.0	177.0	267.0	179.0	256.0	248.0	262.0	206.0	285.0	219.0	299.0	219.0	363.0	185.0	0
73.0	200.0	69.0	214.0	96.0	197.0	157.0	163.0	141.0	178.0	173.0	213.0	170.0	235.0	160.0	252.0	181.0	185.0	203.0	157.0	195.0	196.0	208.0	170.0	232.0	176.0	272.0	179.0	254.0	249.0	267.0	208.0	284.0	221.0	299.0	221.0	365.0	186.0	0
75.0	201.0	71.0	216.0	99.0	197.0	158.0	164.0	140.0	179.0	173.0	213.0	168.0	235.0	160.0	252.0	179.0	186.0	201.0	159.0	195.0	196.0	203.0	170.0	224.0	176.0	267.0	179.0	256.0	248.0	264.0	207.0	284.0	220.0	299.0	220.0	361.0	186.0	0
76.0	202.0	72.0	215.0	96.0	198.0	157.0	165.0	138.0	179.0	174.0	213.0	171.0	236.0	161.0	253.0	180.0	185.0	199.0	159.0	194.0	195.0	202.0	170.0	224.0	176.0	267.0	178.0	258.0	248.0	264.0	206.0	287.0	220.0	302.0	220.0	366.0	185.0	0
67.0	201.0	65.0	216.0	91.0	198.0	156.0	162.0	139.0	178.0	175.0	213.0	172.0	238.0	163.0	255.0	179.0	184.0	203.0	155.0	199.0	197.0	207.0	169.0	228.0	174.0	272.0	177.0	262.0	252.0	267.0	206.0	292.0	221.0	307.0	221.0	373.0	184.0	0
76.0	201.0	72.0	216.0	95.0	198.0	157.0	164.0	141.0	177.0	175.0	212.0	171.0	236.0	163.0	252.0	182.0	186.0	200.0	158.0	197.0	196.0	205.0	170.0	227.0	176.0	266.0	179.0	256.0	246.0	262.0	206.0	281.0	219.0	296.0	219.0	361.0	187.0	0
78.0	202.0	75.0	215.0	99.0	199.0	158.0	165.0	141.0	179.0	175.0	212.0	172.0	235.0	163.0	251.0	181.0	185.0	201.0	159.0	198.0	197.0	206.0	171.0	224.0	176.0	266.0	178.0	255.0	248.0	264.0	205.0	285.0	219.0	297.0	219.0	363.0	185.0	0
76.0	201.0	72.0	216.0	98.0	198.0	154.0	164.0	138.0	179.0	175.0	212.0	172.0	235.0	164.0	252.0	181.0	186.0	200.0	157.0	199.0	196.0	204.0	169.0	228.0	175.0	273.0	178.0	256.0	248.0	268.0	207.0	286.0	219.0	298.0	219.0	365.0	185.0	0
67.0	200.0	61.0	215.0	89.0	197.0	156.0	162.0	138.0	177.0	170.0	212.0	167.0	237.0	158.0	255.0	177.0	184.0	203.0	156.0	196.0	196.0	208.0	169.0	231.0	175.0	277.0	178.0	258.0	252.0	268.0	206.0	289.0	221.0	303.0	220.0	378.0	184.0	0
75.0	201.0	72.0	216.0	99.0	197.0	158.0	162.0	142.0	178.0	173.0	213.0	169.0	237.0	160.0	254.0	178.0	184.0	199.0	157.0	198.0	196.0	203.0	169.0	225.0	175.0	267.0	177.0	257.0	250.0	267.0	208.0	286.0	220.0	299.0	220.0	366.0	185.0	0
73.0	201.0	68.0	215.0	99.0	198.0	157.0	164.0	140.0	179.0	173.0	212.0	170.0	235.0	160.0	251.0	180.0	186.0	200.0	158.0	197.0	196.0	204.0	170.0	227.0	176.0	271.0	179.0	254.0	248.0	268.0	207.0	286.0	220.0	300.0	220.0	363.0	185.0	0
70.0	200.0	66.0	216.0	93.0	197.0	155.0	162.0	138.0	177.0	173.0	214.0	170.0	239.0	160.0	257.0	179.0	185.0	204.0	155.0	199.0	198.0	206.0	167.0	226.0	173.0	268.0	176.0	259.0	253.0	268.0	209.0	290.0	222.0	302.0	221.0	368.0	182.0	0
74.0	200.0	70.0	214.0	98.0	197.0	157.0	165.0	142.0	179.0	173.0	212.0	171.0	233.0	162.0	251.0	179.0	186.0	199.0	160.0	199.0	198.0	202.0	171.0	225.0	176.0	268.0	178.0	255.0	247.0	265.0	206.0	284.0	219.0	298.0	218.0	361.0	185.0	0
72.0	200.0	69.0	216.0	94.0	197.0	156.0	163.0	138.0	179.0	173.0	212.0	171.0	235.0	162.0	253.0	177.0	184.0	202.0	157.0	196.0	196.0	206.0	169.0	228.0	175.0	272.0	177.0	256.0	250.0	268.0	208.0	289.0	221.0	303.0	220.0	367.0	182.0	0
77.0	200.0	74.0	215.0	101.0	198.0	159.0	166.0	142.0	181.0	175.0	212.0	173.0	235.0	167.0	250.0	180.0	186.0	200.0	159.0	197.0	198.0	204.0	172.0	226.0	177.0	265.0	180.0	252.0	247.0	261.0	207.0	280.0	218.0	294.0	219.0	361.0	185.0	0
76.0	201.0	73.0	216.0	97.0	198.0	157.0	163.0	141.0	178.0	176.0	213.0	175.0	236.0	165.0	253.0	179.0	184.0	202.0	157.0	198.0	197.0	205.0	169.0	227.0	176.0	266.0	178.0	258.0	249.0	262.0	205.0	285.0	220.0	299.0	220.0	366.0	185.0	0
74.0	200.0	69.0	215.0	97.0	197.0	155.0	161.0	139.0	177.0	173.0	213.0	170.0	237.0	162.0	256.0	180.0	186.0	198.0	156.0	195.0	196.0	203.0	168.0	224.0	174.0	270.0	177.0	258.0	249.0	265.0	206.0	288.0	220.0	302.0	220.0	365.0	183.0	0
73.0	201.0	69.0	216.0	94.0	198.0	156.0	161.0	138.0	178.0	175.0	214.0	171.0	237.0	162.0	254.0	176.0	184.0	201.0	155.0	198.0	197.0	205.0	167.0	226.0	174.0	271.0	178.0	256.0	249.0	266.0	208.0	285.0	221.0	298.0	220.0	366.0	185.0	0
77.0	200.0	72.0	215.0	100.0	197.0	158.0	162.0	142.0	177.0	175.0	212.0	173.0	238.0	162.0	255.0	183.0	186.0	200.0	157.0	198.0	196.0	205.0	170.0	226.0	175.0	266.0	178.0	254.0	251.0	263.0	207.0	283.0	220.0	296.0	220.0	362.0	183.0	0
77.0	201.0	74.0	217.0	96.0	197.0	157.0	163.0	140.0	177.0	175.0	214.0	171.0	236.0	162.0	254.0	180.0	185.0	200.0	157.0	195.0	195.0	203.0	168.0	223.0	173.0	269.0	177.0	254.0	249.0	263.0	205.0	285.0	220.0	299.0	220.0	365.0	186.0	0
72.0	201.0	67.0	214.0	98.0	198.0	158.0	166.0	143.0	179.0	174.0	212.0	170.0	234.0	161.0	251.0	182.0	185.0	202.0	160.0	199.0	197.0	205.0	171.0	226.0	176.0	267.0	178.0	260.0	249.0	266.0	206.0	288.0	221.0	302.0	220.0	367.0	184.0	0
74.0	201.0	70.0	217.0	100.0	197.0	156.0	164.0	140.0	179.0	172.0	213.0	171.0	235.0	163.0	253.0	179.0	185.0	201.0	157.0	195.0	196.0	205.0	169.0	227.0	175.0	266.0	178.0	255.0	248.0	264.0	206.0	285.0	220.0	300.0	220.0	367.0	188.0	0
74.0	201.0	70.0	216.0	97.0	198.0	156.0	163.0	139.0	179.0	175.0	212.0	173.0	236.0	163.0	254.0	181.0	185.0	202.0	157.0	197.0	196.0	206.0	170.0	225.0	176.0	268.0	179.0	254.0	248.0	261.0	205.0	283.0	219.0	297.0	218.0	363.0	187.0	0
76.0	200.0	73.0	217.0	97.0	197.0	158.0	163.0	143.0	178.0	172.0	212.0	168.0	235.0	161.0	253.0	179.0	184.0	200.0	157.0	194.0	195.0	204.0	169.0	223.0	175.0	266.0	178.0	253.0	249.0	261.0	206.0	284.0	221.0	299.0	221.0	359.0	186.0	0
79.0	200.0	76.0	216.0	100.0	197.0	157.0	163.0	141.0	178.0	173.0	212.0	171.0	236.0	163.0	253.0	182.0	186.0	202.0	157.0	193.0	195.0	206.0	171.0	226.0	176.0	268.0	179.0	253.0	249.0	261.0	207.0	281.0	221.0	294.0	221.0	362.0	187.0	0
71.0	200.0	68.0	215.0	94.0	197.0	154.0	162.0	136.0	178.0	175.0	212.0	173.0	236.0	165.0	254.0	183.0	185.0	201.0	156.0	199.0	195.0	205.0	169.0	228.0	175.0	268.0	177.0	259.0	247.0	268.0	206.0	287.0	219.0	301.0	219.0	369.0	185.0	0
75.0	200.0	72.0	216.0	96.0	197.0	157.0	162.0	140.0	177.0	173.0	213.0	168.0	235.0	158.0	252.0	182.0	185.0	200.0	156.0	200.0	196.0	205.0	169.0	227.0	175.0	269.0	177.0	255.0	249.0	265.0	206.0	284.0	219.0	297.0	220.0	366.0	187.0	0
74.0	201.0	71.0	215.0	97.0	198.0	159.0	163.0	141.0	179.0	175.0	213.0	172.0	236.0	164.0	253.0	181.0	185.0	201.0	157.0	197.0	196.0	205.0	170.0	229.0	176.0	269.0	178.0	257.0	249.0	265.0	205.0	285.0	221.0	300.0	221.0	370.0	186.0	0
67.0	199.0	62.0	214.0	88.0	196.0	155.0	159.0	134.0	176.0	170.0	214.0	168.0	239.0	157.0	257.0	177.0	183.0	201.0	153.0	196.0	196.0	207.0	166.0	228.0	173.0	271.0	176.0	256.0	253.0	265.0	207.0	289.0	223.0	305.0	223.0	376.0	183.0	0
74.0	200.0	69.0	214.0	99.0	197.0	160.0	165.0	144.0	179.0	175.0	212.0	173.0	234.0	164.0	252.0	185.0	186.0	201.0	159.0	197.0	196.0	206.0	170.0	227.0	176.0	269.0	178.0	256.0	248.0	265.0	206.0	285.0	219.0	298.0	219.0	367.0	186.0	0
76.0	201.0	73.0	215.0	97.0	199.0	156.0	167.0	140.0	181.0	174.0	212.0	173.0	233.0	166.0	249.0	177.0	187.0	197.0	161.0	196.0	198.0	202.0	172.0	225.0	177.0	264.0	178.0	256.0	246.0	262.0	206.0	281.0	218.0	298.0	217.0	362.0	184.0	0
78.0	201.0	75.0	217.0	100.0	197.0	158.0	165.0	143.0	179.0	175.0	212.0	172.0	234.0	163.0	251.0	182.0	186.0	201.0	159.0	199.0	197.0	204.0	170.0	226.0	176.0	265.0	179.0	254.0	248.0	257.0	203.0	284.0	220.0	296.0	220.0	361.0	187.0	0
76.0	201.0	73.0	217.0	97.0	198.0	157.0	164.0	140.0	180.0	174.0	213.0	172.0	235.0	163.0	253.0	177.0	185.0	200.0	157.0	198.0	197.0	204.0	169.0	225.0	175.0	264.0	176.0	257.0	248.0	265.0	206.0	288.0	221.0	303.0	221.0	366.0	183.0	0
78.0	202.0	74.0	216.0	98.0	199.0	156.0	163.0	141.0	178.0	176.0	212.0	174.0	235.0	164.0	252.0	182.0	186.0	201.0	157.0	198.0	197.0	204.0	169.0	225.0	175.0	265.0	178.0	254.0	249.0	266.0	207.0	285.0	220.0	297.0	220.0	364.0	186.0	0
78.0	199.0	74.0	213.0	101.0	197.0	159.0	166.0	139.0	181.0	174.0	212.0	172.0	235.0	163.0	251.0	181.0	187.0	200.0	160.0	196.0	197.0	204.0	172.0	225.0	177.0	265.0	180.0	252.0	247.0	260.0	205.0	281.0	220.0	297.0	220.0	362.0	186.0	0
78.0	199.0	74.0	215.0	102.0	197.0	159.0	163.0	144.0	177.0	176.0	212.0	172.0	237.0	163.0	254.0	182.0	186.0	200.0	157.0	200.0	197.0	205.0	170.0	224.0	176.0	264.0	178.0	252.0	249.0	262.0	207.0	281.0	221.0	294.0	221.0	359.0	185.0	0
75.0	200.0	73.0	217.0	96.0	198.0	157.0	163.0	138.0	178.0	173.0	213.0	171.0	236.0	162.0	253.0	179.0	184.0	201.0	156.0	195.0	195.0	206.0	169.0	225.0	174.0	271.0	178.0	255.0	249.0	262.0	206.0	285.0	220.0	300.0	220.0	368.0	186.0	0
75.0	201.0	72.0	216.0	96.0	198.0	156.0	164.0	140.0	179.0	175.0	214.0	172.0	236.0	166.0	254.0	179.0	185.0	199.0	158.0	197.0	196.0	203.0	170.0	223.0	174.0	264.0	176.0	257.0	250.0	265.0	206.0	287.0	220.0	299.0	220.0	362.0	181.0	0
78.0	200.0	74.0	214.0	97.0	198.0	161.0	164.0	141.0	179.0	173.0	213.0	170.0	235.0	162.0	252.0	181.0	186.0	201.0	158.0	193.0	195.0	205.0	171.0	226.0	176.0	267.0	179.0	255.0	250.0	262.0	207.0	285.0	221.0	298.0	220.0	363.0	184.0	0
76.0	200.0	71.0	215.0	95.0	197.0	157.0	162.0	140.0	178.0	173.0	212.0	172.0	236.0	163.0	254.0	181.0	185.0	199.0	157.0	195.0	195.0	204.0	169.0	226.0	174.0	270.0	177.0	256.0	249.0	267.0	206.0	288.0	220.0	302.0	220.0	368.0	182.0	0
69.0	200.0	68.0	218.0	94.0	198.0	154.0	161.0	135.0	178.0	170.0	213.0	170.0	237.0	160.0	255.0	176.0	185.0	196.0	154.0	194.0	196.0	203.0	167.0	224.0	172.0	272.0	176.0	256.0	251.0	267.0	208.0	288.0	220.0	302.0	220.0	374.0	184.0	0
73.0	200.0	69.0	218.0	93.0	197.0	157.0	161.0	139.0	176.0	172.0	215.0	169.0	238.0	159.0	256.0	177.0	184.0	198.0	154.0	195.0	196.0	204.0	167.0	225.0	172.0	270.0	176.0	257.0	252.0	265.0	207.0	289.0	222.0	302.0	221.0	366.0	185.0	0
74.0	200.0	70.0	216.0	95.0	197.0	154.0	164.0	139.0	178.0	174.0	212.0	170.0	235.0	161.0	253.0	181.0	185.0	199.0	158.0	196.0	196.0	203.0	170.0	222.0	175.0	264.0	177.0	255.0	248.0	261.0	205.0	285.0	220.0	300.0	219.0	364.0	185.0	0
78.0	199.0	74.0	215.0	100.0	197.0	155.0	164.0	139.0	180.0	174.0	213.0	171.0	234.0	162.0	252.0	176.0	185.0	200.0	158.0	197.0	196.0	206.0	171.0	225.0	176.0	264.0	177.0	255.0	248.0	264.0	207.0	284.0	220.0	297.0	219.0	360.0	183.0	0
72.0	201.0	69.0	216.0	96.0	198.0	160.0	163.0	142.0	179.0	174.0	214.0	171.0	236.0	163.0	254.0	178.0	186.0	200.0	158.0	198.0	197.0	203.0	170.0	223.0	174.0	266.0	177.0	256.0	250.0	265.0	207.0	288.0	221.0	303.0	221.0	372.0	183.0	0
74.0	200.0	69.0	215.0	96.0	198.0	159.0	163.0	141.0	179.0	173.0	214.0	170.0	237.0	161.0	255.0	181.0	186.0	200.0	157.0	196.0	196.0	204.0	169.0	225.0	175.0	269.0	178.0	253.0	250.0	264.0	208.0	285.0	221.0	299.0	221.0	363.0	184.0	0
77.0	200.0	73.0	215.0	98.0	197.0	158.0	164.0	142.0	178.0	175.0	213.0	172.0	235.0	163.0	252.0	180.0	185.0	201.0	158.0	198.0	196.0	206.0	171.0	227.0	176.0	267.0	178.0	257.0	250.0	263.0	206.0	286.0	221.0	300.0	220.0	366.0	183.0	0
73.0	200.0	68.0	215.0	97.0	198.0	156.0	164.0	140.0	178.0	173.0	213.0	172.0	235.0	163.0	253.0	177.0	185.0	200.0	158.0	195.0	196.0	204.0	169.0	225.0	175.0	272.0	178.0	258.0	249.0	264.0	206.0	288.0	220.0	302.0	220.0	366.0	184.0	0
70.0	201.0	65.0	216.0	96.0	198.0	154.0	162.0	137.0	178.0	170.0	213.0	169.0	236.0	161.0	254.0	179.0	185.0	199.0	155.0	193.0	195.0	203.0	167.0	228.0	175.0	268.0	178.0	257.0	249.0	262.0	205.0	284.0	220.0	298.0	220.0	370.0	186.0	0
75.0	200.0	71.0	216.0	92.0	198.0	157.0	162.0	137.0	178.0	171.0	214.0	170.0	236.0	164.0	254.0	176.0	185.0	198.0	156.0	194.0	196.0	203.0	169.0	223.0	174.0	266.0	176.0	255.0	250.0	266.0	206.0	287.0	220.0	300.0	220.0	370.0	183.0	0
73.0	202.0	70.0	217.0	97.0	199.0	154.0	162.0	137.0	178.0	173.0	214.0	170.0	237.0	161.0	253.0	179.0	185.0	200.0	156.0	197.0	196.0	204.0	168.0	224.0	174.0	264.0	177.0	255.0	250.0	265.0	207.0	285.0	220.0	298.0	220.0	364.0	185.0	0
71.0	201.0	65.0	215.0	95.0	198.0	158.0	162.0	143.0	177.0	173.0	214.0	168.0	238.0	158.0	255.0	179.0	185.0	201.0	155.0	196.0	196.0	205.0	168.0	226.0	175.0	267.0	178.0	258.0	251.0	264.0	206.0	287.0	222.0	302.0	223.0	370.0	182.0	0
71.0	200.0	66.0	216.0	97.0	196.0	158.0	160.0	138.0	178.0	173.0	214.0	170.0	237.0	159.0	255.0	181.0	185.0	202.0	155.0	197.0	196.0	207.0	168.0	229.0	175.0	271.0	178.0	256.0	252.0	265.0	207.0	286.0	221.0	301.0	222.0	368.0	185.0	0
72.0	201.0	68.0	216.0	95.0	198.0	156.0	163.0	139.0	179.0	173.0	214.0	171.0	237.0	164.0	255.0	179.0	185.0	201.0	157.0	195.0	196.0	204.0	169.0	229.0	175.0	272.0	177.0	263.0	251.0	268.0	208.0	290.0	222.0	303.0	221.0	369.0	181.0	0
68.0	201.0	63.0	216.0	91.0	199.0	156.0	162.0	139.0	177.0	174.0	215.0	170.0	238.0	161.0	256.0	175.0	184.0	200.0	156.0	196.0	196.0	205.0	169.0	229.0	175.0	270.0	177.0	261.0	253.0	268.0	205.0	293.0	222.0	306.0	221.0	370.0	182.0	0
80.0	200.0	77.0	215.0	98.0	198.0	160.0	163.0	142.0	179.0	175.0	213.0	171.0	235.0	162.0	252.0	182.0	186.0	202.0	158.0	197.0	196.0	206.0	170.0	227.0	176.0	268.0	180.0	257.0	249.0	266.0	208.0	283.0	220.0	296.0	220.0	361.0	185.0	0
75.0	201.0	72.0	216.0	97.0	198.0	160.0	164.0	145.0	178.0	174.0	213.0	172.0	235.0	164.0	251.0	185.0	187.0	199.0	158.0	198.0	195.0	204.0	170.0	226.0	176.0	266.0	179.0	256.0	247.0	262.0	207.0	281.0	218.0	296.0	218.0	362.0	188.0	0
71.0	200.0	69.0	215.0	100.0	196.0	156.0	163.0	141.0	178.0	174.0	213.0	172.0	236.0	162.0	253.0	180.0	185.0	201.0	157.0	198.0	197.0	205.0	169.0	226.0	174.0	265.0	176.0	253.0	250.0	264.0	206.0	284.0	219.0	298.0	219.0	367.0	186.0	0
76.0	200.0	71.0	215.0	98.0	197.0	158.0	164.0	142.0	178.0	173.0	212.0	169.0	235.0	159.0	252.0	179.0	185.0	201.0	158.0	197.0	196.0	205.0	170.0	226.0	176.0	264.0	178.0	253.0	250.0	263.0	207.0	281.0	220.0	295.0	220.0	363.0	186.0	0
75.0	201.0	70.0	215.0	97.0	198.0	157.0	165.0	141.0	179.0	173.0	213.0	170.0	235.0	162.0	252.0	181.0	186.0	199.0	159.0	196.0	196.0	203.0	170.0	222.0	175.0	269.0	177.0	259.0	248.0	263.0	205.0	286.0	220.0	300.0	219.0	368.0	185.0	0
78.0	200.0	74.0	215.0	98.0	196.0	156.0	164.0	140.0	178.0	173.0	213.0	171.0	236.0	162.0	253.0	179.0	185.0	198.0	158.0	195.0	196.0	202.0	169.0	226.0	176.0	269.0	177.0	257.0	249.0	265.0	207.0	286.0	220.0	300.0	220.0	362.0	181.0	0
76.0	201.0	73.0	215.0	95.0	199.0	156.0	163.0	138.0	180.0	172.0	213.0	171.0	236.0	163.0	254.0	178.0	185.0	201.0	157.0	198.0	197.0	207.0	169.0	228.0	175.0	268.0	177.0	253.0	249.0	265.0	207.0	285.0	220.0	298.0	221.0	366.0	186.0	0
70.0	201.0	65.0	218.0	90.0	199.0	154.0	162.0	136.0	178.0	172.0	214.0	171.0	238.0	160.0	257.0	179.0	185.0	196.0	155.0	197.0	197.0	203.0	168.0	225.0	174.0	274.0	177.0	261.0	251.0	270.0	208.0	292.0	221.0	306.0	221.0	377.0	185.0	0
75.0	201.0	74.0	215.0	98.0	198.0	159.0	165.0	143.0	179.0	174.0	212.0	171.0	236.0	164.0	252.0	183.0	187.0	202.0	159.0	196.0	196.0	206.0	171.0	227.0	176.0	266.0	179.0	257.0	249.0	261.0	205.0	284.0	220.0	299.0	220.0	360.0	185.0	0
75.0	199.0	72.0	215.0	98.0	197.0	159.0	163.0	141.0	178.0	174.0	212.0	171.0	235.0	161.0	252.0	181.0	185.0	202.0	158.0	197.0	195.0	208.0	169.0	228.0	175.0	268.0	177.0	256.0	249.0	263.0	206.0	285.0	221.0	300.0	221.0	365.0	185.0	0
79.0	200.0	75.0	215.0	101.0	197.0	159.0	163.0	139.0	179.0	172.0	212.0	169.0	234.0	160.0	251.0	180.0	186.0	200.0	158.0	194.0	195.0	204.0	170.0	224.0	175.0	267.0	177.0	250.0	248.0	264.0	207.0	283.0	220.0	297.0	221.0	362.0	186.0	0
73.0	200.0	70.0	215.0	90.0	197.0	155.0	163.0	135.0	179.0	171.0	212.0	170.0	236.0	160.0	254.0	181.0	185.0	200.0	157.0	196.0	195.0	205.0	169.0	227.0	175.0	268.0	177.0	257.0	252.0	266.0	206.0	288.0	220.0	300.0	220.0	366.0	186.0	0
76.0	201.0	72.0	216.0	97.0	199.0	157.0	165.0	139.0	180.0	175.0	213.0	173.0	237.0	165.0	253.0	178.0	184.0	199.0	158.0	197.0	197.0	202.0	170.0	223.0	175.0	260.0	176.0	260.0	248.0	262.0	205.0	287.0	220.0	300.0	218.0	367.0	184.0	0
71.0	201.0	67.0	215.0	97.0	197.0	157.0	162.0	140.0	178.0	174.0	212.0	170.0	236.0	160.0	254.0	178.0	184.0	201.0	156.0	196.0	196.0	205.0	168.0	225.0	174.0	271.0	177.0	257.0	251.0	266.0	208.0	286.0	222.0	302.0	222.0	368.0	184.0	0
79.0	201.0	74.0	215.0	100.0	198.0	159.0	163.0	142.0	178.0	174.0	211.0	172.0	234.0	164.0	251.0	182.0	186.0	202.0	158.0	195.0	196.0	205.0	170.0	224.0	175.0	262.0	178.0	252.0	248.0	259.0	207.0	280.0	221.0	295.0	221.0	360.0	185.0	0
70.0	201.0	65.0	216.0	91.0	198.0	156.0	163.0	138.0	179.0	172.0	215.0	167.0	237.0	158.0	254.0	177.0	184.0	200.0	156.0	197.0	197.0	204.0	169.0	229.0	175.0	272.0	177.0	256.0	251.0	264.0	206.0	289.0	222.0	303.0	222.0	372.0	185.0	0
78.0	200.0	76.0	215.0	101.0	197.0	159.0	163.0	141.0	179.0	176.0	212.0	173.0	236.0	165.0	252.0	181.0	185.0	201.0	158.0	197.0	196.0	205.0	169.0	226.0	175.0	267.0	178.0	253.0	248.0	263.0	206.0	283.0	219.0	299.0	219.0	362.0	184.0	0
76.0	201.0	72.0	214.0	97.0	198.0	157.0	165.0	141.0	179.0	174.0	212.0	171.0	234.0	163.0	251.0	182.0	186.0	202.0	158.0	196.0	195.0	206.0	170.0	227.0	176.0	267.0	179.0	254.0	245.0	263.0	206.0	284.0	219.0	296.0	219.0	361.0	188.0	0
75.0	201.0	69.0	216.0	93.0	198.0	157.0	161.0	140.0	178.0	174.0	212.0	172.0	236.0	162.0	254.0	179.0	185.0	201.0	157.0	195.0	196.0	204.0	168.0	228.0	174.0	269.0	177.0	256.0	251.0	268.0	209.0	288.0	222.0	302.0	222.0	367.0	184.0	0
76.0	200.0	71.0	215.0	97.0	198.0	158.0	164.0	142.0	179.0	174.0	213.0	171.0	235.0	162.0	252.0	184.0	185.0	202.0	158.0	198.0	197.0	207.0	171.0	228.0	177.0	267.0	179.0	257.0	248.0	263.0	207.0	282.0	219.0	295.0	220.0	365.0	187.0	0
72.0	199.0	69.0	215.0	93.0	197.0	159.0	162.0	139.0	177.0	172.0	213.0	170.0	237.0	160.0	254.0	178.0	184.0	200.0	155.0	195.0	197.0	206.0	169.0	224.0	174.0	266.0	177.0	254.0	251.0	265.0	207.0	288.0	222.0	300.0	221.0	364.0	185.0	0
72.0	200.0	68.0	215.0	95.0	197.0	157.0	163.0	142.0	178.0	173.0	214.0	171.0	237.0	162.0	256.0	179.0	185.0	200.0	156.0	196.0	196.0	205.0	169.0	229.0	175.0	270.0	177.0	259.0	250.0	265.0	206.0	287.0	219.0	302.0	219.0	373.0	184.0	0
76.0	202.0	72.0	216.0	100.0	199.0	156.0	164.0	143.0	178.0	175.0	213.0	172.0	236.0	163.0	253.0	179.0	185.0	199.0	156.0	195.0	195.0	203.0	169.0	225.0	174.0	267.0	178.0	253.0	248.0	264.0	206.0	285.0	220.0	298.0	219.0	364.0	188.0	0
75.0	200.0	70.0	215.0	98.0	197.0	156.0	163.0	139.0	178.0	173.0	214.0	170.0	237.0	162.0	256.0	181.0	185.0	199.0	157.0	195.0	196.0	202.0	168.0	224.0	174.0	270.0	177.0	259.0	250.0	264.0	205.0	288.0	220.0	301.0	219.0	368.0	182.0	0
77.0	201.0	72.0	216.0	98.0	198.0	156.0	164.0	140.0	179.0	175.0	213.0	174.0	235.0	165.0	252.0	181.0	187.0	198.0	158.0	198.0	198.0	204.0	170.0	226.0	175.0	265.0	177.0	258.0	249.0	264.0	206.0	286.0	220.0	300.0	220.0	364.0	183.0	0
80.0	200.0	74.0	215.0	100.0	198.0	160.0	165.0	141.0	180.0	175.0	213.0	173.0	236.0	164.0	254.0	180.0	186.0	199.0	158.0	195.0	196.0	203.0	170.0	223.0	176.0	266.0	178.0	255.0	248.0	261.0	206.0	284.0	221.0	298.0	220.0	361.0	185.0	0
76.0	200.0	73.0	215.0	97.0	197.0	156.0	163.0	140.0	179.0	172.0	213.0	170.0	236.0	161.0	252.0	179.0	185.0	201.0	158.0	194.0	196.0	205.0	169.0	224.0	175.0	271.0	178.0	256.0	248.0	262.0	206.0	283.0	221.0	297.0	221.0	363.0	183.0	0
71.0	203.0	67.0	217.0	92.0	200.0	155.0	162.0	135.0	178.0	172.0	213.0	170.0	239.0	162.0	256.0	177.0	184.0	199.0	155.0	193.0	195.0	202.0	168.0	224.0	173.0	267.0	175.0	260.0	251.0	268.0	207.0	290.0	221.0	301.0	220.0	368.0	184.0	0
71.0	200.0	68.0	217.0	93.0	198.0	155.0	162.0	137.0	178.0	171.0	214.0	167.0	237.0	158.0	255.0	181.0	186.0	202.0	156.0	194.0	196.0	206.0	169.0	228.0	175.0	271.0	178.0	258.0	252.0	268.0	207.0	290.0	221.0	303.0	221.0	372.0	185.0	0
76.0	200.0	73.0	216.0	97.0	197.0	159.0	164.0	142.0	179.0	173.0	212.0	172.0	235.0	163.0	253.0	180.0	185.0	201.0	158.0	197.0	196.0	205.0	170.0	226.0	176.0	267.0	179.0	257.0	249.0	261.0	204.0	285.0	220.0	298.0	219.0	363.0	186.0	0
76.0	201.0	73.0	217.0	98.0	197.0	158.0	163.0	143.0	177.0	175.0	212.0	173.0	236.0	162.0	253.0	181.0	185.0	199.0	158.0	196.0	196.0	204.0	170.0	224.0	175.0	267.0	177.0	255.0	249.0	265.0	207.0	284.0	219.0	297.0	219.0	366.0	185.0	0
80.0	201.0	77.0	216.0	98.0	198.0	159.0	165.0	141.0	180.0	174.0	213.0	170.0	235.0	160.0	250.0	176.0	186.0	199.0	159.0	196.0	198.0	203.0	171.0	223.0	176.0	263.0	178.0	253.0	248.0	261.0	207.0	282.0	221.0	298.0	220.0	364.0	185.0	0
67.0	200.0	60.0	215.0	92.0	198.0	156.0	162.0	141.0	177.0	170.0	214.0	169.0	237.0	161.0	256.0	182.0	187.0	198.0	156.0	195.0	196.0	205.0	169.0	228.0	175.0	274.0	177.0	259.0	251.0	266.0	206.0	289.0	220.0	304.0	220.0	371.0	183.0	0
71.0	202.0	67.0	217.0	93.0	199.0	155.0	162.0	141.0	176.0	172.0	212.0	168.0	238.0	161.0	255.0	186.0	185.0	199.0	156.0	197.0	194.0	204.0	169.0	224.0	174.0	267.0	175.0	258.0	251.0	268.0	206.0	289.0	221.0	304.0	220.0	371.0	185.0	0
74.0	200.0	70.0	217.0	96.0	197.0	156.0	162.0	137.0	179.0	174.0	213.0	171.0	238.0	160.0	256.0	179.0	184.0	200.0	155.0	199.0	196.0	204.0	168.0	225.0	174.0	270.0	176.0	257.0	251.0	266.0	207.0	288.0	221.0	303.0	222.0	370.0	185.0	0
72.0	200.0	68.0	216.0	97.0	197.0	155.0	164.0	141.0	179.0	173.0	213.0	170.0	235.0	161.0	253.0	178.0	186.0	200.0	159.0	195.0	197.0	205.0	170.0	228.0	175.0	270.0	178.0	258.0	249.0	265.0	207.0	286.0	220.0	299.0	220.0	364.0	185.0	0
74.0	200.0	70.0	215.0	98.0	197.0	159.0	162.0	142.0	178.0	172.0	212.0	170.0	236.0	161.0	254.0	180.0	185.0	201.0	156.0	196.0	197.0	205.0	169.0	227.0	174.0	269.0	178.0	254.0	251.0	266.0	209.0	288.0	222.0	299.0	221.0	365.0	185.0	0
72.0	203.0	70.0	218.0	92.0	199.0	153.0	163.0	139.0	178.0	174.0	212.0	171.0	236.0	163.0	252.0	183.0	185.0	201.0	157.0	198.0	195.0	205.0	168.0	228.0	175.0	269.0	178.0	261.0	249.0	264.0	205.0	287.0	221.0	303.0	221.0	372.0	185.0	0
75.0	200.0	71.0	215.0	98.0	197.0	158.0	163.0	141.0	179.0	172.0	212.0	170.0	235.0	161.0	252.0	179.0	186.0	199.0	158.0	194.0	196.0	203.0	170.0	226.0	175.0	267.0	178.0	256.0	249.0	264.0	207.0	283.0	220.0	298.0	220.0	365.0	184.0	0
74.0	200.0	71.0	216.0	96.0	198.0	157.0	163.0	137.0	178.0	173.0	213.0	169.0	237.0	159.0	254.0	178.0	185.0	198.0	157.0	197.0	196.0	202.0	169.0	223.0	174.0	271.0	177.0	255.0	250.0	267.0	206.0	290.0	220.0	304.0	220.0	372.0	184.0	0
78.0	200.0	74.0	215.0	100.0	197.0	158.0	164.0	140.0	179.0	173.0	212.0	172.0	236.0	163.0	253.0	178.0	184.0	201.0	158.0	197.0	197.0	205.0	169.0	225.0	174.0	268.0	177.0	255.0	248.0	265.0	207.0	283.0	219.0	297.0	219.0	365.0	185.0	0
73.0	201.0	69.0	215.0	95.0	197.0	156.0	164.0	139.0	178.0	175.0	213.0	172.0	237.0	165.0	253.0	178.0	185.0	199.0	157.0	197.0	196.0	204.0	170.0	226.0	175.0	266.0	177.0	260.0	248.0	266.0	206.0	289.0	220.0	302.0	219.0	363.0	181.0	0
76.0	201.0	72.0	216.0	96.0	198.0	158.0	163.0	142.0	178.0	174.0	213.0	172.0	235.0	161.0	251.0	178.0	185.0	202.0	158.0	197.0	196.0	204.0	170.0	227.0	176.0	267.0	178.0	254.0	249.0	262.0	208.0	278.0	219.0	297.0	221.0	366.0	187.0	0
73.0	200.0	69.0	215.0	93.0	198.0	159.0	163.0	140.0	178.0	173.0	214.0	172.0	237.0	163.0	256.0	184.0	186.0	202.0	157.0	195.0	195.0	207.0	170.0	225.0	176.0	266.0	178.0	256.0	249.0	264.0	206.0	286.0	220.0	300.0	221.0	367.0	186.0	0
81.0	201.0	77.0	216.0	102.0	198.0	158.0	165.0	142.0	179.0	174.0	214.0	172.0	237.0	165.0	253.0	179.0	185.0	200.0	159.0	193.0	195.0	203.0	170.0	222.0	175.0	264.0	177.0	255.0	247.0	261.0	206.0	284.0	220.0	299.0	220.0	363.0	184.0	0
76.0	202.0	71.0	217.0	97.0	198.0	159.0	162.0	140.0	179.0	175.0	213.0	172.0	237.0	161.0	256.0	180.0	185.0	198.0	157.0	199.0	197.0	202.0	169.0	225.0	175.0	267.0	177.0	257.0	250.0	265.0	206.0	288.0	220.0	301.0	220.0	368.0	184.0	0
70.0	201.0	67.0	218.0	92.0	198.0	155.0	161.0	137.0	177.0	172.0	214.0	169.0	238.0	159.0	255.0	179.0	184.0	202.0	154.0	197.0	196.0	206.0	167.0	225.0	172.0	265.0	176.0	257.0	252.0	265.0	207.0	288.0	222.0	303.0	222.0	368.0	186.0	0
78.0	201.0	74.0	215.0	100.0	198.0	156.0	165.0	141.0	180.0	176.0	214.0	172.0	234.0	166.0	252.0	181.0	187.0	198.0	159.0	196.0	197.0	202.0	170.0	222.0	176.0	263.0	178.0	257.0	248.0	262.0	206.0	286.0	219.0	299.0	219.0	364.0	183.0	0
75.0	201.0	72.0	216.0	99.0	197.0	157.0	165.0	141.0	179.0	172.0	212.0	172.0	235.0	162.0	251.0	181.0	185.0	200.0	159.0	194.0	196.0	204.0	171.0	226.0	177.0	267.0	180.0	251.0	247.0	260.0	204.0	283.0	220.0	297.0	220.0	360.0	187.0	0
71.0	202.0	68.0	216.0	94.0	199.0	157.0	162.0	137.0	178.0	173.0	213.0	170.0	237.0	159.0	253.0	183.0	185.0	198.0	155.0	196.0	195.0	206.0	168.0	227.0	173.0	273.0	177.0	256.0	251.0	270.0	209.0	288.0	221.0	302.0	221.0	369.0	184.0	0
74.0	201.0	70.0	216.0	95.0	198.0	156.0	165.0	140.0	178.0	175.0	214.0	171.0	235.0	162.0	252.0	177.0	185.0	199.0	159.0	198.0	197.0	203.0	170.0	226.0	175.0	266.0	178.0	258.0	249.0	263.0	205.0	286.0	219.0	299.0	218.0	362.0	185.0	0
77.0	201.0	73.0	215.0	101.0	198.0	156.0	164.0	143.0	179.0	176.0	213.0	173.0	235.0	164.0	252.0	182.0	186.0	198.0	158.0	197.0	197.0	201.0	170.0	224.0	176.0	267.0	177.0	260.0	250.0	265.0	206.0	289.0	220.0	302.0	219.0	365.0	182.0	0
75.0	200.0	71.0	215.0	101.0	197.0	158.0	164.0	142.0	179.0	175.0	213.0	172.0	236.0	163.0	253.0	183.0	186.0	201.0	158.0	199.0	196.0	204.0	171.0	226.0	176.0	267.0	179.0	254.0	250.0	266.0	207.0	286.0	220.0	299.0	219.0	360.0	184.0	0
78.0	200.0	75.0	215.0	97.0	197.0	158.0	163.0	141.0	179.0	176.0	214.0	174.0	236.0	166.0	252.0	180.0	186.0	200.0	158.0	197.0	197.0	204.0	170.0	226.0	175.0	265.0	177.0	256.0	247.0	263.0	205.0	283.0	219.0	298.0	218.0	360.0	181.0	0
79.0	200.0	75.0	214.0	99.0	198.0	158.0	164.0	140.0	179.0	174.0	214.0	172.0	237.0	162.0	253.0	178.0	186.0	200.0	158.0	194.0	196.0	203.0	169.0	223.0	174.0	263.0	176.0	257.0	249.0	266.0	208.0	282.0	219.0	299.0	219.0	363.0	183.0	0
73.0	202.0	71.0	216.0	96.0	199.0	156.0	165.0	139.0	179.0	174.0	213.0	170.0	235.0	163.0	252.0	180.0	186.0	199.0	159.0	196.0	195.0	203.0	169.0	225.0	175.0	271.0	178.0	257.0	247.0	265.0	205.0	288.0	219.0	302.0	219.0	368.0	186.0	0
72.0	200.0	67.0	215.0	97.0	197.0	156.0	163.0	138.0	178.0	175.0	214.0	171.0	238.0	162.0	256.0	179.0	185.0	199.0	157.0	196.0	196.0	203.0	169.0	225.0	175.0	264.0	177.0	256.0	252.0	263.0	208.0	286.0	222.0	300.0	222.0	364.0	183.0	0
77.0	201.0	74.0	215.0	99.0	198.0	156.0	164.0	140.0	179.0	174.0	212.0	171.0	235.0	163.0	251.0	179.0	186.0	199.0	157.0	198.0	197.0	204.0	170.0	226.0	176.0	268.0	178.0	255.0	248.0	262.0	205.0	286.0	220.0	299.0	219.0	366.0	185.0	0
71.0	201.0	67.0	217.0	90.0	198.0	156.0	163.0	138.0	178.0	172.0	214.0	169.0	237.0	160.0	256.0	177.0	186.0	197.0	156.0	197.0	198.0	202.0	169.0	224.0	174.0	268.0	178.0	257.0	250.0	264.0	206.0	287.0	221.0	303.0	221.0	373.0	185.0	0
73.0	201.0	69.0	216.0	97.0	198.0	158.0	163.0	140.0	178.0	173.0	214.0	171.0	235.0	161.0	254.0	181.0	185.0	200.0	158.0	197.0	196.0	205.0	170.0	225.0	175.0	265.0	177.0	258.0	250.0	264.0	205.0	288.0	221.0	303.0	221.0	367.0	183.0	0
77.0	201.0	73.0	215.0	101.0	198.0	155.0	165.0	140.0	180.0	174.0	213.0	173.0	235.0	162.0	252.0	180.0	186.0	199.0	159.0	196.0	196.0	203.0	170.0	226.0	176.0	270.0	178.0	255.0	248.0	265.0	207.0	285.0	220.0	300.0	220.0	363.0	184.0	0
79.0	200.0	75.0	214.0	96.0	198.0	158.0	166.0	141.0	179.0	174.0	212.0	171.0	234.0	165.0	251.0	182.0	186.0	200.0	159.0	195.0	196.0	204.0	171.0	224.0	177.0	266.0	178.0	256.0	245.0	263.0	205.0	283.0	219.0	297.0	218.0	361.0	184.0	0
78.0	201.0	74.0	216.0	97.0	198.0	154.0	162.0	138.0	179.0	175.0	214.0	173.0	237.0	163.0	255.0	176.0	184.0	199.0	156.0	195.0	196.0	201.0	167.0	223.0	172.0	272.0	175.0	257.0	251.0	267.0	207.0	287.0	220.0	301.0	221.0	368.0	183.0	0
82.0	200.0	79.0	216.0	99.0	197.0	161.0	164.0	143.0	178.0	173.0	214.0	171.0	235.0	162.0	251.0	178.0	184.0	201.0	158.0	196.0	197.0	205.0	170.0	226.0	175.0	264.0	178.0	254.0	246.0	261.0	206.0	282.0	221.0	298.0	220.0	360.0	185.0	0
74.0	201.0	70.0	215.0	93.0	198.0	153.0	163.0	135.0	179.0	173.0	213.0	171.0	236.0	162.0	255.0	178.0	185.0	199.0	157.0	195.0	196.0	204.0	169.0	225.0	174.0	269.0	177.0	257.0	249.0	268.0	207.0	288.0	220.0	302.0	220.0	369.0	183.0	0
76.0	200.0	70.0	214.0	97.0	197.0	158.0	164.0	142.0	179.0	173.0	212.0	169.0	236.0	159.0	253.0	181.0	187.0	200.0	158.0	198.0	197.0	205.0	171.0	226.0	176.0	265.0	178.0	258.0	250.0	264.0	208.0	283.0	221.0	297.0	221.0	363.0	183.0	0
69.0	201.0	65.0	216.0	96.0	198.0	157.0	163.0	139.0	179.0	176.0	214.0	172.0	238.0	162.0	255.0	180.0	185.0	198.0	157.0	197.0	197.0	202.0	168.0	223.0	174.0	266.0	177.0	259.0	251.0	263.0	206.0	287.0	220.0	301.0	220.0	370.0	183.0	0
78.0	201.0	73.0	217.0	98.0	198.0	156.0	165.0	141.0	180.0	176.0	214.0	173.0	236.0	163.0	253.0	177.0	185.0	198.0	158.0	199.0	198.0	202.0	170.0	223.0	175.0	265.0	177.0	258.0	249.0	263.0	206.0	285.0	220.0	299.0	220.0	363.0	182.0	0
69.0	202.0	65.0	215.0	90.0	199.0	153.0	164.0	137.0	179.0	172.0	213.0	169.0	235.0	161.0	252.0	178.0	185.0	198.0	158.0	194.0	196.0	203.0	170.0	224.0	175.0	270.0	177.0	259.0	248.0	267.0	205.0	287.0	219.0	303.0	219.0	372.0	185.0	0
77.0	201.0	73.0	215.0	95.0	199.0	157.0	164.0	142.0	178.0	174.0	213.0	170.0	235.0	161.0	252.0	182.0	185.0	200.0	157.0	199.0	198.0	205.0	169.0	223.0	174.0	262.0	177.0	254.0	248.0	265.0	208.0	283.0	221.0	297.0	221.0	360.0	185.0	0
80.0	199.0	77.0	215.0	100.0	197.0	159.0	163.0	141.0	178.0	172.0	212.0	170.0	235.0	161.0	253.0	179.0	185.0	200.0	157.0	196.0	196.0	205.0	169.0	224.0	174.0	267.0	177.0	250.0	248.0	262.0	207.0	282.0	220.0	296.0	220.0	360.0	186.0	0
74.0	201.0	72.0	215.0	97.0	198.0	156.0	164.0	141.0	180.0	172.0	213.0	170.0	236.0	161.0	253.0	180.0	186.0	200.0	158.0	194.0	196.0	204.0	170.0	224.0	176.0	269.0	179.0	257.0	250.0	265.0	206.0	285.0	220.0	299.0	220.0	364.0	184.0	0
73.0	200.0	69.0	216.0	95.0	198.0	161.0	162.0	143.0	178.0	173.0	213.0	170.0	236.0	160.0	252.0	184.0	186.0	203.0	157.0	200.0	196.0	208.0	170.0	228.0	176.0	269.0	179.0	255.0	249.0	266.0	208.0	283.0	219.0	298.0	220.0	363.0	187.0	0
80.0	202.0	76.0	216.0	101.0	198.0	158.0	164.0	142.0	179.0	176.0	213.0	173.0	236.0	164.0	252.0	182.0	185.0	195.0	156.0	197.0	195.0	201.0	169.0	222.0	175.0	268.0	179.0	254.0	248.0	260.0	205.0	282.0	220.0	295.0	219.0	361.0	186.0	0
75.0	200.0	70.0	215.0	97.0	198.0	157.0	164.0	140.0	178.0	173.0	212.0	170.0	235.0	159.0	252.0	177.0	185.0	200.0	158.0	196.0	196.0	204.0	170.0	225.0	175.0	270.0	179.0	257.0	248.0	262.0	205.0	285.0	220.0	300.0	220.0	367.0	185.0	0
73.0	201.0	70.0	215.0	99.0	198.0	158.0	163.0	142.0	179.0	175.0	212.0	171.0	235.0	160.0	253.0	180.0	185.0	200.0	156.0	196.0	196.0	206.0	169.0	225.0	175.0	265.0	177.0	251.0	250.0	264.0	207.0	282.0	221.0	296.0	222.0	365.0	184.0	0
70.0	200.0	65.0	215.0	94.0	199.0	155.0	164.0	136.0	180.0	172.0	213.0	171.0	236.0	161.0	254.0	183.0	186.0	202.0	157.0	194.0	195.0	206.0	171.0	226.0	176.0	273.0	179.0	256.0	249.0	269.0	207.0	288.0	219.0	302.0	219.0	375.0	188.0	0
76.0	200.0	72.0	215.0	96.0	198.0	155.0	164.0	137.0	178.0	173.0	213.0	170.0	236.0	163.0	254.0	177.0	185.0	199.0	158.0	194.0	196.0	204.0	171.0	223.0	176.0	266.0	179.0	256.0	248.0	262.0	206.0	285.0	219.0	300.0	219.0	366.0	184.0	0
74.0	201.0	71.0	217.0	98.0	197.0	157.0	164.0	139.0	178.0	174.0	214.0	171.0	237.0	162.0	253.0	180.0	186.0	199.0	158.0	196.0	196.0	203.0	171.0	225.0	176.0	267.0	178.0	259.0	249.0	268.0	208.0	286.0	219.0	300.0	220.0	363.0	184.0	0
77.0	201.0	73.0	216.0	98.0	198.0	161.0	164.0	145.0	179.0	174.0	212.0	170.0	236.0	161.0	253.0	181.0	185.0	199.0	158.0	198.0	195.0	203.0	169.0	224.0	174.0	262.0	177.0	253.0	249.0	261.0	205.0	285.0	221.0	299.0	220.0	363.0	187.0	0
77.0	202.0	74.0	216.0	100.0	198.0	158.0	164.0	142.0	178.0	173.0	211.0	170.0	235.0	162.0	252.0	182.0	186.0	200.0	158.0	198.0	196.0	204.0	170.0	224.0	176.0	268.0	178.0	254.0	249.0	261.0	205.0	285.0	221.0	298.0	221.0	365.0	185.0	0
73.0	200.0	68.0	212.0	99.0	197.0	157.0	165.0	140.0	181.0	176.0	213.0	172.0	233.0	165.0	251.0	182.0	187.0	200.0	160.0	199.0	198.0	203.0	171.0	226.0	177.0	265.0	179.0	258.0	249.0	267.0	208.0	285.0	218.0	298.0	218.0	360.0	181.0	0
78.0	201.0	74.0	216.0	98.0	197.0	155.0	163.0	138.0	180.0	173.0	213.0	171.0	236.0	162.0	253.0	177.0	185.0	199.0	156.0	199.0	198.0	204.0	169.0	225.0	175.0	268.0	178.0	254.0	249.0	263.0	207.0	281.0	220.0	296.0	221.0	363.0	185.0	0
80.0	200.0	75.0	215.0	99.0	197.0	160.0	164.0	145.0	179.0	173.0	212.0	171.0	235.0	164.0	252.0	181.0	186.0	202.0	158.0	197.0	197.0	206.0	170.0	225.0	175.0	268.0	178.0	255.0	248.0	264.0	208.0	282.0	219.0	296.0	220.0	363.0	185.0	0
77.0	200.0	72.0	214.0	99.0	197.0	159.0	164.0	139.0	180.0	173.0	213.0	170.0	235.0	162.0	253.0	179.0	187.0	202.0	158.0	196.0	197.0	205.0	170.0	227.0	176.0	266.0	178.0	254.0	248.0	264.0	207.0	283.0	220.0	296.0	220.0	364.0	186.0	0
75.0	201.0	72.0	217.0	91.0	198.0	157.0	162.0	139.0	178.0	173.0	214.0	168.0	237.0	159.0	253.0	176.0	183.0	200.0	157.0	196.0	196.0	203.0	168.0	227.0	175.0	264.0	178.0	254.0	250.0	265.0	207.0	287.0	222.0	299.0	222.0	363.0	185.0	0
75.0	200.0	72.0	216.0	97.0	197.0	158.0	163.0	139.0	179.0	171.0	211.0	170.0	234.0	162.0	252.0	180.0	186.0	197.0	157.0	196.0	197.0	202.0	170.0	226.0	176.0	267.0	178.0	256.0	249.0	261.0	205.0	284.0	220.0	299.0	220.0	365.0	184.0	0
73.0	200.0	69.0	215.0	94.0	198.0	159.0	162.0	140.0	178.0	174.0	213.0	172.0	236.0	162.0	254.0	180.0	184.0	201.0	156.0	200.0	197.0	204.0	168.0	226.0	174.0	268.0	177.0	256.0	248.0	265.0	206.0	285.0	220.0	299.0	220.0	366.0	187.0	0
77.0	201.0	75.0	216.0	97.0	198.0	158.0	165.0	140.0	179.0	173.0	213.0	170.0	235.0	162.0	252.0	177.0	185.0	201.0	159.0	196.0	197.0	204.0	170.0	225.0	176.0	266.0	178.0	255.0	247.0	264.0	206.0	285.0	220.0	298.0	219.0	363.0	186.0	0
77.0	202.0	73.0	216.0	97.0	198.0	159.0	165.0	142.0	178.0	172.0	213.0	170.0	235.0	161.0	252.0	180.0	186.0	198.0	159.0	193.0	196.0	201.0	171.0	222.0	176.0	265.0	178.0	257.0	247.0	263.0	205.0	286.0	218.0	299.0	218.0	361.0	185.0	0
77.0	201.0	72.0	216.0	98.0	198.0	159.0	163.0	139.0	180.0	175.0	214.0	173.0	236.0	164.0	253.0	179.0	185.0	202.0	157.0	199.0	197.0	205.0	169.0	226.0	175.0	266.0	177.0	258.0	250.0	264.0	207.0	287.0	221.0	300.0	221.0	364.0	183.0	0
74.0	200.0	71.0	216.0	96.0	198.0	157.0	164.0	141.0	178.0	174.0	214.0	170.0	235.0	162.0	252.0	179.0	186.0	199.0	158.0	196.0	197.0	203.0	170.0	223.0	175.0	267.0	179.0	256.0	249.0	264.0	207.0	286.0	220.0	298.0	219.0	363.0	184.0	0
70.0	201.0	66.0	218.0	91.0	198.0	152.0	161.0	133.0	178.0	173.0	215.0	171.0	238.0	161.0	257.0	178.0	185.0	199.0	155.0	196.0	197.0	202.0	167.0	227.0	174.0	275.0	178.0	258.0	252.0	266.0	206.0	291.0	221.0	306.0	220.0	378.0	186.0	0
76.0	201.0	73.0	215.0	99.0	198.0	155.0	166.0	140.0	180.0	172.0	212.0	171.0	235.0	164.0	252.0	182.0	186.0	199.0	159.0	198.0	197.0	203.0	171.0	223.0	176.0	266.0	178.0	256.0	247.0	262.0	206.0	283.0	219.0	295.0	218.0	358.0	185.0	0
76.0	201.0	72.0	215.0	98.0	198.0	158.0	165.0	140.0	180.0	175.0	212.0	170.0	235.0	161.0	252.0	182.0	186.0	203.0	158.0	199.0	197.0	207.0	171.0	226.0	175.0	267.0	179.0	255.0	249.0	263.0	206.0	284.0	221.0	297.0	220.0	365.0	186.0	0
75.0	201.0	73.0	216.0	97.0	197.0	158.0	164.0	142.0	178.0	175.0	212.0	171.0	236.0	162.0	253.0	180.0	185.0	200.0	158.0	196.0	195.0	203.0	169.0	224.0	175.0	265.0	177.0	256.0	249.0	264.0	205.0	286.0	219.0	299.0	219.0	366.0	186.0	0
74.0	200.0	70.0	216.0	97.0	198.0	155.0	163.0	140.0	179.0	175.0	213.0	171.0	236.0	162.0	253.0	181.0	185.0	201.0	158.0	198.0	197.0	204.0	169.0	227.0	174.0	268.0	176.0	258.0	248.0	267.0	207.0	287.0	220.0	301.0	220.0	368.0	184.0	0
74.0	202.0	71.0	216.0	100.0	198.0	157.0	165.0	141.0	180.0	174.0	213.0	171.0	235.0	165.0	251.0	180.0	186.0	197.0	159.0	194.0	195.0	201.0	170.0	222.0	175.0	265.0	178.0	254.0	246.0	261.0	206.0	281.0	218.0	296.0	218.0	362.0	186.0	0
76.0	201.0	73.0	217.0	97.0	199.0	157.0	162.0	137.0	179.0	174.0	213.0	171.0	236.0	163.0	253.0	180.0	185.0	201.0	157.0	196.0	197.0	205.0	169.0	226.0	174.0	266.0	177.0	258.0	250.0	266.0	208.0	286.0	222.0	301.0	222.0	366.0	182.0	0
72.0	200.0	70.0	214.0	98.0	197.0	157.0	164.0	141.0	179.0	173.0	212.0	170.0	235.0	162.0	253.0	179.0	186.0	200.0	158.0	195.0	196.0	203.0	171.0	224.0	177.0	268.0	179.0	258.0	248.0	265.0	206.0	285.0	220.0	301.0	221.0	368.0	184.0	0
78.0	199.0	73.0	214.0	99.0	197.0	158.0	163.0	142.0	179.0	174.0	213.0	170.0	235.0	161.0	252.0	179.0	185.0	200.0	157.0	198.0	197.0	206.0	170.0	225.0	175.0	266.0	178.0	255.0	249.0	264.0	207.0	284.0	220.0	299.0	220.0	362.0	184.0	0
79.0	200.0	76.0	215.0	100.0	198.0	155.0	165.0	140.0	180.0	174.0	211.0	170.0	233.0	161.0	249.0	181.0	186.0	196.0	159.0	193.0	195.0	202.0	170.0	223.0	175.0	267.0	177.0	256.0	247.0	262.0	204.0	287.0	219.0	301.0	219.0	362.0	184.0	0
76.0	200.0	71.0	215.0	99.0	198.0	159.0	163.0	142.0	177.0	174.0	212.0	171.0	235.0	162.0	252.0	181.0	186.0	200.0	158.0	197.0	196.0	204.0	170.0	227.0	175.0	268.0	177.0	257.0	248.0	266.0	207.0	286.0	220.0	299.0	220.0	361.0	183.0	0
78.0	200.0	74.0	214.0	100.0	197.0	160.0	164.0	144.0	178.0	174.0	213.0	171.0	236.0	163.0	253.0	179.0	185.0	202.0	159.0	200.0	198.0	206.0	170.0	225.0	176.0	266.0	179.0	255.0	249.0	259.0	205.0	283.0	220.0	295.0	220.0	362.0	185.0	0
72.0	200.0	70.0	215.0	97.0	197.0	156.0	162.0	141.0	177.0	172.0	212.0	169.0	236.0	158.0	253.0	183.0	185.0	202.0	157.0	198.0	197.0	206.0	169.0	227.0	174.0	269.0	176.0	256.0	251.0	267.0	207.0	289.0	220.0	304.0	221.0	372.0	184.0	0
80.0	199.0	75.0	215.0	100.0	197.0	160.0	164.0	143.0	179.0	175.0	213.0	172.0	236.0	164.0	253.0	178.0	185.0	202.0	157.0	199.0	197.0	205.0	169.0	226.0	175.0	267.0	178.0	254.0	249.0	258.0	206.0	283.0	222.0	297.0	221.0	362.0	185.0	0
75.0	201.0	71.0	216.0	95.0	198.0	157.0	163.0	142.0	177.0	173.0	212.0	170.0	236.0	161.0	254.0	181.0	185.0	199.0	157.0	198.0	197.0	203.0	171.0	224.0	176.0	265.0	178.0	255.0	250.0	261.0	206.0	285.0	221.0	299.0	220.0	366.0	184.0	0
70.0	201.0	67.0	217.0	95.0	197.0	154.0	164.0	140.0	178.0	175.0	211.0	173.0	234.0	163.0	252.0	185.0	186.0	201.0	159.0	197.0	195.0	205.0	171.0	229.0	176.0	270.0	179.0	259.0	248.0	262.0	205.0	286.0	220.0	301.0	220.0	365.0	186.0	0
76.0	200.0	72.0	215.0	96.0	197.0	157.0	164.0	141.0	179.0	172.0	213.0	169.0	236.0	163.0	253.0	181.0	186.0	200.0	157.0	195.0	195.0	204.0	170.0	225.0	176.0	263.0	178.0	258.0	247.0	265.0	207.0	284.0	219.0	298.0	219.0	366.0	183.0	0
78.0	201.0	73.0	215.0	98.0	198.0	161.0	163.0	145.0	178.0	174.0	213.0	171.0	237.0	163.0	254.0	179.0	184.0	201.0	157.0	198.0	196.0	205.0	170.0	225.0	176.0	263.0	177.0	253.0	250.0	262.0	206.0	284.0	221.0	298.0	221.0	364.0	185.0	0
75.0	201.0	70.0	215.0	97.0	198.0	157.0	163.0	137.0	180.0	173.0	213.0	169.0	235.0	160.0	251.0	179.0	186.0	201.0	157.0	194.0	197.0	205.0	170.0	223.0	175.0	266.0	178.0	253.0	248.0	264.0	209.0	280.0	220.0	294.0	220.0	366.0	187.0	0
77.0	199.0	73.0	214.0	101.0	197.0	158.0	165.0	142.0	180.0	175.0	212.0	172.0	234.0	163.0	252.0	180.0	187.0	201.0	159.0	196.0	197.0	206.0	171.0	225.0	176.0	264.0	179.0	253.0	249.0	266.0	209.0	281.0	219.0	296.0	219.0	361.0	185.0	0
77.0	199.0	71.0	214.0	100.0	196.0	160.0	163.0	142.0	177.0	176.0	214.0	172.0	236.0	163.0	253.0	183.0	187.0	199.0	157.0	198.0	197.0	204.0	170.0	226.0	176.0	263.0	179.0	253.0	250.0	266.0	208.0	284.0	220.0	297.0	220.0	361.0	183.0	0
71.0	200.0	67.0	216.0	94.0	198.0	157.0	163.0	140.0	178.0	173.0	214.0	167.0	237.0	160.0	254.0	179.0	185.0	202.0	157.0	196.0	196.0	205.0	169.0	227.0	175.0	268.0	178.0	259.0	251.0	262.0	207.0	286.0	221.0	300.0	221.0	368.0	184.0	0
78.0	201.0	74.0	214.0	98.0	198.0	159.0	165.0	142.0	179.0	176.0	212.0	174.0	236.0	165.0	252.0	181.0	186.0	201.0	159.0	198.0	196.0	206.0	171.0	225.0	176.0	263.0	179.0	256.0	249.0	263.0	205.0	286.0	220.0	298.0	219.0	360.0	184.0	0
75.0	201.0	71.0	215.0	96.0	198.0	158.0	164.0	142.0	178.0	175.0	212.0	172.0	234.0	163.0	252.0	182.0	185.0	201.0	159.0	196.0	196.0	205.0	171.0	227.0	176.0	266.0	177.0	255.0	248.0	261.0	205.0	285.0	220.0	300.0	220.0	366.0	184.0	0
76.0	200.0	72.0	216.0	97.0	197.0	157.0	162.0	140.0	177.0	174.0	212.0	171.0	235.0	162.0	253.0	179.0	184.0	200.0	157.0	197.0	194.0	204.0	168.0	227.0	174.0	271.0	177.0	259.0	249.0	267.0	206.0	289.0	220.0	301.0	220.0	370.0	185.0	0
76.0	200.0	72.0	214.0	100.0	198.0	163.0	164.0	146.0	178.0	174.0	212.0	170.0	234.0	162.0	250.0	182.0	186.0	204.0	159.0	197.0	196.0	207.0	170.0	229.0	176.0	269.0	180.0	255.0	247.0	264.0	209.0	283.0	220.0	297.0	221.0	359.0	186.0	0
75.0	200.0	70.0	214.0	97.0	198.0	159.0	164.0	143.0	178.0	174.0	212.0	170.0	235.0	161.0	252.0	178.0	185.0	200.0	158.0	193.0	195.0	205.0	170.0	227.0	176.0	267.0	177.0	257.0	250.0	262.0	206.0	285.0	220.0	298.0	220.0	370.0	185.0	0
78.0	201.0	75.0	216.0	102.0	198.0	160.0	164.0	143.0	178.0	175.0	213.0	173.0	235.0	164.0	251.0	180.0	186.0	199.0	157.0	198.0	197.0	203.0	170.0	223.0	176.0	264.0	179.0	252.0	247.0	260.0	205.0	283.0	220.0	295.0	220.0	358.0	187.0	0
78.0	201.0	76.0	217.0	101.0	198.0	159.0	164.0	141.0	179.0	174.0	212.0	173.0	235.0	162.0	251.0	181.0	185.0	201.0	159.0	197.0	196.0	204.0	171.0	222.0	175.0	266.0	179.0	254.0	247.0	263.0	206.0	283.0	220.0	297.0	220.0	361.0	186.0	0
79.0	200.0	76.0	214.0	102.0	198.0	158.0	164.0	143.0	178.0	174.0	212.0	171.0	235.0	162.0	251.0	183.0	187.0	200.0	157.0	198.0	198.0	206.0	171.0	225.0	176.0	266.0	179.0	250.0	247.0	261.0	206.0	282.0	220.0	295.0	219.0	362.0	186.0	0
70.0	199.0	64.0	215.0	93.0	198.0	158.0	163.0	141.0	177.0	176.0	213.0	172.0	238.0	162.0	256.0	180.0	184.0	199.0	157.0	199.0	196.0	203.0	169.0	225.0	174.0	269.0	176.0	257.0	250.0	264.0	206.0	286.0	220.0	301.0	220.0	368.0	184.0	0
74.0	200.0	69.0	215.0	98.0	197.0	158.0	163.0	141.0	179.0	174.0	213.0	171.0	236.0	160.0	253.0	180.0	186.0	202.0	157.0	197.0	197.0	205.0	169.0	226.0	176.0	268.0	178.0	253.0	250.0	263.0	207.0	284.0	221.0	300.0	221.0	363.0	184.0	0
76.0	200.0	73.0	215.0	99.0	198.0	158.0	165.0	142.0	180.0	173.0	212.0	170.0	235.0	163.0	252.0	180.0	186.0	201.0	158.0	196.0	195.0	205.0	171.0	226.0	176.0	267.0	178.0	255.0	248.0	262.0	206.0	285.0	221.0	299.0	221.0	361.0	183.0	0
77.0	201.0	72.0	216.0	99.0	198.0	156.0	164.0	139.0	179.0	174.0	211.0	171.0	235.0	162.0	252.0	177.0	185.0	199.0	158.0	198.0	196.0	203.0	170.0	226.0	175.0	270.0	177.0	255.0	248.0	264.0	206.0	286.0	220.0	300.0	220.0	364.0	185.0	0
76.0	201.0	73.0	216.0	97.0	198.0	156.0	163.0	140.0	178.0	172.0	213.0	169.0	234.0	161.0	251.0	177.0	185.0	201.0	156.0	196.0	197.0	206.0	170.0	231.0	177.0	275.0	180.0	255.0	247.0	264.0	207.0	283.0	221.0	298.0	221.0	363.0	185.0	0
72.0	201.0	69.0	215.0	95.0	198.0	155.0	163.0	139.0	178.0	173.0	213.0	170.0	234.0	160.0	253.0	179.0	185.0	196.0	158.0	193.0	195.0	203.0	169.0	225.0	175.0	268.0	177.0	257.0	249.0	266.0	206.0	286.0	219.0	299.0	219.0	363.0	184.0	0
78.0	199.0	73.0	213.0	99.0	197.0	161.0	164.0	141.0	180.0	174.0	212.0	172.0	235.0	164.0	252.0	182.0	186.0	202.0	158.0	197.0	195.0	206.0	170.0	226.0	176.0	263.0	179.0	253.0	247.0	261.0	207.0	280.0	219.0	293.0	219.0	358.0	186.0	0
77.0	201.0	72.0	215.0	99.0	199.0	158.0	164.0	143.0	179.0	172.0	213.0	170.0	235.0	161.0	251.0	178.0	185.0	199.0	157.0	195.0	197.0	205.0	170.0	225.0	175.0	266.0	178.0	255.0	249.0	263.0	206.0	283.0	220.0	297.0	219.0	365.0	187.0	0
78.0	201.0	76.0	217.0	99.0	198.0	158.0	163.0	142.0	178.0	173.0	212.0	172.0	237.0	163.0	254.0	180.0	184.0	199.0	156.0	198.0	197.0	204.0	169.0	225.0	175.0	268.0	177.0	254.0	248.0	263.0	205.0	285.0	220.0	299.0	220.0	361.0	185.0	0
70.0	200.0	64.0	215.0	94.0	197.0	158.0	161.0	140.0	177.0	171.0	214.0	168.0	237.0	159.0	255.0	180.0	184.0	202.0	155.0	195.0	195.0	207.0	169.0	227.0	174.0	268.0	177.0	259.0	251.0	266.0	207.0	291.0	222.0	303.0	222.0	373.0	186.0	0
81.0	201.0	78.0	215.0	102.0	199.0	161.0	163.0	143.0	179.0	174.0	213.0	171.0	234.0	161.0	249.0	180.0	186.0	201.0	159.0	196.0	197.0	205.0	172.0	226.0	177.0	265.0	180.0	254.0	246.0	261.0	207.0	281.0	220.0	294.0	220.0	357.0	187.0	0
72.0	202.0	67.0	215.0	97.0	199.0	155.0	163.0	140.0	178.0	173.0	213.0	172.0	236.0	162.0	253.0	179.0	184.0	197.0	157.0	192.0	194.0	201.0	169.0	225.0	175.0	269.0	178.0	256.0	249.0	268.0	207.0	286.0	220.0	300.0	220.0	366.0	185.0	0
77.0	200.0	73.0	214.0	100.0	197.0	161.0	164.0	144.0	179.0	174.0	212.0	170.0	234.0	162.0	250.0	184.0	186.0	201.0	158.0	196.0	195.0	205.0	171.0	228.0	177.0	266.0	179.0	253.0	247.0	263.0	206.0	283.0	219.0	298.0	219.0	363.0	188.0	0
77.0	201.0	74.0	215.0	97.0	198.0	161.0	163.0	141.0	178.0	175.0	213.0	172.0	236.0	163.0	253.0	177.0	185.0	202.0	157.0	197.0	196.0	206.0	169.0	225.0	174.0	264.0	177.0	256.0	249.0	262.0	207.0	284.0	220.0	297.0	220.0	366.0	186.0	0
78.0	201.0	75.0	216.0	101.0	198.0	157.0	165.0	142.0	179.0	172.0	211.0	170.0	235.0	162.0	252.0	179.0	185.0	200.0	158.0	196.0	197.0	205.0	171.0	226.0	176.0	269.0	181.0	253.0	247.0	259.0	205.0	279.0	220.0	294.0	219.0	361.0	188.0	0
75.0	200.0	71.0	215.0	97.0	198.0	160.0	162.0	142.0	177.0	173.0	214.0	170.0	238.0	162.0	255.0	180.0	185.0	202.0	157.0	199.0	198.0	207.0	169.0	226.0	175.0	268.0	178.0	254.0	250.0	264.0	207.0	285.0	221.0	299.0	221.0	369.0	185.0	0
78.0	201.0	74.0	215.0	100.0	199.0	158.0	164.0	142.0	179.0	173.0	213.0	170.0	235.0	161.0	253.0	178.0	185.0	199.0	157.0	197.0	197.0	202.0	170.0	224.0	175.0	266.0	177.0	255.0	249.0	265.0	206.0	287.0	220.0	299.0	219.0	365.0	186.0	0
77.0	201.0	72.0	216.0	99.0	199.0	158.0	164.0	140.0	178.0	174.0	213.0	169.0	235.0	161.0	251.0	179.0	185.0	200.0	157.0	197.0	197.0	204.0	169.0	228.0	175.0	268.0	178.0	253.0	249.0	262.0	208.0	281.0	220.0	295.0	220.0	361.0	186.0	0
79.0	200.0	77.0	216.0	98.0	197.0	158.0	164.0	140.0	179.0	175.0	213.0	172.0	235.0	165.0	252.0	180.0	185.0	199.0	159.0	198.0	196.0	204.0	170.0	225.0	176.0	265.0	178.0	257.0	247.0	265.0	208.0	285.0	220.0	298.0	219.0	358.0	182.0	0
75.0	200.0	71.0	216.0	97.0	197.0	156.0	163.0	141.0	178.0	174.0	213.0	170.0	235.0	162.0	253.0	179.0	185.0	200.0	156.0	198.0	196.0	204.0	168.0	226.0	174.0	269.0	176.0	255.0	249.0	266.0	207.0	285.0	220.0	299.0	221.0	366.0	186.0	0
72.0	201.0	68.0	216.0	94.0	198.0	156.0	162.0	140.0	178.0	172.0	214.0	168.0	236.0	158.0	253.0	182.0	186.0	198.0	156.0	194.0	194.0	203.0	168.0	226.0	174.0	271.0	177.0	255.0	250.0	264.0	207.0	288.0	222.0	303.0	222.0	373.0	185.0	0
80.0	200.0	75.0	215.0	98.0	198.0	156.0	165.0	141.0	179.0	176.0	211.0	172.0	234.0	164.0	251.0	178.0	185.0	200.0	158.0	199.0	197.0	204.0	170.0	226.0	176.0	269.0	178.0	259.0	247.0	264.0	206.0	284.0	219.0	300.0	219.0	364.0	184.0	0
78.0	201.0	74.0	216.0	101.0	199.0	157.0	165.0	142.0	180.0	173.0	213.0	171.0	235.0	164.0	251.0	179.0	186.0	201.0	159.0	195.0	197.0	206.0	171.0	222.0	175.0	268.0	178.0	253.0	247.0	263.0	207.0	282.0	221.0	295.0	221.0	360.0	186.0	0
67.0	201.0	62.0	215.0	90.0	199.0	155.0	163.0	137.0	179.0	172.0	214.0	171.0	238.0	164.0	255.0	177.0	185.0	198.0	156.0	197.0	197.0	203.0	169.0	225.0	174.0	268.0	176.0	259.0	252.0	269.0	207.0	291.0	221.0	304.0	220.0	372.0	181.0	0
81.0	200.0	76.0	216.0	101.0	197.0	162.0	163.0	143.0	178.0	175.0	212.0	172.0	234.0	163.0	251.0	183.0	185.0	202.0	156.0	197.0	196.0	207.0	169.0	228.0	175.0	262.0	177.0	253.0	249.0	261.0	206.0	282.0	220.0	295.0	220.0	360.0	187.0	0
71.0	202.0	67.0	217.0	95.0	199.0	154.0	162.0	139.0	177.0	174.0	213.0	170.0	236.0	161.0	254.0	183.0	184.0	198.0	156.0	198.0	196.0	204.0	169.0	225.0	175.0	267.0	178.0	258.0	250.0	264.0	205.0	290.0	221.0	303.0	220.0	374.0	186.0	0
75.0	201.0	71.0	217.0	95.0	198.0	158.0	162.0	138.0	177.0	175.0	212.0	172.0	235.0	163.0	254.0	180.0	186.0	200.0	157.0	198.0	196.0	205.0	169.0	226.0	174.0	270.0	178.0	259.0	248.0	261.0	204.0	286.0	220.0	300.0	219.0	364.0	185.0	0
70.0	201.0	65.0	215.0	90.0	199.0	155.0	162.0	136.0	179.0	170.0	213.0	168.0	238.0	159.0	256.0	177.0	185.0	200.0	155.0	196.0	196.0	204.0	168.0	223.0	173.0	267.0	176.0	258.0	251.0	265.0	208.0	288.0	221.0	300.0	220.0	371.0	184.0	0
79.0	202.0	75.0	217.0	101.0	199.0	155.0	165.0	139.0	180.0	175.0	212.0	173.0	235.0	165.0	251.0	178.0	184.0	201.0	159.0	199.0	197.0	204.0	170.0	225.0	175.0	266.0	177.0	259.0	247.0	265.0	207.0	286.0	219.0	299.0	219.0	365.0	185.0	0
73.0	201.0	68.0	215.0	96.0	198.0	155.0	163.0	139.0	179.0	173.0	214.0	170.0	237.0	162.0	255.0	177.0	185.0	200.0	157.0	197.0	197.0	203.0	169.0	223.0	174.0	272.0	177.0	260.0	249.0	266.0	207.0	288.0	220.0	302.0	220.0	373.0	183.0	0
80.0	200.0	76.0	214.0	100.0	197.0	159.0	164.0	140.0	178.0	175.0	213.0	173.0	235.0	163.0	252.0	181.0	185.0	200.0	158.0	196.0	196.0	204.0	170.0	226.0	176.0	266.0	177.0	254.0	249.0	262.0	206.0	284.0	220.0	297.0	220.0	362.0	185.0	0
76.0	199.0	72.0	215.0	98.0	197.0	159.0	163.0	140.0	179.0	172.0	213.0	169.0	235.0	160.0	253.0	179.0	186.0	201.0	157.0	198.0	198.0	206.0	169.0	224.0	174.0	268.0	177.0	255.0	249.0	264.0	207.0	283.0	220.0	298.0	220.0	368.0	186.0	0
78.0	203.0	76.0	216.0	98.0	199.0	156.0	166.0	142.0	180.0	174.0	211.0	172.0	234.0	165.0	250.0	181.0	186.0	200.0	159.0	196.0	196.0	204.0	171.0	223.0	177.0	260.0	178.0	255.0	246.0	263.0	207.0	283.0	219.0	296.0	219.0	360.0	186.0	0
71.0	200.0	67.0	215.0	96.0	198.0	154.0	164.0	138.0	178.0	173.0	213.0	170.0	235.0	159.0	254.0	177.0	185.0	199.0	157.0	198.0	196.0	203.0	169.0	227.0	175.0	271.0	178.0	257.0	250.0	269.0	208.0	286.0	219.0	301.0	219.0	371.0	185.0	0
74.0	201.0	70.0	215.0	96.0	198.0	157.0	163.0	141.0	178.0	173.0	213.0	171.0	236.0	163.0	252.0	178.0	184.0	199.0	157.0	196.0	195.0	204.0	169.0	228.0	175.0	270.0	178.0	257.0	249.0	264.0	205.0	284.0	218.0	300.0	219.0	365.0	184.0	0
78.0	200.0	74.0	216.0	97.0	197.0	157.0	163.0	142.0	177.0	175.0	213.0	173.0	237.0	161.0	254.0	181.0	185.0	201.0	158.0	198.0	196.0	204.0	170.0	226.0	175.0	272.0	179.0	255.0	249.0	266.0	207.0	286.0	220.0	299.0	219.0	357.0	184.0	0
77.0	200.0	71.0	214.0	97.0	198.0	159.0	165.0	140.0	180.0	176.0	213.0	173.0	236.0	166.0	253.0	177.0	186.0	203.0	159.0	197.0	197.0	207.0	171.0	225.0	176.0	262.0	179.0	256.0	247.0	263.0	206.0	281.0	218.0	296.0	219.0	362.0	187.0	0
78.0	200.0	73.0	213.0	98.0	197.0	160.0	164.0	143.0	178.0	177.0	213.0	172.0	235.0	165.0	250.0	185.0	186.0	202.0	159.0	198.0	196.0	207.0	170.0	227.0	176.0	264.0	179.0	258.0	247.0	263.0	205.0	285.0	218.0	299.0	218.0	359.0	185.0	0
75.0	201.0	73.0	214.0	97.0	198.0	157.0	164.0	142.0	179.0	173.0	212.0	172.0	236.0	163.0	251.0	179.0	185.0	201.0	158.0	196.0	196.0	205.0	170.0	228.0	176.0	269.0	177.0	254.0	251.0	267.0	208.0	285.0	221.0	298.0	220.0	361.0	183.0	0
80.0	201.0	75.0	214.0	99.0	198.0	160.0	165.0	142.0	180.0	176.0	213.0	172.0	235.0	164.0	251.0	179.0	185.0	202.0	158.0	198.0	197.0	206.0	171.0	227.0	177.0	265.0	179.0	253.0	249.0	263.0	205.0	283.0	218.0	298.0	219.0	363.0	186.0	0
67.0	201.0	63.0	215.0	94.0	198.0	154.0	163.0	137.0	178.0	173.0	214.0	170.0	237.0	160.0	254.0	178.0	185.0	196.0	156.0	198.0	197.0	201.0	169.0	223.0	174.0	271.0	175.0	263.0	253.0	268.0	206.0	294.0	223.0	308.0	222.0	372.0	180.0	0
75.0	200.0	71.0	215.0	99.0	197.0	156.0	164.0	139.0	179.0	173.0	212.0	172.0	236.0	163.0	253.0	179.0	186.0	200.0	158.0	196.0	196.0	204.0	170.0	223.0	174.0	268.0	177.0	254.0	250.0	265.0	208.0	284.0	220.0	298.0	220.0	367.0	184.0	0
78.0	200.0	73.0	214.0	97.0	198.0	158.0	165.0	142.0	179.0	174.0	213.0	173.0	236.0	165.0	253.0	178.0	186.0	199.0	159.0	195.0	197.0	205.0	171.0	226.0	176.0	268.0	179.0	258.0	248.0	263.0	206.0	286.0	219.0	299.0	218.0	366.0	183.0	0
73.0	201.0	70.0	218.0	96.0	198.0	157.0	164.0	143.0	177.0	175.0	213.0	171.0	236.0	164.0	253.0	179.0	185.0	201.0	158.0	198.0	196.0	204.0	170.0	224.0	175.0	267.0	177.0	258.0	248.0	263.0	206.0	285.0	221.0	300.0	220.0	364.0	186.0	0
68.0	200.0	63.0	215.0	92.0	198.0	156.0	162.0	139.0	177.0	172.0	214.0	170.0	237.0	163.0	255.0	178.0	185.0	200.0	156.0	195.0	196.0	204.0	168.0	228.0	174.0	270.0	177.0	260.0	250.0	271.0	208.0	290.0	220.0	307.0	221.0	377.0	185.0	0
77.0	201.0	71.0	216.0	95.0	198.0	161.0	162.0	143.0	178.0	175.0	212.0	172.0	234.0	162.0	251.0	182.0	184.0	202.0	155.0	198.0	195.0	206.0	168.0	231.0	175.0	270.0	178.0	254.0	248.0	264.0	206.0	284.0	219.0	298.0	219.0	363.0	187.0	0
78.0	200.0	72.0	215.0	99.0	197.0	158.0	164.0	141.0	178.0	172.0	214.0	169.0	235.0	160.0	251.0	180.0	186.0	202.0	157.0	195.0	196.0	206.0	169.0	226.0	175.0	271.0	178.0	255.0	248.0	267.0	209.0	283.0	219.0	299.0	219.0	368.0	187.0	0
58.0	198.0	54.0	213.0	83.0	196.0	152.0	160.0	133.0	177.0	171.0	215.0	167.0	240.0	155.0	257.0	181.0	185.0	202.0	153.0	197.0	197.0	207.0	167.0	233.0	174.0	276.0	177.0	262.0	255.0	272.0	209.0	293.0	222.0	309.0	222.0	381.0	179.0	0
78.0	201.0	76.0	215.0	100.0	198.0	158.0	163.0	141.0	179.0	173.0	212.0	170.0	235.0	162.0	251.0	180.0	185.0	201.0	157.0	194.0	196.0	205.0	169.0	227.0	175.0	269.0	179.0	254.0	248.0	263.0	206.0	284.0	221.0	298.0	221.0	364.0	186.0	0
74.0	202.0	71.0	218.0	96.0	198.0	156.0	163.0	138.0	179.0	174.0	214.0	171.0	237.0	163.0	253.0	179.0	185.0	198.0	157.0	197.0	196.0	202.0	169.0	224.0	175.0	269.0	177.0	260.0	249.0	269.0	206.0	290.0	219.0	306.0	219.0	370.0	183.0	0
73.0	201.0	69.0	215.0	96.0	198.0	157.0	164.0	142.0	178.0	174.0	211.0	171.0	235.0	163.0	252.0	183.0	186.0	201.0	158.0	198.0	197.0	206.0	171.0	229.0	176.0	267.0	179.0	256.0	247.0	264.0	206.0	282.0	219.0	298.0	218.0	366.0	186.0	0
73.0	201.0	69.0	217.0	93.0	198.0	156.0	163.0	139.0	179.0	173.0	213.0	172.0	235.0	163.0	253.0	179.0	184.0	200.0	156.0	197.0	195.0	204.0	169.0	227.0	175.0	268.0	177.0	257.0	249.0	263.0	205.0	287.0	220.0	300.0	220.0	369.0	186.0	0
80.0	201.0	75.0	215.0	99.0	198.0	159.0	164.0	141.0	180.0	174.0	213.0	171.0	235.0	164.0	252.0	183.0	186.0	201.0	158.0	196.0	195.0	204.0	170.0	226.0	174.0	267.0	177.0	255.0	247.0	265.0	208.0	282.0	220.0	294.0	219.0	365.0	187.0	0
79.0	201.0	74.0	216.0	101.0	198.0	158.0	165.0	142.0	179.0	175.0	213.0	173.0	236.0	165.0	254.0	178.0	184.0	199.0	158.0	198.0	196.0	201.0	168.0	221.0	174.0	267.0	176.0	260.0	249.0	263.0	205.0	287.0	220.0	301.0	219.0	365.0	184.0	0
81.0	201.0	76.0	214.0	106.0	197.0	163.0	163.0	147.0	179.0	175.0	212.0	169.0	234.0	162.0	250.0	182.0	186.0	201.0	157.0	197.0	196.0	207.0	170.0	227.0	175.0	266.0	179.0	250.0	248.0	263.0	207.0	278.0	219.0	293.0	220.0	363.0	189.0	0
77.0	201.0	72.0	216.0	97.0	198.0	156.0	164.0	137.0	179.0	174.0	213.0	173.0	236.0	164.0	253.0	179.0	186.0	200.0	158.0	196.0	196.0	203.0	169.0	225.0	175.0	268.0	177.0	255.0	249.0	266.0	207.0	285.0	220.0	300.0	219.0	367.0	185.0	0
78.0	200.0	75.0	215.0	99.0	198.0	157.0	164.0	142.0	179.0	176.0	213.0	172.0	235.0	164.0	253.0	182.0	186.0	199.0	158.0	197.0	196.0	205.0	171.0	226.0	177.0	263.0	179.0	255.0	249.0	262.0	206.0	280.0	219.0	295.0	219.0	362.0	186.0	0
73.0	200.0	69.0	215.0	98.0	197.0	156.0	164.0	140.0	178.0	172.0	213.0	171.0	236.0	162.0	254.0	181.0	185.0	200.0	158.0	196.0	196.0	205.0	170.0	227.0	175.0	266.0	178.0	256.0	248.0	263.0	205.0	285.0	219.0	298.0	219.0	367.0	185.0	0
78.0	200.0	74.0	215.0	102.0	197.0	157.0	165.0	142.0	180.0	175.0	212.0	174.0	234.0	163.0	251.0	181.0	187.0	198.0	158.0	197.0	197.0	203.0	170.0	226.0	176.0	269.0	180.0	254.0	248.0	264.0	206.0	282.0	218.0	298.0	218.0	363.0	184.0	0
76.0	200.0	71.0	215.0	102.0	197.0	157.0	163.0	142.0	178.0	173.0	214.0	169.0	236.0	162.0	253.0	181.0	186.0	198.0	158.0	198.0	197.0	203.0	171.0	224.0	176.0	267.0	178.0	257.0	249.0	262.0	206.0	284.0	220.0	297.0	220.0	363.0	182.0	0
78.0	201.0	74.0	217.0	97.0	198.0	157.0	164.0	140.0	179.0	174.0	212.0	172.0	235.0	165.0	253.0	178.0	185.0	199.0	157.0	196.0	196.0	201.0	168.0	223.0	174.0	267.0	177.0	257.0	250.0	265.0	207.0	285.0	219.0	298.0	219.0	362.0	185.0	0
76.0	201.0	72.0	218.0	97.0	198.0	158.0	163.0	140.0	178.0	174.0	213.0	172.0	237.0	165.0	255.0	178.0	185.0	199.0	157.0	196.0	196.0	203.0	170.0	224.0	175.0	269.0	177.0	256.0	250.0	265.0	207.0	287.0	221.0	299.0	220.0	361.0	184.0	0
71.0	202.0	68.0	216.0	92.0	198.0	154.0	163.0	137.0	179.0	173.0	213.0	171.0	236.0	164.0	254.0	179.0	185.0	197.0	157.0	194.0	195.0	201.0	168.0	223.0	173.0	269.0	176.0	258.0	251.0	265.0	206.0	289.0	221.0	303.0	220.0	368.0	183.0	0
74.0	202.0	70.0	216.0	95.0	199.0	156.0	163.0	140.0	179.0	175.0	214.0	174.0	237.0	165.0	255.0	181.0	186.0	199.0	156.0	196.0	195.0	204.0	169.0	226.0	175.0	265.0	177.0	258.0	249.0	265.0	206.0	287.0	219.0	302.0	219.0	367.0	185.0	0
74.0	200.0	70.0	215.0	96.0	197.0	157.0	165.0	140.0	179.0	176.0	213.0	171.0	235.0	162.0	252.0	180.0	186.0	202.0	158.0	199.0	198.0	207.0	171.0	227.0	177.0	270.0	179.0	258.0	248.0	263.0	206.0	285.0	220.0	301.0	219.0	364.0	185.0	0
82.0	200.0	80.0	215.0	101.0	198.0	160.0	163.0	143.0	180.0	173.0	212.0	171.0	235.0	160.0	249.0	180.0	186.0	199.0	157.0	197.0	197.0	204.0	170.0	223.0	175.0	269.0	178.0	252.0	248.0	262.0	207.0	282.0	220.0	296.0	220.0	364.0	188.0	0
80.0	200.0	76.0	215.0	101.0	198.0	161.0	165.0	145.0	179.0	176.0	213.0	173.0	235.0	164.0	251.0	181.0	185.0	201.0	159.0	199.0	197.0	205.0	172.0	226.0	177.0	264.0	178.0	254.0	248.0	261.0	206.0	282.0	220.0	296.0	220.0	358.0	184.0	0
73.0	200.0	70.0	215.0	97.0	197.0	159.0	162.0	143.0	177.0	174.0	213.0	171.0	236.0	161.0	252.0	182.0	186.0	201.0	156.0	195.0	196.0	205.0	169.0	226.0	174.0	269.0	178.0	253.0	248.0	263.0	206.0	285.0	220.0	298.0	220.0	369.0	188.0	0
75.0	202.0	70.0	216.0	97.0	199.0	156.0	164.0	140.0	179.0	175.0	213.0	172.0	235.0	164.0	251.0	176.0	184.0	200.0	157.0	198.0	198.0	205.0	169.0	226.0	174.0	269.0	177.0	257.0	248.0	265.0	205.0	286.0	219.0	299.0	219.0	365.0	185.0	0
71.0	201.0	68.0	216.0	98.0	198.0	158.0	163.0	140.0	179.0	175.0	213.0	171.0	236.0	162.0	252.0	179.0	185.0	199.0	157.0	198.0	197.0	205.0	170.0	224.0	174.0	265.0	177.0	255.0	251.0	262.0	205.0	286.0	221.0	299.0	221.0	363.0	187.0	0
69.0	200.0	64.0	217.0	90.0	199.0	154.0	161.0	134.0	179.0	172.0	214.0	170.0	240.0	159.0	256.0	173.0	184.0	198.0	154.0	195.0	196.0	204.0	168.0	224.0	172.0	271.0	176.0	260.0	253.0	267.0	206.0	293.0	222.0	309.0	223.0	375.0	182.0	0
71.0	201.0	69.0	215.0	95.0	198.0	157.0	162.0	138.0	178.0	175.0	212.0	173.0	237.0	165.0	255.0	181.0	185.0	203.0	155.0	199.0	197.0	208.0	169.0	227.0	174.0	271.0	178.0	257.0	249.0	267.0	207.0	287.0	221.0	301.0	221.0	372.0	186.0	0
73.0	200.0	69.0	215.0	94.0	198.0	158.0	163.0	138.0	179.0	175.0	214.0	172.0	237.0	162.0	254.0	179.0	186.0	200.0	157.0	196.0	198.0	203.0	170.0	227.0	175.0	272.0	178.0	260.0	252.0	267.0	207.0	289.0	221.0	303.0	220.0	370.0	180.0	0
80.0	201.0	74.0	215.0	104.0	198.0	159.0	165.0	143.0	181.0	176.0	212.0	175.0	235.0	166.0	251.0	179.0	186.0	200.0	159.0	199.0	198.0	203.0	172.0	225.0	176.0	264.0	179.0	254.0	248.0	265.0	207.0	283.0	219.0	297.0	219.0	361.0	185.0	0
78.0	201.0	74.0	214.0	100.0	199.0	156.0	165.0	143.0	179.0	175.0	212.0	173.0	235.0	164.0	250.0	179.0	187.0	200.0	160.0	196.0	197.0	204.0	172.0	223.0	177.0	265.0	180.0	255.0	247.0	260.0	206.0	281.0	219.0	294.0	219.0	360.0	185.0	0
78.0	201.0	76.0	215.0	103.0	198.0	160.0	166.0	143.0	180.0	174.0	212.0	171.0	232.0	161.0	247.0	181.0	187.0	200.0	160.0	195.0	197.0	205.0	172.0	225.0	177.0	263.0	179.0	255.0	248.0	262.0	206.0	284.0	219.0	297.0	219.0	361.0	184.0	0
67.0	201.0	63.0	217.0	93.0	198.0	154.0	161.0	136.0	178.0	172.0	214.0	169.0	237.0	160.0	254.0	176.0	184.0	200.0	154.0	194.0	196.0	206.0	168.0	227.0	173.0	272.0	176.0	259.0	253.0	268.0	206.0	292.0	222.0	305.0	221.0	376.0	186.0	0
71.0	199.0	67.0	213.0	94.0	197.0	156.0	163.0	139.0	178.0	173.0	214.0	170.0	238.0	161.0	254.0	180.0	186.0	201.0	156.0	198.0	198.0	206.0	170.0	228.0	175.0	269.0	178.0	256.0	252.0	266.0	207.0	288.0	222.0	302.0	222.0	374.0	182.0	0
70.0	199.0	65.0	216.0	88.0	196.0	159.0	158.0	137.0	175.0	172.0	214.0	169.0	240.0	156.0	258.0	180.0	183.0	203.0	153.0	197.0	196.0	207.0	167.0	229.0	173.0	273.0	177.0	256.0	254.0	269.0	208.0	292.0	224.0	306.0	224.0	373.0	182.0	0
71.0	200.0	66.0	215.0	93.0	199.0	157.0	162.0	139.0	179.0	172.0	214.0	169.0	238.0	160.0	254.0	179.0	185.0	200.0	156.0	195.0	196.0	204.0	169.0	226.0	174.0	270.0	177.0	258.0	251.0	266.0	207.0	286.0	221.0	303.0	221.0	374.0	184.0	0
71.0	201.0	65.0	216.0	94.0	198.0	156.0	161.0	138.0	179.0	172.0	214.0	170.0	238.0	160.0	254.0	182.0	186.0	200.0	155.0	197.0	196.0	206.0	168.0	227.0	173.0	272.0	177.0	257.0	252.0	267.0	207.0	289.0	222.0	304.0	222.0	373.0	186.0	0
74.0	200.0	70.0	215.0	97.0	198.0	159.0	164.0	140.0	179.0	175.0	214.0	171.0	236.0	163.0	252.0	180.0	186.0	203.0	157.0	197.0	197.0	207.0	170.0	229.0	175.0	271.0	179.0	259.0	249.0	265.0	205.0	288.0	219.0	303.0	220.0	370.0	185.0	0
62.0	203.0	59.0	219.0	85.0	199.0	150.0	160.0	132.0	177.0	169.0	214.0	168.0	240.0	158.0	258.0	173.0	184.0	196.0	152.0	189.0	194.0	201.0	166.0	222.0	171.0	269.0	174.0	256.0	254.0	267.0	206.0	290.0	221.0	305.0	222.0	367.0	188.0	0
73.0	201.0	70.0	217.0	94.0	198.0	157.0	162.0	135.0	179.0	174.0	213.0	174.0	237.0	163.0	256.0	177.0	185.0	199.0	155.0	201.0	197.0	204.0	168.0	225.0	173.0	269.0	176.0	257.0	249.0	270.0	206.0	292.0	221.0	305.0	220.0	370.0	183.0	0
62.0	201.0	59.0	219.0	86.0	198.0	153.0	159.0	132.0	176.0	170.0	215.0	168.0	239.0	159.0	258.0	178.0	183.0	197.0	152.0	195.0	195.0	204.0	166.0	228.0	172.0	274.0	175.0	262.0	252.0	271.0	207.0	294.0	223.0	309.0	223.0	381.0	185.0	0
80.0	201.0	76.0	215.0	104.0	197.0	158.0	164.0	140.0	179.0	175.0	212.0	172.0	235.0	162.0	250.0	182.0	186.0	200.0	158.0	196.0	196.0	206.0	171.0	228.0	176.0	268.0	179.0	257.0	248.0	264.0	205.0	286.0	220.0	298.0	219.0	363.0	186.0	0
71.0	200.0	66.0	215.0	96.0	197.0	157.0	161.0	139.0	178.0	175.0	213.0	172.0	237.0	163.0	255.0	179.0	185.0	198.0	156.0	196.0	197.0	203.0	170.0	225.0	176.0	269.0	178.0	256.0	250.0	265.0	206.0	285.0	220.0	300.0	220.0	371.0	183.0	0
78.0	200.0	73.0	215.0	99.0	198.0	159.0	163.0	142.0	179.0	174.0	213.0	170.0	236.0	161.0	251.0	176.0	185.0	200.0	157.0	196.0	198.0	205.0	170.0	225.0	175.0	264.0	178.0	253.0	250.0	265.0	208.0	284.0	221.0	297.0	221.0	358.0	183.0	0
76.0	200.0	72.0	216.0	98.0	198.0	160.0	164.0	142.0	179.0	176.0	214.0	172.0	236.0	163.0	252.0	180.0	186.0	200.0	158.0	198.0	198.0	205.0	171.0	226.0	176.0	268.0	178.0	256.0	250.0	266.0	208.0	285.0	220.0	299.0	220.0	363.0	185.0	0
66.0	199.0	62.0	215.0	93.0	196.0	158.0	160.0	140.0	176.0	172.0	213.0	169.0	237.0	158.0	254.0	182.0	184.0	202.0	155.0	201.0	198.0	207.0	167.0	232.0	174.0	271.0	177.0	258.0	252.0	270.0	209.0	289.0	222.0	303.0	222.0	370.0	184.0	0
70.0	200.0	66.0	215.0	96.0	198.0	161.0	164.0	143.0	179.0	175.0	213.0	171.0	236.0	161.0	252.0	180.0	186.0	202.0	158.0	196.0	197.0	206.0	171.0	226.0	176.0	267.0	178.0	258.0	250.0	263.0	205.0	285.0	220.0	299.0	220.0	366.0	187.0	0
76.0	201.0	72.0	215.0	100.0	198.0	157.0	164.0	139.0	180.0	174.0	214.0	172.0	236.0	163.0	252.0	177.0	186.0	200.0	157.0	197.0	197.0	205.0	170.0	225.0	175.0	265.0	178.0	257.0	250.0	262.0	205.0	285.0	220.0	297.0	220.0	366.0	185.0	0
79.0	199.0	75.0	214.0	99.0	197.0	158.0	164.0	143.0	179.0	174.0	212.0	171.0	235.0	164.0	251.0	181.0	186.0	201.0	158.0	195.0	197.0	206.0	171.0	225.0	175.0	265.0	178.0	253.0	248.0	261.0	207.0	280.0	220.0	295.0	220.0	360.0	186.0	0
75.0	200.0	71.0	217.0	96.0	198.0	159.0	163.0	139.0	179.0	174.0	214.0	170.0	237.0	160.0	253.0	180.0	185.0	201.0	157.0	198.0	197.0	205.0	169.0	226.0	174.0	269.0	177.0	259.0	252.0	268.0	207.0	289.0	222.0	305.0	222.0	369.0	181.0	0
70.0	200.0	67.0	215.0	94.0	197.0	157.0	162.0	139.0	177.0	173.0	213.0	170.0	236.0	161.0	254.0	180.0	185.0	199.0	156.0	195.0	196.0	205.0	169.0	225.0	173.0	273.0	176.0	259.0	252.0	268.0	207.0	290.0	221.0	306.0	222.0	375.0	182.0	0
80.0	199.0	75.0	214.0	100.0	197.0	160.0	164.0	142.0	178.0	173.0	213.0	170.0	235.0	161.0	252.0	179.0	186.0	199.0	158.0	194.0	196.0	205.0	171.0	224.0	175.0	267.0	178.0	252.0	249.0	263.0	207.0	282.0	220.0	297.0	220.0	361.0	185.0	0
80.0	199.0	76.0	214.0	99.0	197.0	160.0	164.0	145.0	178.0	176.0	213.0	172.0	236.0	162.0	252.0	183.0	186.0	204.0	159.0	199.0	197.0	208.0	171.0	229.0	176.0	268.0	179.0	254.0	249.0	262.0	206.0	283.0	219.0	297.0	219.0	364.0	187.0	0
83.0	201.0	78.0	214.0	104.0	198.0	161.0	164.0	146.0	179.0	178.0	212.0	174.0	234.0	164.0	250.0	181.0	186.0	199.0	158.0	197.0	196.0	203.0	171.0	226.0	176.0	262.0	178.0	252.0	247.0	260.0	204.0	281.0	218.0	294.0	218.0	357.0	187.0	0
71.0	200.0	68.0	215.0	94.0	198.0	157.0	163.0	139.0	179.0	175.0	214.0	172.0	237.0	162.0	255.0	177.0	185.0	201.0	156.0	196.0	197.0	204.0	169.0	225.0	174.0	268.0	176.0	259.0	250.0	264.0	206.0	288.0	221.0	302.0	220.0	369.0	182.0	0
74.0	201.0	70.0	215.0	96.0	198.0	159.0	162.0	141.0	178.0	176.0	212.0	172.0	236.0	163.0	253.0	181.0	185.0	201.0	156.0	200.0	197.0	206.0	169.0	227.0	175.0	265.0	177.0	256.0	249.0	265.0	208.0	284.0	220.0	298.0	220.0	364.0	184.0	0
69.0	199.0	64.0	216.0	93.0	197.0	158.0	161.0	141.0	177.0	175.0	213.0	173.0	238.0	161.0	255.0	180.0	184.0	204.0	155.0	200.0	197.0	208.0	168.0	228.0	174.0	271.0	177.0	257.0	252.0	267.0	206.0	292.0	222.0	306.0	222.0	371.0	184.0	0
75.0	200.0	71.0	216.0	96.0	197.0	157.0	163.0	138.0	179.0	174.0	214.0	171.0	236.0	161.0	253.0	179.0	186.0	200.0	157.0	197.0	196.0	205.0	170.0	226.0	175.0	269.0	177.0	257.0	251.0	267.0	207.0	287.0	220.0	301.0	219.0	369.0	182.0	0
77.0	201.0	72.0	218.0	97.0	198.0	156.0	163.0	138.0	179.0	173.0	214.0	171.0	236.0	161.0	253.0	179.0	186.0	197.0	158.0	196.0	197.0	202.0	170.0	223.0	175.0	269.0	178.0	260.0	249.0	266.0	207.0	286.0	220.0	300.0	220.0	365.0	184.0	0
76.0	201.0	71.0	215.0	100.0	199.0	159.0	164.0	142.0	180.0	175.0	213.0	174.0	237.0	164.0	253.0	179.0	186.0	200.0	157.0	199.0	198.0	205.0	171.0	226.0	176.0	263.0	178.0	256.0	251.0	265.0	208.0	285.0	221.0	299.0	221.0	363.0	183.0	0
73.0	199.0	66.0	214.0	100.0	197.0	162.0	160.0	143.0	177.0	169.0	214.0	163.0	235.0	153.0	255.0	178.0	182.0	200.0	155.0	195.0	194.0	207.0	169.0	232.0	175.0	281.0	182.0	251.0	254.0	267.0	206.0	284.0	219.0	300.0	220.0	370.0	190.0	0
79.0	200.0	74.0	215.0	100.0	197.0	158.0	164.0	140.0	180.0	175.0	213.0	173.0	236.0	163.0	252.0	179.0	186.0	201.0	157.0	198.0	197.0	206.0	170.0	225.0	175.0	265.0	177.0	252.0	248.0	263.0	207.0	283.0	220.0	296.0	220.0	364.0	184.0	0
71.0	200.0	68.0	215.0	98.0	198.0	158.0	165.0	143.0	179.0	171.0	212.0	169.0	235.0	160.0	250.0	182.0	187.0	203.0	158.0	197.0	198.0	206.0	172.0	225.0	177.0	270.0	180.0	256.0	249.0	265.0	208.0	285.0	220.0	299.0	220.0	364.0	186.0	0
71.0	201.0	67.0	216.0	94.0	199.0	157.0	162.0	138.0	180.0	172.0	214.0	170.0	238.0	160.0	253.0	177.0	186.0	201.0	156.0	195.0	196.0	206.0	169.0	226.0	174.0	267.0	177.0	255.0	251.0	267.0	207.0	286.0	221.0	301.0	221.0	369.0	185.0	0
75.0	199.0	69.0	214.0	99.0	197.0	159.0	162.0	141.0	178.0	174.0	213.0	170.0	236.0	160.0	253.0	181.0	185.0	201.0	155.0	200.0	197.0	205.0	169.0	225.0	174.0	265.0	177.0	254.0	250.0	263.0	206.0	284.0	220.0	299.0	220.0	365.0	184.0	0
72.0	201.0	68.0	214.0	97.0	198.0	159.0	164.0	140.0	180.0	173.0	212.0	170.0	235.0	163.0	251.0	182.0	186.0	201.0	157.0	196.0	197.0	205.0	170.0	225.0	175.0	268.0	178.0	259.0	247.0	265.0	207.0	285.0	220.0	299.0	219.0	366.0	185.0	0
71.0	199.0	66.0	214.0	92.0	197.0	158.0	164.0	141.0	178.0	170.0	212.0	168.0	237.0	157.0	253.0	182.0	187.0	202.0	158.0	196.0	197.0	207.0	170.0	228.0	176.0	268.0	178.0	258.0	250.0	266.0	208.0	286.0	221.0	300.0	220.0	363.0	183.0	0
73.0	199.0	69.0	214.0	99.0	198.0	160.0	163.0	144.0	178.0	176.0	215.0	171.0	236.0	159.0	252.0	179.0	185.0	200.0	157.0	198.0	198.0	206.0	170.0	227.0	175.0	269.0	178.0	255.0	252.0	265.0	209.0	285.0	221.0	297.0	220.0	363.0	185.0	0
70.0	199.0	66.0	215.0	93.0	197.0	155.0	161.0	138.0	178.0	175.0	214.0	170.0	237.0	158.0	254.0	178.0	183.0	202.0	155.0	200.0	197.0	205.0	169.0	225.0	173.0	270.0	177.0	259.0	252.0	268.0	208.0	289.0	221.0	303.0	221.0	370.0	182.0	0
69.0	201.0	66.0	217.0	92.0	198.0	154.0	161.0	137.0	178.0	171.0	214.0	166.0	236.0	158.0	253.0	179.0	186.0	198.0	155.0	195.0	197.0	204.0	168.0	223.0	173.0	268.0	175.0	261.0	252.0	268.0	208.0	290.0	222.0	305.0	223.0	377.0	183.0	0
70.0	201.0	67.0	217.0	94.0	199.0	157.0	162.0	141.0	177.0	173.0	213.0	169.0	237.0	159.0	255.0	178.0	185.0	201.0	156.0	196.0	196.0	206.0	169.0	226.0	175.0	271.0	178.0	257.0	252.0	264.0	206.0	287.0	221.0	301.0	221.0	371.0	185.0	0
65.0	200.0	63.0	216.0	87.0	197.0	155.0	161.0	137.0	177.0	171.0	212.0	169.0	236.0	160.0	255.0	178.0	184.0	200.0	155.0	196.0	195.0	204.0	168.0	227.0	173.0	273.0	178.0	260.0	250.0	268.0	206.0	288.0	221.0	303.0	222.0	378.0	186.0	0
89.0	201.0	86.0	213.0	108.0	198.0	161.0	168.0	146.0	181.0	177.0	211.0	174.0	231.0	167.0	246.0	181.0	187.0	201.0	163.0	196.0	197.0	204.0	174.0	222.0	179.0	258.0	181.0	250.0	242.0	254.0	205.0	271.0	217.0	284.0	217.0	343.0	189.0	0
83.0	201.0	78.0	215.0	104.0	198.0	160.0	165.0	145.0	180.0	179.0	213.0	175.0	235.0	165.0	250.0	180.0	186.0	202.0	161.0	198.0	198.0	205.0	171.0	224.0	177.0	263.0	179.0	256.0	248.0	259.0	205.0	280.0	219.0	294.0	218.0	357.0	185.0	0
73.0	200.0	69.0	215.0	97.0	197.0	156.0	164.0	140.0	179.0	173.0	212.0	169.0	235.0	161.0	253.0	179.0	185.0	200.0	157.0	199.0	197.0	205.0	170.0	226.0	175.0	269.0	178.0	259.0	249.0	266.0	206.0	287.0	220.0	301.0	221.0	364.0	182.0	0
71.0	200.0	65.0	215.0	92.0	198.0	155.0	160.0	138.0	177.0	172.0	213.0	168.0	238.0	157.0	254.0	178.0	184.0	203.0	154.0	197.0	197.0	207.0	167.0	232.0	175.0	277.0	178.0	258.0	254.0	268.0	209.0	287.0	222.0	304.0	223.0	376.0	184.0	0
74.0	201.0	70.0	215.0	96.0	198.0	156.0	163.0	141.0	179.0	175.0	214.0	171.0	236.0	161.0	253.0	185.0	186.0	200.0	156.0	197.0	196.0	204.0	170.0	228.0	176.0	265.0	177.0	255.0	249.0	265.0	207.0	285.0	220.0	299.0	220.0	365.0	184.0	0
72.0	200.0	69.0	215.0	99.0	197.0	157.0	163.0	141.0	178.0	174.0	214.0	172.0	237.0	163.0	252.0	181.0	186.0	201.0	158.0	192.0	195.0	205.0	171.0	227.0	176.0	268.0	178.0	254.0	249.0	261.0	205.0	283.0	220.0	300.0	220.0	365.0	183.0	0
74.0	201.0	69.0	216.0	96.0	198.0	160.0	162.0	140.0	178.0	175.0	212.0	173.0	237.0	163.0	254.0	181.0	185.0	200.0	156.0	195.0	195.0	205.0	168.0	226.0	173.0	268.0	177.0	257.0	250.0	267.0	206.0	287.0	220.0	301.0	220.0	369.0	184.0	0
68.0	201.0	62.0	215.0	95.0	198.0	157.0	162.0	141.0	177.0	174.0	214.0	171.0	236.0	160.0	253.0	183.0	185.0	201.0	155.0	198.0	196.0	206.0	168.0	228.0	174.0	269.0	176.0	255.0	251.0	267.0	207.0	286.0	220.0	300.0	220.0	372.0	186.0	0
71.0	200.0	67.0	216.0	94.0	198.0	159.0	161.0	140.0	177.0	176.0	214.0	172.0	238.0	163.0	254.0	180.0	184.0	199.0	156.0	200.0	197.0	204.0	168.0	227.0	174.0	269.0	177.0	258.0	251.0	265.0	206.0	288.0	220.0	301.0	221.0	365.0	184.0	0
77.0	201.0	73.0	217.0	98.0	199.0	161.0	163.0	141.0	179.0	175.0	214.0	172.0	237.0	164.0	254.0	178.0	185.0	198.0	157.0	197.0	197.0	204.0	169.0	223.0	174.0	265.0	176.0	257.0	251.0	265.0	207.0	287.0	221.0	300.0	221.0	365.0	184.0	0
79.0	200.0	75.0	215.0	100.0	197.0	158.0	163.0	140.0	178.0	174.0	213.0	170.0	236.0	162.0	251.0	182.0	186.0	199.0	158.0	194.0	195.0	204.0	170.0	225.0	175.0	267.0	179.0	255.0	250.0	264.0	205.0	285.0	220.0	299.0	219.0	363.0	183.0	0
71.0	201.0	69.0	216.0	91.0	198.0	156.0	163.0	140.0	178.0	175.0	213.0	172.0	236.0	163.0	252.0	177.0	185.0	199.0	157.0	195.0	197.0	203.0	169.0	227.0	175.0	275.0	179.0	259.0	249.0	267.0	206.0	287.0	219.0	303.0	220.0	369.0	185.0	0
79.0	201.0	76.0	215.0	101.0	198.0	161.0	164.0	144.0	179.0	175.0	213.0	172.0	235.0	164.0	251.0	180.0	186.0	199.0	158.0	196.0	196.0	203.0	171.0	224.0	176.0	263.0	178.0	252.0	248.0	261.0	207.0	281.0	220.0	293.0	219.0	360.0	184.0	0
78.0	202.0	74.0	215.0	102.0	199.0	158.0	165.0	141.0	180.0	174.0	213.0	172.0	235.0	163.0	251.0	179.0	186.0	200.0	158.0	197.0	197.0	206.0	171.0	225.0	176.0	262.0	178.0	255.0	249.0	264.0	206.0	284.0	220.0	299.0	220.0	363.0	184.0	0
75.0	200.0	70.0	215.0	94.0	198.0	159.0	163.0	140.0	178.0	174.0	213.0	170.0	237.0	161.0	254.0	180.0	185.0	200.0	157.0	197.0	197.0	204.0	170.0	226.0	175.0	271.0	178.0	254.0	253.0	265.0	207.0	288.0	221.0	305.0	222.0	370.0	184.0	0
74.0	200.0	70.0	216.0	96.0	198.0	159.0	163.0	142.0	178.0	175.0	213.0	171.0	236.0	161.0	253.0	180.0	185.0	200.0	156.0	196.0	196.0	205.0	169.0	225.0	174.0	265.0	178.0	252.0	248.0	264.0	206.0	283.0	220.0	297.0	220.0	362.0	188.0	0
74.0	201.0	72.0	216.0	97.0	198.0	157.0	163.0	140.0	178.0	173.0	213.0	170.0	236.0	160.0	252.0	181.0	186.0	202.0	158.0	197.0	197.0	205.0	170.0	228.0	176.0	273.0	178.0	257.0	250.0	267.0	207.0	287.0	221.0	303.0	221.0	369.0	185.0	0
72.0	201.0	66.0	215.0	93.0	198.0	156.0	163.0	139.0	178.0	172.0	214.0	170.0	238.0	161.0	255.0	178.0	186.0	200.0	156.0	195.0	197.0	205.0	169.0	227.0	175.0	269.0	178.0	260.0	251.0	267.0	208.0	290.0	221.0	305.0	221.0	368.0	182.0	0
70.0	199.0	66.0	214.0	93.0	197.0	158.0	164.0	140.0	179.0	174.0	213.0	173.0	236.0	163.0	252.0	178.0	186.0	200.0	158.0	194.0	197.0	205.0	171.0	225.0	177.0	267.0	178.0	256.0	249.0	264.0	205.0	285.0	220.0	301.0	221.0	365.0	183.0	0
69.0	199.0	63.0	215.0	92.0	197.0	157.0	162.0	136.0	178.0	172.0	214.0	171.0	239.0	160.0	256.0	177.0	185.0	201.0	155.0	193.0	195.0	204.0	168.0	227.0	174.0	274.0	178.0	261.0	254.0	266.0	207.0	289.0	222.0	304.0	222.0	372.0	183.0	0
68.0	201.0	65.0	217.0	90.0	199.0	155.0	162.0	137.0	179.0	175.0	214.0	172.0	238.0	163.0	256.0	178.0	184.0	199.0	155.0	198.0	197.0	203.0	168.0	226.0	173.0	273.0	177.0	262.0	252.0	268.0	206.0	291.0	220.0	306.0	220.0	373.0	182.0	0
74.0	200.0	69.0	215.0	99.0	197.0	158.0	164.0	141.0	179.0	173.0	212.0	171.0	234.0	163.0	250.0	181.0	186.0	201.0	158.0	195.0	196.0	207.0	171.0	229.0	175.0	271.0	178.0	256.0	248.0	265.0	205.0	285.0	219.0	298.0	219.0	365.0	186.0	0
74.0	200.0	69.0	216.0	97.0	198.0	157.0	163.0	139.0	179.0	174.0	214.0	171.0	237.0	162.0	254.0	180.0	186.0	200.0	157.0	194.0	195.0	204.0	170.0	226.0	175.0	269.0	178.0	257.0	252.0	267.0	207.0	287.0	220.0	302.0	220.0	367.0	182.0	0
69.0	201.0	64.0	215.0	92.0	199.0	155.0	163.0	141.0	178.0	173.0	213.0	172.0	237.0	163.0	254.0	175.0	184.0	198.0	156.0	196.0	196.0	203.0	169.0	225.0	174.0	267.0	176.0	256.0	250.0	265.0	207.0	286.0	220.0	299.0	220.0	363.0	182.0	0
73.0	199.0	69.0	214.0	93.0	197.0	158.0	164.0	140.0	178.0	172.0	213.0	169.0	235.0	159.0	251.0	181.0	185.0	203.0	158.0	197.0	196.0	206.0	170.0	229.0	177.0	268.0	180.0	253.0	249.0	265.0	208.0	282.0	221.0	294.0	220.0	363.0	189.0	0
80.0	199.0	76.0	214.0	101.0	197.0	162.0	163.0	143.0	179.0	176.0	214.0	174.0	236.0	165.0	252.0	182.0	186.0	202.0	157.0	201.0	198.0	208.0	171.0	227.0	176.0	263.0	177.0	256.0	250.0	263.0	207.0	286.0	221.0	299.0	221.0	360.0	182.0	0
72.0	200.0	65.0	214.0	91.0	198.0	159.0	162.0	139.0	179.0	175.0	214.0	170.0	237.0	160.0	254.0	181.0	184.0	203.0	156.0	201.0	197.0	209.0	169.0	229.0	174.0	271.0	177.0	257.0	250.0	268.0	206.0	288.0	220.0	303.0	220.0	374.0	185.0	0
75.0	200.0	70.0	216.0	96.0	198.0	159.0	162.0	140.0	178.0	173.0	214.0	170.0	236.0	161.0	251.0	176.0	185.0	200.0	156.0	197.0	197.0	204.0	169.0	227.0	176.0	264.0	178.0	256.0	249.0	263.0	207.0	284.0	221.0	299.0	221.0	364.0	184.0	0
76.0	200.0	72.0	215.0	99.0	197.0	158.0	163.0	140.0	179.0	174.0	214.0	171.0	235.0	161.0	252.0	179.0	186.0	202.0	156.0	196.0	197.0	206.0	169.0	228.0	174.0	269.0	177.0	256.0	251.0	264.0	207.0	285.0	221.0	300.0	221.0	368.0	185.0	0
70.0	200.0	67.0	215.0	97.0	197.0	158.0	163.0	138.0	179.0	173.0	213.0	170.0	236.0	161.0	254.0	177.0	186.0	200.0	157.0	196.0	197.0	205.0	170.0	224.0	175.0	270.0	178.0	259.0	249.0	264.0	206.0	286.0	220.0	300.0	220.0	371.0	185.0	0
80.0	199.0	75.0	214.0	103.0	197.0	162.0	162.0	145.0	178.0	175.0	213.0	172.0	235.0	162.0	252.0	182.0	185.0	204.0	156.0	200.0	197.0	209.0	170.0	229.0	176.0	262.0	179.0	251.0	248.0	262.0	207.0	280.0	221.0	294.0	222.0	360.0	184.0	0
80.0	199.0	77.0	214.0	101.0	197.0	159.0	164.0	144.0	179.0	174.0	213.0	171.0	235.0	162.0	251.0	183.0	186.0	203.0	160.0	197.0	197.0	207.0	172.0	227.0	176.0	266.0	179.0	255.0	249.0	260.0	205.0	281.0	219.0	296.0	219.0	357.0	185.0	0
74.0	201.0	69.0	216.0	98.0	199.0	158.0	163.0	140.0	179.0	175.0	213.0	172.0	237.0	161.0	253.0	181.0	185.0	203.0	157.0	197.0	197.0	206.0	170.0	227.0	176.0	269.0	179.0	256.0	250.0	266.0	207.0	286.0	220.0	299.0	220.0	367.0	186.0	0
78.0	199.0	72.0	213.0	97.0	197.0	161.0	164.0	143.0	179.0	175.0	212.0	173.0	234.0	165.0	250.0	180.0	185.0	202.0	159.0	199.0	197.0	207.0	171.0	227.0	176.0	267.0	179.0	254.0	246.0	264.0	206.0	283.0	219.0	298.0	219.0	361.0	184.0	0
65.0	200.0	61.0	216.0	92.0	198.0	155.0	162.0	136.0	178.0	171.0	214.0	169.0	238.0	157.0	255.0	179.0	185.0	200.0	155.0	194.0	195.0	205.0	168.0	224.0	173.0	267.0	176.0	260.0	252.0	269.0	208.0	291.0	222.0	306.0	222.0	377.0	183.0	0
82.0	193.0	47.0	237.0	77.0	208.0	165.0	162.0	148.0	176.0	178.0	210.0	172.0	234.0	164.0	249.0	103.0	192.0	186.0	184.0	200.0	194.0	208.0	164.0	230.0	176.0	272.0	180.0	256.0	248.0	266.0	207.0	286.0	221.0	301.0	221.0	365.0	190.0	0
88.0	201.0	83.0	213.0	112.0	198.0	162.0	168.0	147.0	182.0	178.0	212.0	175.0	232.0	167.0	247.0	181.0	187.0	197.0	162.0	199.0	198.0	203.0	173.0	221.0	177.0	255.0	179.0	250.0	245.0	257.0	206.0	277.0	218.0	289.0	218.0	346.0	183.0	0
76.0	201.0	72.0	216.0	97.0	198.0	160.0	161.0	143.0	177.0	176.0	212.0	171.0	236.0	161.0	252.0	182.0	185.0	202.0	155.0	200.0	197.0	208.0	169.0	229.0	174.0	267.0	176.0	261.0	251.0	265.0	207.0	286.0	221.0	300.0	220.0	368.0	183.0	0
76.0	200.0	73.0	215.0	97.0	197.0	158.0	163.0	140.0	179.0	177.0	214.0	175.0	237.0	165.0	254.0	181.0	186.0	201.0	157.0	196.0	196.0	205.0	170.0	226.0	175.0	267.0	178.0	259.0	250.0	265.0	206.0	286.0	219.0	299.0	219.0	366.0	184.0	0
77.0	202.0	72.0	218.0	100.0	199.0	161.0	161.0	138.0	180.0	173.0	214.0	171.0	238.0	162.0	254.0	181.0	187.0	203.0	156.0	195.0	195.0	208.0	170.0	228.0	175.0	270.0	178.0	259.0	251.0	267.0	208.0	289.0	221.0	303.0	221.0	368.0	183.0	0
72.0	201.0	69.0	216.0	95.0	198.0	155.0	163.0	140.0	178.0	173.0	214.0	170.0	237.0	161.0	253.0	177.0	185.0	201.0	155.0	195.0	196.0	204.0	169.0	226.0	174.0	269.0	177.0	259.0	252.0	268.0	207.0	289.0	221.0	304.0	220.0	374.0	184.0	0
71.0	199.0	66.0	215.0	96.0	197.0	158.0	163.0	142.0	177.0	174.0	213.0	171.0	236.0	160.0	254.0	182.0	185.0	200.0	157.0	198.0	197.0	204.0	170.0	226.0	175.0	270.0	178.0	255.0	251.0	269.0	208.0	287.0	220.0	303.0	221.0	372.0	183.0	0
70.0	200.0	67.0	216.0	93.0	198.0	155.0	163.0	138.0	179.0	175.0	214.0	175.0	238.0	164.0	255.0	177.0	185.0	201.0	157.0	198.0	197.0	204.0	169.0	227.0	175.0	267.0	178.0	260.0	250.0	265.0	206.0	290.0	221.0	303.0	220.0	368.0	182.0	0
72.0	201.0	68.0	215.0	95.0	198.0	157.0	163.0	142.0	178.0	175.0	213.0	171.0	236.0	162.0	252.0	178.0	184.0	201.0	157.0	198.0	197.0	205.0	169.0	225.0	174.0	270.0	176.0	255.0	249.0	268.0	208.0	287.0	221.0	301.0	221.0	368.0	185.0	0
73.0	199.0	68.0	214.0	96.0	198.0	158.0	163.0	141.0	179.0	175.0	214.0	172.0	237.0	162.0	253.0	183.0	187.0	198.0	158.0	197.0	197.0	205.0	171.0	226.0	175.0	269.0	179.0	258.0	250.0	265.0	206.0	287.0	219.0	300.0	219.0	369.0	183.0	0
78.0	199.0	74.0	213.0	100.0	197.0	160.0	165.0	143.0	179.0	176.0	212.0	173.0	236.0	164.0	251.0	181.0	186.0	198.0	159.0	199.0	197.0	202.0	172.0	224.0	177.0	265.0	178.0	256.0	248.0	262.0	206.0	284.0	219.0	297.0	218.0	355.0	181.0	0
89.0	200.0	85.0	214.0	110.0	197.0	165.0	166.0	148.0	180.0	177.0	211.0	174.0	231.0	164.0	246.0	181.0	184.0	200.0	161.0	196.0	195.0	207.0	173.0	224.0	177.0	258.0	180.0	250.0	244.0	259.0	206.0	277.0	219.0	289.0	219.0	343.0	186.0	0
81.0	199.0	76.0	214.0	104.0	197.0	162.0	165.0	146.0	179.0	176.0	212.0	174.0	233.0	165.0	250.0	180.0	186.0	201.0	160.0	197.0	198.0	205.0	172.0	224.0	177.0	262.0	178.0	252.0	247.0	261.0	207.0	279.0	218.0	291.0	218.0	354.0	185.0	0
68.0	201.0	65.0	218.0	89.0	199.0	154.0	162.0	135.0	178.0	172.0	215.0	169.0	239.0	160.0	256.0	170.0	184.0	198.0	155.0	196.0	197.0	201.0	168.0	223.0	173.0	273.0	177.0	258.0	252.0	264.0	205.0	288.0	220.0	304.0	220.0	374.0	183.0	0
74.0	200.0	70.0	216.0	97.0	198.0	159.0	164.0	143.0	178.0	173.0	213.0	170.0	236.0	161.0	253.0	181.0	186.0	200.0	158.0	196.0	196.0	204.0	170.0	225.0	175.0	270.0	178.0	258.0	251.0	265.0	207.0	286.0	221.0	299.0	220.0	363.0	183.0	0
60.0	200.0	56.0	217.0	84.0	198.0	154.0	158.0	135.0	176.0	169.0	215.0	167.0	241.0	158.0	259.0	179.0	184.0	199.0	152.0	198.0	197.0	204.0	166.0	228.0	172.0	271.0	175.0	262.0	254.0	270.0	208.0	293.0	222.0	307.0	222.0	381.0	181.0	0
78.0	201.0	74.0	214.0	98.0	198.0	157.0	164.0	139.0	180.0	175.0	213.0	172.0	235.0	162.0	251.0	181.0	187.0	201.0	158.0	196.0	197.0	206.0	171.0	225.0	176.0	272.0	179.0	259.0	249.0	266.0	206.0	287.0	219.0	302.0	219.0	363.0	182.0	0
66.0	202.0	61.0	217.0	88.0	199.0	154.0	161.0	138.0	177.0	173.0	214.0	171.0	238.0	160.0	256.0	177.0	184.0	200.0	154.0	197.0	196.0	205.0	168.0	229.0	175.0	272.0	178.0	259.0	253.0	271.0	207.0	292.0	222.0	307.0	222.0	374.0	184.0	0
70.0	200.0	66.0	216.0	93.0	198.0	158.0	161.0	139.0	178.0	176.0	214.0	171.0	238.0	161.0	256.0	181.0	185.0	200.0	155.0	198.0	197.0	206.0	168.0	228.0	174.0	268.0	176.0	257.0	251.0	268.0	207.0	288.0	221.0	305.0	222.0	371.0	183.0	0
65.0	200.0	60.0	215.0	87.0	198.0	154.0	160.0	134.0	177.0	169.0	214.0	167.0	238.0	158.0	255.0	180.0	184.0	201.0	154.0	194.0	194.0	206.0	167.0	227.0	172.0	277.0	176.0	261.0	252.0	272.0	208.0	292.0	222.0	308.0	223.0	378.0	184.0	0
76.0	202.0	72.0	217.0	99.0	199.0	158.0	163.0	141.0	179.0	177.0	213.0	174.0	236.0	165.0	253.0	181.0	185.0	198.0	157.0	201.0	197.0	202.0	170.0	223.0	175.0	265.0	178.0	257.0	249.0	264.0	206.0	284.0	220.0	297.0	219.0	362.0	186.0	0
66.0	201.0	62.0	216.0	89.0	198.0	155.0	162.0	139.0	177.0	171.0	214.0	169.0	237.0	161.0	254.0	176.0	185.0	198.0	156.0	195.0	196.0	201.0	169.0	224.0	174.0	269.0	176.0	260.0	251.0	268.0	207.0	292.0	221.0	306.0	221.0	379.0	185.0	0
76.0	201.0	70.0	214.0	100.0	198.0	156.0	163.0	140.0	179.0	174.0	213.0	171.0	237.0	162.0	252.0	179.0	187.0	198.0	158.0	196.0	198.0	202.0	171.0	226.0	176.0	265.0	178.0	255.0	250.0	262.0	206.0	282.0	220.0	295.0	220.0	363.0	182.0	0
81.0	202.0	78.0	217.0	100.0	199.0	158.0	163.0	142.0	179.0	174.0	213.0	172.0	235.0	164.0	251.0	180.0	185.0	199.0	157.0	195.0	196.0	203.0	169.0	223.0	175.0	268.0	178.0	256.0	248.0	262.0	205.0	284.0	219.0	299.0	219.0	361.0	186.0	0
77.0	200.0	73.0	216.0	96.0	197.0	157.0	162.0	140.0	178.0	172.0	213.0	171.0	239.0	162.0	255.0	182.0	186.0	200.0	156.0	198.0	197.0	204.0	169.0	227.0	175.0	269.0	177.0	256.0	253.0	265.0	207.0	286.0	222.0	301.0	222.0	368.0	183.0	0
71.0	200.0	68.0	216.0	96.0	198.0	159.0	162.0	143.0	178.0	174.0	214.0	170.0	236.0	158.0	253.0	181.0	185.0	198.0	156.0	197.0	196.0	203.0	170.0	229.0	176.0	271.0	179.0	257.0	252.0	267.0	206.0	289.0	221.0	303.0	220.0	370.0	183.0	0
81.0	202.0	77.0	216.0	103.0	199.0	160.0	165.0	143.0	181.0	175.0	212.0	174.0	236.0	165.0	251.0	178.0	185.0	199.0	158.0	195.0	196.0	203.0	170.0	223.0	175.0	266.0	179.0	254.0	248.0	260.0	204.0	283.0	219.0	297.0	219.0	359.0	186.0	0
75.0	200.0	72.0	217.0	96.0	197.0	160.0	161.0	140.0	178.0	173.0	214.0	170.0	239.0	159.0	255.0	183.0	186.0	200.0	155.0	195.0	195.0	204.0	168.0	228.0	175.0	269.0	178.0	256.0	252.0	263.0	206.0	287.0	221.0	301.0	220.0	367.0	185.0	0
75.0	199.0	70.0	215.0	98.0	197.0	160.0	163.0	142.0	179.0	173.0	214.0	172.0	237.0	162.0	253.0	181.0	186.0	199.0	157.0	195.0	195.0	205.0	170.0	226.0	175.0	269.0	178.0	255.0	250.0	266.0	207.0	285.0	220.0	300.0	220.0	369.0	183.0	0
74.0	200.0	72.0	216.0	100.0	196.0	159.0	164.0	141.0	179.0	176.0	215.0	172.0	237.0	164.0	252.0	182.0	187.0	201.0	158.0	195.0	198.0	207.0	170.0	229.0	175.0	271.0	178.0	256.0	248.0	264.0	206.0	286.0	219.0	300.0	219.0	368.0	184.0	0
80.0	201.0	77.0	216.0	100.0	199.0	160.0	163.0	142.0	179.0	176.0	214.0	175.0	237.0	165.0	254.0	179.0	186.0	200.0	158.0	196.0	196.0	205.0	171.0	224.0	176.0	262.0	178.0	257.0	250.0	262.0	206.0	285.0	220.0	296.0	220.0	362.0	185.0	0
76.0	201.0	71.0	215.0	99.0	198.0	160.0	165.0	143.0	180.0	174.0	212.0	172.0	235.0	163.0	251.0	181.0	186.0	202.0	159.0	196.0	196.0	205.0	171.0	227.0	177.0	266.0	179.0	256.0	249.0	263.0	204.0	285.0	218.0	299.0	219.0	364.0	187.0	0
79.0	201.0	75.0	215.0	101.0	198.0	159.0	165.0	141.0	181.0	176.0	213.0	173.0	234.0	165.0	251.0	180.0	186.0	199.0	159.0	197.0	196.0	202.0	171.0	224.0	176.0	267.0	178.0	255.0	249.0	264.0	205.0	285.0	219.0	299.0	219.0	361.0	184.0	0
69.0	199.0	65.0	216.0	94.0	197.0	159.0	160.0	140.0	176.0	172.0	214.0	168.0	237.0	158.0	256.0	182.0	185.0	202.0	154.0	197.0	195.0	206.0	167.0	229.0	174.0	268.0	177.0	257.0	253.0	267.0	209.0	288.0	222.0	302.0	222.0	370.0	183.0	0
70.0	199.0	68.0	215.0	94.0	197.0	155.0	162.0	137.0	178.0	173.0	213.0	171.0	237.0	161.0	253.0	178.0	185.0	200.0	156.0	198.0	197.0	205.0	169.0	232.0	176.0	274.0	178.0	259.0	251.0	269.0	206.0	289.0	220.0	304.0	220.0	375.0	183.0	0
74.0	201.0	69.0	217.0	94.0	198.0	158.0	161.0	139.0	178.0	173.0	213.0	172.0	238.0	163.0	255.0	179.0	185.0	202.0	155.0	196.0	196.0	207.0	169.0	226.0	173.0	270.0	178.0	261.0	251.0	265.0	205.0	288.0	221.0	302.0	220.0	372.0	185.0	0
76.0	201.0	74.0	217.0	96.0	198.0	158.0	164.0	140.0	179.0	176.0	214.0	171.0	236.0	164.0	252.0	180.0	185.0	199.0	158.0	198.0	197.0	203.0	171.0	225.0	176.0	269.0	179.0	257.0	249.0	267.0	208.0	286.0	221.0	300.0	220.0	361.0	182.0	0
76.0	201.0	70.0	216.0	100.0	199.0	158.0	165.0	140.0	180.0	175.0	214.0	173.0	237.0	164.0	253.0	176.0	185.0	201.0	158.0	196.0	197.0	204.0	170.0	223.0	175.0	265.0	177.0	257.0	249.0	265.0	207.0	287.0	220.0	300.0	220.0	364.0	185.0	0
82.0	201.0	78.0	214.0	103.0	198.0	161.0	165.0	145.0	180.0	176.0	213.0	173.0	234.0	164.0	249.0	182.0	186.0	200.0	161.0	198.0	197.0	204.0	172.0	224.0	177.0	267.0	180.0	252.0	247.0	261.0	206.0	281.0	219.0	294.0	218.0	355.0	185.0	0
73.0	200.0	68.0	214.0	96.0	197.0	159.0	163.0	144.0	178.0	173.0	213.0	169.0	236.0	159.0	252.0	182.0	185.0	202.0	158.0	197.0	196.0	205.0	169.0	225.0	175.0	267.0	178.0	256.0	248.0	263.0	206.0	285.0	220.0	298.0	220.0	368.0	188.0	0
95.0	180.0	25.0	221.0	110.0	179.0	138.0	149.0	130.0	192.0	200.0	243.0	172.0	226.0	195.0	231.0	131.0	225.0	224.0	183.0	200.0	202.0	220.0	214.0	227.0	160.0	236.0	144.0	243.0	236.0	261.0	220.0	302.0	198.0	332.0	179.0	329.0	195.0	0
73.0	201.0	70.0	216.0	94.0	199.0	158.0	163.0	142.0	179.0	176.0	212.0	171.0	235.0	161.0	252.0	179.0	184.0	201.0	158.0	199.0	196.0	205.0	170.0	226.0	175.0	268.0	178.0	257.0	249.0	267.0	206.0	289.0	220.0	303.0	220.0	366.0	184.0	0
69.0	200.0	64.0	214.0	93.0	198.0	153.0	162.0	136.0	179.0	172.0	214.0	168.0	238.0	160.0	254.0	176.0	184.0	201.0	155.0	197.0	197.0	204.0	167.0	227.0	174.0	275.0	177.0	259.0	251.0	268.0	205.0	291.0	220.0	304.0	219.0	370.0	183.0	0
73.0	200.0	69.0	214.0	96.0	198.0	160.0	164.0	143.0	179.0	175.0	213.0	172.0	236.0	163.0	252.0	184.0	187.0	203.0	159.0	198.0	197.0	207.0	171.0	229.0	176.0	271.0	179.0	255.0	248.0	265.0	207.0	284.0	220.0	300.0	219.0	364.0	184.0	0
67.0	200.0	62.0	215.0	90.0	199.0	156.0	161.0	136.0	179.0	173.0	214.0	169.0	239.0	160.0	256.0	177.0	184.0	201.0	155.0	197.0	197.0	206.0	168.0	227.0	173.0	270.0	176.0	258.0	253.0	268.0	207.0	289.0	221.0	303.0	220.0	373.0	185.0	0
76.0	201.0	71.0	216.0	97.0	198.0	158.0	162.0	142.0	177.0	175.0	214.0	172.0	238.0	162.0	253.0	181.0	185.0	199.0	156.0	197.0	197.0	207.0	169.0	225.0	174.0	264.0	177.0	254.0	251.0	264.0	207.0	284.0	222.0	298.0	222.0	362.0	184.0	0
74.0	200.0	71.0	216.0	95.0	198.0	156.0	163.0	139.0	179.0	172.0	213.0	170.0	236.0	161.0	252.0	181.0	187.0	201.0	157.0	196.0	197.0	206.0	171.0	228.0	175.0	271.0	177.0	259.0	250.0	267.0	207.0	286.0	220.0	302.0	221.0	369.0	184.0	0
78.0	201.0	73.0	214.0	100.0	198.0	157.0	165.0	143.0	179.0	175.0	213.0	172.0	235.0	162.0	251.0	182.0	187.0	199.0	159.0	196.0	197.0	205.0	171.0	226.0	177.0	266.0	179.0	254.0	247.0	264.0	206.0	282.0	219.0	295.0	219.0	360.0	185.0	0
74.0	199.0	71.0	215.0	96.0	197.0	161.0	163.0	143.0	178.0	173.0	212.0	168.0	235.0	159.0	252.0	183.0	186.0	200.0	158.0	197.0	197.0	206.0	171.0	227.0	176.0	270.0	178.0	255.0	249.0	266.0	207.0	285.0	220.0	300.0	221.0	368.0	184.0	0
81.0	202.0	78.0	216.0	100.0	199.0	161.0	165.0	145.0	180.0	177.0	212.0	173.0	232.0	164.0	247.0	181.0	185.0	200.0	159.0	199.0	197.0	205.0	172.0	224.0	177.0	263.0	178.0	254.0	246.0	264.0	207.0	283.0	219.0	295.0	218.0	357.0	186.0	0
76.0	198.0	71.0	214.0	98.0	197.0	161.0	164.0	143.0	179.0	174.0	212.0	170.0	235.0	160.0	251.0	179.0	185.0	200.0	158.0	198.0	197.0	206.0	171.0	226.0	176.0	268.0	179.0	255.0	249.0	266.0	207.0	285.0	220.0	300.0	221.0	369.0	185.0	0
77.0	200.0	72.0	213.0	99.0	198.0	159.0	165.0	140.0	180.0	175.0	213.0	172.0	235.0	164.0	252.0	179.0	186.0	201.0	158.0	194.0	196.0	204.0	172.0	226.0	176.0	269.0	179.0	258.0	251.0	269.0	209.0	289.0	220.0	302.0	220.0	371.0	181.0	0
78.0	202.0	74.0	216.0	99.0	199.0	158.0	164.0	141.0	179.0	173.0	212.0	172.0	235.0	161.0	251.0	182.0	186.0	198.0	158.0	194.0	194.0	203.0	170.0	225.0	176.0	262.0	179.0	255.0	248.0	261.0	206.0	285.0	221.0	299.0	220.0	360.0	184.0	0
77.0	201.0	73.0	215.0	98.0	198.0	159.0	164.0	140.0	180.0	177.0	214.0	173.0	236.0	165.0	251.0	182.0	187.0	201.0	158.0	196.0	196.0	205.0	170.0	226.0	176.0	264.0	178.0	256.0	246.0	262.0	206.0	282.0	219.0	296.0	219.0	362.0	186.0	0
77.0	200.0	73.0	217.0	99.0	199.0	162.0	162.0	143.0	178.0	176.0	213.0	172.0	237.0	162.0	253.0	179.0	185.0	202.0	156.0	198.0	196.0	206.0	169.0	222.0	174.0	267.0	178.0	255.0	249.0	265.0	208.0	285.0	221.0	300.0	221.0	367.0	187.0	0
83.0	200.0	80.0	212.0	104.0	198.0	160.0	167.0	142.0	181.0	176.0	212.0	174.0	233.0	165.0	248.0	181.0	187.0	199.0	162.0	197.0	198.0	203.0	174.0	224.0	179.0	259.0	181.0	250.0	245.0	256.0	205.0	274.0	218.0	287.0	218.0	348.0	187.0	0
73.0	200.0	70.0	216.0	96.0	198.0	158.0	163.0	139.0	178.0	175.0	214.0	171.0	236.0	162.0	253.0	178.0	185.0	199.0	157.0	199.0	197.0	204.0	170.0	227.0	175.0	267.0	177.0	260.0	250.0	267.0	207.0	288.0	219.0	302.0	219.0	370.0	185.0	0
66.0	200.0	62.0	216.0	90.0	198.0	156.0	160.0	139.0	176.0	172.0	215.0	170.0	240.0	160.0	258.0	179.0	183.0	201.0	154.0	197.0	196.0	206.0	167.0	232.0	173.0	273.0	175.0	261.0	256.0	271.0	208.0	293.0	223.0	307.0	222.0	373.0	181.0	0
72.0	201.0	68.0	216.0	93.0	198.0	156.0	162.0	140.0	177.0	173.0	213.0	170.0	236.0	161.0	254.0	181.0	186.0	202.0	156.0	195.0	196.0	206.0	168.0	227.0	173.0	270.0	177.0	257.0	250.0	268.0	206.0	290.0	221.0	302.0	220.0	372.0	186.0	0
71.0	201.0	67.0	218.0	92.0	198.0	155.0	161.0	137.0	177.0	174.0	215.0	171.0	238.0	161.0	256.0	176.0	184.0	199.0	154.0	198.0	198.0	203.0	168.0	226.0	174.0	272.0	177.0	258.0	252.0	268.0	208.0	287.0	220.0	303.0	221.0	372.0	183.0	0
72.0	201.0	67.0	216.0	93.0	198.0	156.0	163.0	138.0	178.0	172.0	214.0	171.0	238.0	163.0	255.0	182.0	187.0	201.0	156.0	195.0	196.0	206.0	171.0	225.0	175.0	262.0	177.0	257.0	251.0	265.0	206.0	288.0	221.0	301.0	221.0	369.0	183.0	0
67.0	200.0	63.0	216.0	90.0	198.0	156.0	162.0	138.0	178.0	173.0	214.0	169.0	238.0	159.0	255.0	177.0	184.0	200.0	156.0	199.0	197.0	206.0	169.0	225.0	174.0	269.0	176.0	261.0	252.0	267.0	206.0	291.0	220.0	304.0	220.0	374.0	186.0	0
70.0	200.0	66.0	214.0	91.0	198.0	158.0	162.0	140.0	178.0	172.0	213.0	169.0	237.0	159.0	254.0	182.0	185.0	202.0	155.0	195.0	195.0	206.0	168.0	227.0	173.0	271.0	178.0	259.0	250.0	269.0	207.0	290.0	221.0	303.0	221.0	372.0	184.0	0
71.0	200.0	64.0	215.0	91.0	197.0	154.0	161.0	134.0	178.0	173.0	215.0	170.0	238.0	159.0	256.0	176.0	184.0	200.0	155.0	198.0	198.0	203.0	167.0	225.0	173.0	273.0	176.0	260.0	253.0	268.0	208.0	289.0	222.0	306.0	222.0	374.0	181.0	0
75.0	201.0	73.0	217.0	100.0	198.0	158.0	163.0	141.0	178.0	173.0	212.0	173.0	235.0	163.0	252.0	181.0	185.0	199.0	157.0	199.0	196.0	203.0	170.0	226.0	176.0	267.0	179.0	257.0	247.0	264.0	206.0	285.0	220.0	298.0	220.0	364.0	186.0	0
76.0	199.0	71.0	215.0	100.0	196.0	162.0	165.0	145.0	179.0	173.0	211.0	170.0	233.0	159.0	250.0	182.0	187.0	199.0	159.0	199.0	198.0	203.0	172.0	226.0	177.0	268.0	179.0	251.0	249.0	264.0	207.0	282.0	220.0	296.0	220.0	361.0	185.0	0
72.0	199.0	69.0	216.0	95.0	197.0	155.0	163.0	136.0	179.0	174.0	214.0	172.0	238.0	162.0	254.0	179.0	186.0	200.0	157.0	195.0	197.0	205.0	170.0	227.0	175.0	267.0	177.0	261.0	251.0	264.0	207.0	286.0	220.0	300.0	220.0	370.0	183.0	0
81.0	201.0	78.0	215.0	104.0	198.0	159.0	164.0	141.0	180.0	176.0	213.0	173.0	234.0	165.0	250.0	180.0	186.0	200.0	158.0	198.0	197.0	204.0	170.0	225.0	175.0	271.0	178.0	256.0	248.0	265.0	208.0	284.0	220.0	299.0	220.0	361.0	183.0	0
74.0	201.0	71.0	217.0	95.0	198.0	157.0	162.0	138.0	180.0	177.0	214.0	171.0	237.0	162.0	253.0	177.0	184.0	201.0	156.0	200.0	197.0	205.0	169.0	227.0	175.0	266.0	178.0	255.0	248.0	266.0	207.0	284.0	220.0	299.0	220.0	366.0	186.0	0
82.0	200.0	77.0	215.0	104.0	198.0	163.0	163.0	144.0	179.0	175.0	214.0	172.0	237.0	163.0	252.0	181.0	185.0	203.0	158.0	197.0	197.0	207.0	170.0	224.0	175.0	264.0	178.0	253.0	250.0	262.0	207.0	281.0	220.0	294.0	220.0	358.0	184.0	0
76.0	200.0	72.0	215.0	96.0	198.0	159.0	164.0	138.0	179.0	175.0	213.0	172.0	236.0	164.0	252.0	182.0	186.0	200.0	158.0	197.0	197.0	203.0	171.0	222.0	176.0	264.0	178.0	257.0	250.0	260.0	206.0	284.0	221.0	298.0	220.0	361.0	183.0	0
79.0	202.0	76.0	216.0	103.0	199.0	158.0	165.0	142.0	180.0	175.0	212.0	173.0	234.0	165.0	250.0	176.0	185.0	200.0	159.0	197.0	197.0	204.0	171.0	227.0	177.0	268.0	179.0	252.0	248.0	261.0	207.0	282.0	220.0	297.0	221.0	357.0	183.0	0
75.0	202.0	72.0	217.0	95.0	199.0	160.0	163.0	142.0	177.0	177.0	213.0	172.0	236.0	162.0	252.0	181.0	185.0	198.0	157.0	198.0	197.0	204.0	170.0	226.0	175.0	268.0	177.0	254.0	249.0	265.0	207.0	285.0	220.0	300.0	220.0	368.0	186.0	0
70.0	202.0	66.0	218.0	91.0	199.0	154.0	163.0	138.0	178.0	173.0	214.0	169.0	238.0	159.0	255.0	178.0	184.0	200.0	156.0	198.0	197.0	205.0	169.0	228.0	174.0	271.0	177.0	261.0	253.0	265.0	206.0	291.0	222.0	305.0	222.0	373.0	183.0	0
85.0	200.0	81.0	213.0	108.0	197.0	163.0	165.0	148.0	179.0	176.0	211.0	173.0	232.0	165.0	247.0	184.0	186.0	200.0	160.0	197.0	196.0	205.0	172.0	225.0	177.0	260.0	180.0	248.0	244.0	258.0	206.0	277.0	218.0	290.0	219.0	351.0	186.0	0
72.0	198.0	68.0	214.0	94.0	197.0	158.0	163.0	142.0	178.0	174.0	213.0	174.0	237.0	162.0	254.0	181.0	185.0	204.0	157.0	198.0	197.0	209.0	170.0	228.0	175.0	267.0	178.0	253.0	250.0	264.0	207.0	283.0	220.0	298.0	220.0	364.0	185.0	0
35.0	173.0	30.0	197.0	87.0	213.0	170.0	166.0	150.0	185.0	187.0	239.0	189.0	216.0	180.0	255.0	109.0	203.0	191.0	188.0	210.0	197.0	217.0	164.0	240.0	174.0	283.0	176.0	273.0	249.0	279.0	204.0	300.0	218.0	314.0	217.0	378.0	180.0	0
76.0	199.0	72.0	215.0	98.0	197.0	160.0	162.0	141.0	178.0	175.0	212.0	173.0	236.0	164.0	253.0	179.0	184.0	200.0	157.0	197.0	195.0	204.0	169.0	225.0	175.0	266.0	177.0	255.0	250.0	264.0	207.0	285.0	220.0	299.0	221.0	363.0	182.0	0
65.0	201.0	60.0	217.0	91.0	198.0	154.0	161.0	136.0	177.0	174.0	213.0	171.0	236.0	162.0	254.0	175.0	184.0	199.0	155.0	197.0	197.0	204.0	168.0	226.0	174.0	271.0	176.0	261.0	253.0	269.0	205.0	292.0	221.0	306.0	222.0	378.0	185.0	0
76.0	200.0	72.0	217.0	98.0	197.0	160.0	162.0	141.0	178.0	174.0	212.0	171.0	236.0	162.0	253.0	178.0	184.0	200.0	156.0	197.0	196.0	205.0	169.0	226.0	175.0	270.0	178.0	253.0	250.0	266.0	208.0	284.0	220.0	299.0	221.0	368.0	187.0	0
63.0	199.0	60.0	215.0	87.0	197.0	156.0	160.0	135.0	178.0	171.0	213.0	170.0	239.0	160.0	257.0	180.0	185.0	202.0	154.0	196.0	197.0	209.0	168.0	231.0	174.0	275.0	176.0	259.0	255.0	268.0	207.0	291.0	223.0	307.0	222.0	378.0	183.0	0
71.0	199.0	67.0	215.0	96.0	194.0	159.0	159.0	140.0	176.0	178.0	215.0	174.0	239.0	164.0	255.0	180.0	182.0	205.0	152.0	202.0	195.0	210.0	165.0	231.0	171.0	279.0	174.0	266.0	254.0	275.0	206.0	297.0	221.0	311.0	221.0	382.0	183.0	0
74.0	202.0	70.0	215.0	98.0	198.0	157.0	163.0	138.0	179.0	172.0	213.0	170.0	237.0	161.0	253.0	180.0	186.0	198.0	157.0	198.0	198.0	204.0	169.0	227.0	174.0	265.0	177.0	255.0	250.0	267.0	207.0	286.0	220.0	301.0	220.0	368.0	185.0	0
84.0	199.0	80.0	213.0	106.0	197.0	162.0	166.0	146.0	180.0	177.0	213.0	173.0	234.0	164.0	248.0	179.0	186.0	203.0	160.0	199.0	198.0	207.0	172.0	225.0	176.0	260.0	179.0	252.0	247.0	259.0	207.0	277.0	219.0	289.0	219.0	355.0	185.0	0
77.0	200.0	73.0	214.0	100.0	198.0	162.0	165.0	144.0	179.0	175.0	213.0	173.0	235.0	163.0	251.0	181.0	186.0	202.0	160.0	195.0	196.0	205.0	171.0	227.0	177.0	268.0	180.0	256.0	248.0	262.0	206.0	287.0	220.0	298.0	219.0	363.0	185.0	0
76.0	201.0	72.0	216.0	96.0	198.0	160.0	165.0	140.0	180.0	173.0	212.0	172.0	235.0	164.0	250.0	181.0	186.0	201.0	160.0	195.0	196.0	205.0	171.0	227.0	177.0	268.0	179.0	257.0	247.0	264.0	207.0	286.0	221.0	300.0	220.0	365.0	184.0	0
61.0	199.0	57.0	216.0	87.0	197.0	153.0	160.0	136.0	175.0	172.0	215.0	168.0	238.0	160.0	255.0	179.0	185.0	201.0	154.0	197.0	197.0	205.0	167.0	230.0	173.0	273.0	176.0	262.0	252.0	273.0	208.0	294.0	222.0	309.0	221.0	374.0	181.0	0
80.0	199.0	76.0	214.0	102.0	197.0	162.0	165.0	146.0	179.0	175.0	212.0	172.0	233.0	161.0	248.0	181.0	187.0	200.0	160.0	198.0	197.0	204.0	172.0	224.0	176.0	266.0	179.0	253.0	247.0	263.0	207.0	282.0	220.0	295.0	220.0	357.0	182.0	0
74.0	199.0	71.0	215.0	97.0	197.0	158.0	163.0	139.0	179.0	173.0	212.0	171.0	236.0	161.0	252.0	177.0	185.0	199.0	158.0	195.0	198.0	204.0	170.0	225.0	176.0	267.0	178.0	255.0	250.0	261.0	206.0	284.0	221.0	299.0	220.0	366.0	182.0	0
79.0	200.0	75.0	213.0	99.0	198.0	159.0	165.0	142.0	180.0	178.0	212.0	174.0	234.0	165.0	249.0	182.0	188.0	203.0	160.0	196.0	197.0	207.0	173.0	228.0	178.0	265.0	180.0	255.0	247.0	263.0	205.0	282.0	218.0	295.0	218.0	360.0	183.0	0
65.0	199.0	60.0	216.0	88.0	197.0	154.0	157.0	134.0	176.0	171.0	214.0	168.0	241.0	159.0	259.0	178.0	183.0	202.0	151.0	197.0	195.0	205.0	165.0	229.0	172.0	275.0	176.0	257.0	252.0	273.0	209.0	292.0	222.0	306.0	222.0	379.0	183.0	0
73.0	201.0	68.0	217.0	97.0	198.0	155.0	162.0	138.0	178.0	173.0	214.0	171.0	239.0	162.0	256.0	177.0	185.0	199.0	155.0	196.0	197.0	204.0	169.0	225.0	174.0	270.0	178.0	258.0	253.0	267.0	208.0	288.0	222.0	303.0	222.0	372.0	182.0	0
72.0	201.0	67.0	215.0	96.0	198.0	158.0	163.0	140.0	178.0	174.0	214.0	171.0	237.0	161.0	253.0	181.0	185.0	203.0	157.0	196.0	197.0	206.0	169.0	232.0	176.0	271.0	179.0	257.0	250.0	265.0	207.0	285.0	221.0	299.0	221.0	369.0	187.0	0
82.0	201.0	78.0	213.0	102.0	197.0	160.0	166.0	143.0	180.0	177.0	212.0	172.0	232.0	164.0	248.0	181.0	186.0	199.0	161.0	199.0	197.0	202.0	172.0	223.0	177.0	263.0	179.0	251.0	244.0	261.0	205.0	278.0	218.0	291.0	217.0	354.0	187.0	0
72.0	201.0	69.0	216.0	96.0	199.0	158.0	163.0	139.0	179.0	172.0	213.0	172.0	237.0	163.0	253.0	180.0	186.0	201.0	157.0	196.0	197.0	207.0	171.0	226.0	175.0	266.0	178.0	255.0	249.0	263.0	206.0	284.0	219.0	300.0	220.0	369.0	186.0	0
76.0	199.0	71.0	214.0	97.0	198.0	158.0	164.0	142.0	179.0	174.0	213.0	170.0	237.0	161.0	254.0	177.0	185.0	199.0	158.0	198.0	198.0	204.0	171.0	225.0	176.0	264.0	178.0	255.0	249.0	263.0	206.0	284.0	220.0	298.0	220.0	365.0	185.0	0
85.0	201.0	82.0	215.0	106.0	198.0	161.0	165.0	146.0	180.0	175.0	214.0	173.0	234.0	164.0	250.0	182.0	187.0	201.0	159.0	197.0	198.0	205.0	172.0	222.0	176.0	263.0	178.0	253.0	248.0	261.0	207.0	282.0	220.0	296.0	219.0	354.0	183.0	0
82.0	200.0	78.0	214.0	108.0	197.0	160.0	166.0	143.0	181.0	177.0	213.0	175.0	234.0	164.0	249.0	179.0	187.0	199.0	160.0	195.0	197.0	202.0	172.0	224.0	177.0	264.0	179.0	254.0	247.0	261.0	206.0	281.0	219.0	298.0	220.0	360.0	181.0	0
66.0	199.0	63.0	215.0	92.0	197.0	153.0	163.0	135.0	179.0	172.0	214.0	167.0	236.0	157.0	253.0	179.0	186.0	198.0	157.0	196.0	197.0	205.0	171.0	225.0	175.0	266.0	177.0	259.0	250.0	263.0	205.0	290.0	222.0	304.0	221.0	368.0	182.0	0
77.0	202.0	72.0	214.0	99.0	199.0	157.0	164.0	141.0	179.0	176.0	214.0	170.0	234.0	160.0	251.0	182.0	187.0	197.0	159.0	197.0	197.0	202.0	172.0	226.0	177.0	264.0	178.0	256.0	248.0	266.0	207.0	283.0	219.0	298.0	218.0	362.0	184.0	0
82.0	202.0	78.0	216.0	103.0	199.0	157.0	166.0	144.0	180.0	174.0	213.0	172.0	235.0	162.0	250.0	181.0	187.0	199.0	159.0	196.0	197.0	203.0	172.0	223.0	176.0	268.0	180.0	252.0	248.0	260.0	206.0	281.0	219.0	295.0	219.0	358.0	186.0	0
80.0	200.0	76.0	216.0	102.0	198.0	159.0	165.0	142.0	180.0	176.0	213.0	173.0	234.0	164.0	250.0	182.0	187.0	201.0	159.0	198.0	198.0	205.0	171.0	226.0	176.0	266.0	179.0	254.0	246.0	263.0	207.0	281.0	220.0	296.0	220.0	360.0	185.0	0
75.0	200.0	70.0	215.0	96.0	198.0	158.0	162.0	138.0	179.0	174.0	214.0	171.0	237.0	162.0	253.0	177.0	184.0	203.0	155.0	197.0	197.0	209.0	168.0	229.0	174.0	272.0	177.0	255.0	252.0	262.0	207.0	285.0	222.0	300.0	223.0	372.0	185.0	0
77.0	201.0	75.0	216.0	102.0	197.0	159.0	163.0	143.0	178.0	176.0	213.0	172.0	235.0	162.0	251.0	179.0	185.0	202.0	158.0	200.0	198.0	208.0	171.0	227.0	176.0	270.0	179.0	255.0	249.0	263.0	207.0	283.0	220.0	296.0	220.0	362.0	186.0	0
74.0	200.0	70.0	216.0	97.0	197.0	159.0	162.0	142.0	178.0	173.0	212.0	169.0	235.0	160.0	252.0	180.0	185.0	201.0	157.0	196.0	196.0	206.0	170.0	229.0	175.0	268.0	178.0	256.0	249.0	265.0	205.0	285.0	220.0	300.0	221.0	373.0	187.0	0
69.0	201.0	65.0	216.0	92.0	198.0	155.0	161.0	136.0	178.0	172.0	214.0	170.0	238.0	160.0	256.0	179.0	185.0	200.0	154.0	193.0	195.0	205.0	168.0	226.0	173.0	270.0	176.0	259.0	253.0	269.0	207.0	290.0	221.0	306.0	221.0	374.0	183.0	0
80.0	201.0	77.0	216.0	101.0	198.0	158.0	165.0	141.0	180.0	174.0	212.0	172.0	232.0	163.0	249.0	182.0	186.0	200.0	159.0	197.0	197.0	205.0	172.0	225.0	177.0	265.0	180.0	251.0	246.0	264.0	207.0	281.0	219.0	294.0	219.0	356.0	185.0	0
81.0	202.0	76.0	217.0	101.0	199.0	160.0	164.0	143.0	179.0	177.0	213.0	174.0	235.0	163.0	251.0	180.0	184.0	200.0	158.0	199.0	196.0	202.0	170.0	221.0	175.0	259.0	177.0	254.0	248.0	262.0	206.0	282.0	220.0	295.0	220.0	361.0	187.0	0
78.0	201.0	74.0	214.0	104.0	198.0	157.0	166.0	142.0	180.0	175.0	212.0	173.0	234.0	162.0	249.0	180.0	186.0	199.0	160.0	196.0	196.0	204.0	172.0	227.0	177.0	265.0	179.0	252.0	246.0	262.0	206.0	281.0	219.0	294.0	218.0	359.0	185.0	0
81.0	200.0	76.0	214.0	101.0	198.0	159.0	163.0	141.0	179.0	176.0	211.0	174.0	234.0	164.0	251.0	181.0	186.0	200.0	158.0	195.0	195.0	206.0	171.0	224.0	176.0	265.0	178.0	253.0	248.0	258.0	204.0	282.0	220.0	295.0	220.0	359.0	185.0	0
67.0	199.0	64.0	216.0	94.0	196.0	155.0	161.0	137.0	178.0	173.0	213.0	171.0	237.0	160.0	255.0	178.0	184.0	199.0	155.0	196.0	197.0	203.0	168.0	226.0	173.0	275.0	177.0	258.0	253.0	267.0	205.0	291.0	220.0	307.0	220.0	376.0	183.0	0
67.0	200.0	64.0	217.0	91.0	198.0	152.0	161.0	133.0	179.0	173.0	213.0	169.0	237.0	159.0	254.0	173.0	184.0	201.0	154.0	198.0	197.0	206.0	167.0	229.0	173.0	274.0	176.0	261.0	252.0	270.0	206.0	290.0	220.0	305.0	221.0	379.0	185.0	0
79.0	200.0	76.0	214.0	103.0	198.0	160.0	166.0	144.0	181.0	173.0	212.0	172.0	233.0	163.0	248.0	179.0	188.0	200.0	160.0	194.0	197.0	205.0	173.0	225.0	177.0	262.0	179.0	252.0	247.0	260.0	206.0	279.0	219.0	294.0	219.0	356.0	185.0	0
77.0	201.0	72.0	214.0	101.0	199.0	156.0	164.0	139.0	181.0	174.0	213.0	172.0	235.0	164.0	250.0	179.0	186.0	200.0	159.0	197.0	197.0	205.0	171.0	225.0	176.0	262.0	178.0	253.0	246.0	262.0	205.0	280.0	218.0	292.0	218.0	361.0	187.0	0
71.0	199.0	65.0	214.0	89.0	197.0	159.0	162.0	140.0	178.0	172.0	213.0	169.0	236.0	159.0	253.0	180.0	186.0	202.0	156.0	196.0	197.0	206.0	169.0	228.0	175.0	272.0	179.0	253.0	249.0	267.0	208.0	286.0	220.0	301.0	221.0	369.0	184.0	0
59.0	201.0	56.0	218.0	87.0	198.0	151.0	160.0	135.0	175.0	172.0	215.0	168.0	239.0	156.0	257.0	176.0	183.0	200.0	153.0	196.0	196.0	204.0	166.0	228.0	171.0	274.0	174.0	260.0	257.0	274.0	209.0	294.0	222.0	310.0	223.0	382.0	182.0	0
76.0	200.0	72.0	214.0	97.0	198.0	159.0	164.0	142.0	180.0	177.0	213.0	173.0	235.0	163.0	251.0	185.0	187.0	202.0	158.0	200.0	197.0	207.0	171.0	229.0	176.0	268.0	178.0	257.0	246.0	262.0	204.0	283.0	219.0	297.0	218.0	365.0	187.0	0
70.0	200.0	66.0	214.0	94.0	198.0	156.0	163.0	138.0	180.0	173.0	214.0	168.0	237.0	159.0	253.0	176.0	184.0	201.0	156.0	199.0	196.0	206.0	169.0	227.0	174.0	268.0	177.0	258.0	250.0	267.0	206.0	288.0	220.0	302.0	220.0	372.0	185.0	0
77.0	200.0	71.0	215.0	98.0	197.0	159.0	163.0	141.0	179.0	177.0	213.0	173.0	238.0	163.0	254.0	178.0	184.0	202.0	157.0	196.0	196.0	205.0	169.0	226.0	174.0	267.0	177.0	255.0	250.0	264.0	207.0	283.0	220.0	297.0	221.0	361.0	183.0	0
71.0	199.0	66.0	217.0	94.0	196.0	156.0	161.0	138.0	176.0	172.0	214.0	170.0	238.0	159.0	256.0	180.0	185.0	198.0	156.0	197.0	195.0	203.0	169.0	226.0	174.0	273.0	177.0	257.0	251.0	268.0	207.0	289.0	221.0	303.0	221.0	370.0	183.0	0
68.0	202.0	64.0	218.0	90.0	199.0	152.0	161.0	138.0	176.0	175.0	214.0	170.0	238.0	159.0	255.0	174.0	183.0	199.0	155.0	194.0	196.0	204.0	167.0	226.0	173.0	269.0	174.0	262.0	254.0	271.0	208.0	293.0	222.0	309.0	222.0	373.0	183.0	0
74.0	200.0	70.0	215.0	99.0	198.0	159.0	162.0	141.0	178.0	173.0	213.0	170.0	238.0	160.0	255.0	180.0	184.0	202.0	157.0	199.0	196.0	205.0	169.0	224.0	174.0	266.0	177.0	256.0	250.0	263.0	207.0	286.0	221.0	298.0	221.0	366.0	186.0	0
68.0	200.0	63.0	215.0	94.0	198.0	156.0	163.0	137.0	179.0	172.0	213.0	170.0	235.0	158.0	254.0	180.0	186.0	199.0	156.0	195.0	196.0	203.0	169.0	226.0	174.0	270.0	178.0	258.0	252.0	267.0	207.0	289.0	220.0	303.0	221.0	371.0	184.0	0
73.0	199.0	67.0	214.0	99.0	197.0	155.0	162.0	137.0	179.0	174.0	215.0	172.0	238.0	163.0	254.0	179.0	185.0	200.0	156.0	197.0	196.0	205.0	169.0	228.0	175.0	268.0	177.0	256.0	250.0	269.0	207.0	288.0	219.0	302.0	220.0	372.0	183.0	0
67.0	200.0	63.0	215.0	91.0	198.0	156.0	161.0	137.0	178.0	173.0	213.0	171.0	237.0	161.0	255.0	179.0	185.0	201.0	155.0	198.0	197.0	206.0	169.0	226.0	174.0	271.0	178.0	259.0	250.0	267.0	206.0	289.0	220.0	303.0	220.0	375.0	186.0	0
77.0	200.0	75.0	215.0	97.0	198.0	159.0	163.0	141.0	179.0	176.0	213.0	173.0	236.0	164.0	251.0	179.0	186.0	201.0	157.0	196.0	198.0	206.0	171.0	226.0	176.0	273.0	180.0	255.0	250.0	262.0	206.0	284.0	220.0	298.0	220.0	365.0	185.0	0
77.0	201.0	75.0	216.0	96.0	199.0	157.0	164.0	142.0	178.0	174.0	213.0	172.0	234.0	163.0	250.0	176.0	185.0	199.0	158.0	196.0	197.0	205.0	171.0	226.0	175.0	267.0	178.0	254.0	248.0	261.0	206.0	284.0	220.0	298.0	221.0	358.0	183.0	0
69.0	201.0	65.0	217.0	93.0	199.0	155.0	163.0	139.0	178.0	172.0	214.0	168.0	238.0	158.0	254.0	177.0	184.0	202.0	156.0	193.0	195.0	205.0	168.0	225.0	173.0	276.0	178.0	258.0	252.0	270.0	208.0	290.0	222.0	306.0	223.0	373.0	186.0	0
74.0	201.0	70.0	217.0	95.0	198.0	157.0	163.0	138.0	179.0	174.0	214.0	172.0	237.0	164.0	254.0	182.0	186.0	199.0	156.0	198.0	196.0	203.0	168.0	225.0	173.0	271.0	176.0	259.0	251.0	268.0	207.0	289.0	221.0	302.0	221.0	368.0	182.0	0
79.0	201.0	76.0	216.0	101.0	198.0	161.0	164.0	144.0	179.0	175.0	211.0	173.0	234.0	164.0	251.0	181.0	186.0	201.0	159.0	195.0	196.0	205.0	170.0	224.0	175.0	265.0	178.0	257.0	248.0	261.0	205.0	283.0	219.0	298.0	220.0	363.0	185.0	0
65.0	200.0	62.0	216.0	91.0	197.0	156.0	161.0	137.0	177.0	173.0	213.0	169.0	236.0	159.0	255.0	178.0	185.0	201.0	155.0	196.0	197.0	205.0	168.0	228.0	174.0	277.0	177.0	262.0	253.0	271.0	207.0	292.0	222.0	307.0	223.0	379.0	181.0	0
73.0	201.0	69.0	215.0	97.0	198.0	158.0	164.0	142.0	180.0	173.0	213.0	171.0	235.0	163.0	252.0	177.0	186.0	202.0	158.0	196.0	198.0	207.0	171.0	228.0	177.0	266.0	178.0	257.0	249.0	264.0	206.0	285.0	220.0	298.0	220.0	367.0	186.0	0
77.0	200.0	71.0	217.0	97.0	198.0	157.0	161.0	137.0	178.0	175.0	214.0	173.0	239.0	162.0	257.0	178.0	185.0	201.0	154.0	197.0	197.0	206.0	169.0	226.0	174.0	269.0	178.0	257.0	253.0	266.0	208.0	289.0	222.0	301.0	221.0	366.0	184.0	0
72.0	199.0	67.0	215.0	95.0	197.0	157.0	164.0	139.0	178.0	174.0	212.0	171.0	236.0	162.0	253.0	183.0	187.0	200.0	158.0	197.0	196.0	206.0	171.0	227.0	176.0	269.0	178.0	259.0	250.0	267.0	207.0	287.0	221.0	302.0	220.0	369.0	182.0	0
71.0	200.0	65.0	215.0	93.0	197.0	156.0	162.0	138.0	178.0	173.0	214.0	170.0	238.0	160.0	254.0	181.0	186.0	202.0	156.0	199.0	199.0	206.0	170.0	226.0	175.0	265.0	178.0	255.0	251.0	263.0	207.0	284.0	220.0	296.0	220.0	368.0	184.0	0
79.0	199.0	73.0	214.0	100.0	197.0	160.0	164.0	143.0	179.0	175.0	212.0	174.0	235.0	165.0	252.0	184.0	186.0	203.0	158.0	195.0	195.0	206.0	171.0	225.0	175.0	264.0	178.0	257.0	248.0	263.0	206.0	286.0	220.0	299.0	219.0	362.0	183.0	0
71.0	200.0	67.0	214.0	95.0	198.0	159.0	162.0	141.0	179.0	174.0	214.0	171.0	237.0	162.0	253.0	179.0	185.0	204.0	156.0	198.0	197.0	208.0	169.0	228.0	175.0	267.0	180.0	254.0	251.0	265.0	207.0	284.0	221.0	298.0	221.0	366.0	186.0	0
61.0	199.0	58.0	216.0	86.0	196.0	156.0	159.0	137.0	176.0	175.0	216.0	170.0	241.0	159.0	259.0	179.0	184.0	201.0	152.0	201.0	199.0	205.0	166.0	228.0	172.0	271.0	174.0	262.0	256.0	273.0	209.0	295.0	223.0	312.0	223.0	387.0	180.0	0
71.0	201.0	66.0	215.0	96.0	198.0	155.0	162.0	139.0	178.0	174.0	213.0	171.0	237.0	161.0	254.0	181.0	186.0	198.0	156.0	197.0	196.0	203.0	168.0	226.0	175.0	272.0	178.0	256.0	251.0	266.0	207.0	289.0	221.0	302.0	222.0	368.0	184.0	0
70.0	199.0	68.0	216.0	93.0	196.0	153.0	161.0	134.0	177.0	172.0	214.0	169.0	237.0	160.0	256.0	176.0	184.0	198.0	155.0	194.0	195.0	203.0	169.0	224.0	174.0	267.0	176.0	257.0	251.0	267.0	206.0	289.0	221.0	304.0	221.0	373.0	180.0	0
76.0	199.0	72.0	215.0	94.0	197.0	158.0	162.0	139.0	177.0	173.0	213.0	170.0	238.0	161.0	255.0	181.0	185.0	204.0	156.0	198.0	196.0	208.0	169.0	228.0	174.0	268.0	177.0	254.0	252.0	264.0	207.0	285.0	222.0	299.0	222.0	370.0	186.0	0
80.0	200.0	76.0	214.0	103.0	197.0	161.0	165.0	144.0	179.0	176.0	212.0	172.0	232.0	162.0	248.0	182.0	187.0	200.0	160.0	196.0	196.0	203.0	171.0	224.0	175.0	264.0	177.0	253.0	246.0	261.0	205.0	282.0	219.0	295.0	220.0	354.0	185.0	0
93.0	196.0	6.0	217.0	96.0	241.0	172.0	160.0	155.0	172.0	175.0	230.0	97.0	186.0	159.0	253.0	116.0	185.0	190.0	181.0	182.0	204.0	202.0	192.0	212.0	164.0	232.0	177.0	253.0	242.0	260.0	206.0	267.0	183.0	284.0	220.0	350.0	196.0	0
85.0	200.0	82.0	215.0	104.0	198.0	163.0	165.0	146.0	180.0	176.0	213.0	173.0	232.0	162.0	247.0	180.0	186.0	201.0	160.0	200.0	198.0	205.0	172.0	226.0	178.0	261.0	179.0	255.0	246.0	260.0	206.0	281.0	219.0	294.0	219.0	357.0	184.0	0
64.0	199.0	60.0	215.0	89.0	197.0	156.0	161.0	136.0	177.0	171.0	213.0	168.0	238.0	158.0	254.0	177.0	184.0	201.0	154.0	196.0	196.0	206.0	167.0	227.0	173.0	272.0	176.0	261.0	252.0	269.0	207.0	292.0	223.0	308.0	222.0	382.0	184.0	0
61.0	199.0	58.0	216.0	85.0	196.0	154.0	160.0	136.0	176.0	171.0	214.0	168.0	239.0	156.0	257.0	181.0	186.0	202.0	154.0	193.0	195.0	206.0	168.0	229.0	173.0	276.0	177.0	260.0	254.0	271.0	207.0	291.0	221.0	306.0	222.0	377.0	185.0	0
75.0	202.0	71.0	218.0	95.0	199.0	157.0	163.0	138.0	179.0	175.0	214.0	173.0	236.0	163.0	254.0	177.0	185.0	197.0	156.0	194.0	197.0	202.0	169.0	226.0	175.0	269.0	177.0	258.0	251.0	267.0	206.0	288.0	221.0	301.0	221.0	369.0	185.0	0
70.0	201.0	68.0	217.0	92.0	198.0	158.0	162.0	140.0	177.0	172.0	215.0	169.0	238.0	160.0	255.0	178.0	185.0	199.0	155.0	196.0	198.0	205.0	169.0	228.0	175.0	270.0	177.0	259.0	252.0	267.0	206.0	290.0	222.0	304.0	221.0	371.0	183.0	0
72.0	200.0	67.0	215.0	95.0	197.0	158.0	163.0	140.0	177.0	174.0	214.0	170.0	236.0	162.0	253.0	179.0	184.0	198.0	157.0	199.0	198.0	202.0	169.0	228.0	176.0	272.0	178.0	260.0	250.0	269.0	208.0	290.0	221.0	302.0	221.0	364.0	181.0	0
87.0	201.0	84.0	216.0	106.0	198.0	160.0	165.0	144.0	180.0	177.0	213.0	173.0	234.0	164.0	248.0	182.0	186.0	200.0	160.0	197.0	197.0	205.0	173.0	226.0	177.0	266.0	180.0	257.0	247.0	263.0	206.0	282.0	220.0	297.0	219.0	357.0	182.0	0
77.0	200.0	72.0	215.0	99.0	198.0	158.0	164.0	141.0	180.0	174.0	214.0	172.0	236.0	162.0	253.0	179.0	186.0	200.0	157.0	194.0	196.0	204.0	170.0	225.0	175.0	266.0	177.0	258.0	250.0	263.0	205.0	287.0	221.0	300.0	220.0	364.0	184.0	0
77.0	201.0	75.0	216.0	97.0	198.0	158.0	164.0	143.0	179.0	176.0	212.0	173.0	235.0	164.0	250.0	181.0	186.0	199.0	159.0	197.0	197.0	205.0	171.0	226.0	175.0	269.0	179.0	255.0	247.0	264.0	206.0	283.0	219.0	296.0	219.0	359.0	185.0	0
73.0	200.0	71.0	216.0	97.0	197.0	158.0	162.0	141.0	178.0	173.0	215.0	171.0	238.0	159.0	254.0	183.0	186.0	200.0	157.0	197.0	196.0	205.0	170.0	228.0	175.0	275.0	178.0	255.0	252.0	267.0	207.0	290.0	221.0	303.0	221.0	368.0	183.0	0
70.0	201.0	65.0	215.0	92.0	198.0	156.0	162.0	140.0	177.0	173.0	214.0	171.0	237.0	162.0	255.0	181.0	185.0	201.0	156.0	193.0	195.0	205.0	169.0	227.0	174.0	271.0	178.0	260.0	249.0	269.0	208.0	288.0	220.0	303.0	221.0	372.0	183.0	0
72.0	200.0	68.0	215.0	96.0	197.0	158.0	163.0	138.0	179.0	172.0	213.0	170.0	237.0	162.0	254.0	180.0	185.0	199.0	157.0	197.0	197.0	205.0	169.0	228.0	174.0	270.0	177.0	255.0	250.0	265.0	207.0	285.0	220.0	299.0	221.0	365.0	183.0	0
69.0	198.0	64.0	214.0	94.0	196.0	158.0	161.0	139.0	178.0	174.0	215.0	171.0	237.0	160.0	254.0	178.0	185.0	204.0	156.0	197.0	198.0	208.0	169.0	230.0	175.0	269.0	178.0	257.0	252.0	266.0	207.0	285.0	220.0	301.0	221.0	374.0	184.0	0
76.0	201.0	72.0	216.0	100.0	198.0	160.0	164.0	143.0	179.0	174.0	213.0	170.0	235.0	160.0	252.0	182.0	185.0	202.0	157.0	198.0	196.0	207.0	170.0	226.0	175.0	267.0	178.0	256.0	249.0	264.0	207.0	286.0	220.0	299.0	220.0	364.0	186.0	0
72.0	200.0	67.0	217.0	96.0	197.0	153.0	162.0	136.0	179.0	174.0	214.0	172.0	237.0	160.0	256.0	183.0	187.0	199.0	155.0	196.0	196.0	203.0	168.0	227.0	174.0	271.0	177.0	258.0	252.0	268.0	208.0	290.0	222.0	302.0	221.0	368.0	181.0	0
77.0	200.0	72.0	215.0	100.0	198.0	160.0	164.0	145.0	179.0	173.0	213.0	170.0	235.0	161.0	252.0	182.0	186.0	204.0	157.0	197.0	197.0	209.0	171.0	228.0	176.0	267.0	178.0	254.0	251.0	265.0	208.0	283.0	221.0	297.0	222.0	365.0	185.0	0
69.0	199.0	65.0	215.0	91.0	197.0	156.0	162.0	136.0	178.0	172.0	214.0	169.0	238.0	160.0	256.0	181.0	186.0	203.0	155.0	195.0	196.0	207.0	168.0	230.0	173.0	273.0	176.0	258.0	252.0	269.0	208.0	289.0	221.0	304.0	221.0	368.0	183.0	0
72.0	200.0	68.0	215.0	94.0	198.0	157.0	162.0	138.0	178.0	173.0	214.0	171.0	238.0	161.0	256.0	178.0	185.0	201.0	155.0	196.0	196.0	207.0	168.0	228.0	174.0	269.0	176.0	256.0	253.0	266.0	208.0	288.0	222.0	301.0	222.0	367.0	183.0	0
74.0	199.0	70.0	214.0	102.0	196.0	160.0	165.0	143.0	180.0	176.0	211.0	173.0	235.0	161.0	251.0	186.0	187.0	202.0	159.0	197.0	196.0	207.0	173.0	229.0	178.0	266.0	180.0	254.0	248.0	262.0	205.0	280.0	218.0	296.0	218.0	367.0	188.0	0
72.0	200.0	68.0	215.0	95.0	198.0	157.0	164.0	141.0	178.0	173.0	213.0	171.0	235.0	162.0	253.0	180.0	186.0	201.0	159.0	195.0	198.0	204.0	170.0	226.0	176.0	269.0	179.0	258.0	249.0	262.0	205.0	286.0	220.0	300.0	219.0	368.0	187.0	0
70.0	200.0	66.0	215.0	93.0	197.0	156.0	162.0	138.0	179.0	175.0	214.0	172.0	236.0	161.0	254.0	181.0	185.0	200.0	156.0	200.0	197.0	205.0	168.0	228.0	174.0	271.0	177.0	259.0	250.0	270.0	207.0	289.0	220.0	305.0	220.0	371.0	185.0	0
74.0	200.0	70.0	216.0	95.0	198.0	160.0	164.0	142.0	179.0	174.0	213.0	172.0	236.0	162.0	251.0	178.0	185.0	201.0	157.0	195.0	196.0	204.0	170.0	224.0	174.0	265.0	177.0	254.0	248.0	263.0	207.0	283.0	219.0	296.0	219.0	368.0	188.0	0
69.0	200.0	65.0	217.0	95.0	198.0	156.0	161.0	138.0	178.0	173.0	213.0	170.0	236.0	159.0	253.0	181.0	186.0	199.0	155.0	196.0	196.0	205.0	168.0	229.0	174.0	276.0	177.0	258.0	251.0	269.0	206.0	291.0	221.0	306.0	221.0	374.0	183.0	0
76.0	201.0	72.0	216.0	95.0	199.0	158.0	164.0	139.0	180.0	175.0	214.0	172.0	237.0	162.0	254.0	179.0	186.0	200.0	157.0	194.0	196.0	205.0	170.0	227.0	176.0	269.0	179.0	257.0	251.0	266.0	207.0	289.0	221.0	302.0	221.0	366.0	183.0	0
64.0	199.0	60.0	218.0	88.0	197.0	153.0	159.0	137.0	176.0	170.0	215.0	168.0	241.0	159.0	258.0	180.0	184.0	199.0	153.0	198.0	197.0	204.0	166.0	227.0	172.0	276.0	175.0	264.0	254.0	273.0	208.0	294.0	222.0	310.0	223.0	379.0	181.0	0
73.0	201.0	69.0	217.0	96.0	198.0	158.0	164.0	141.0	179.0	174.0	213.0	171.0	236.0	161.0	253.0	180.0	186.0	201.0	157.0	196.0	197.0	205.0	170.0	226.0	175.0	269.0	178.0	256.0	250.0	266.0	207.0	286.0	221.0	301.0	221.0	373.0	186.0	0
69.0	201.0	66.0	216.0	91.0	198.0	153.0	161.0	133.0	178.0	173.0	214.0	172.0	237.0	162.0	255.0	178.0	185.0	199.0	154.0	196.0	196.0	205.0	168.0	230.0	174.0	280.0	177.0	261.0	251.0	267.0	205.0	292.0	221.0	305.0	220.0	376.0	184.0	0
69.0	200.0	64.0	215.0	92.0	198.0	157.0	162.0	140.0	178.0	174.0	213.0	169.0	237.0	161.0	254.0	178.0	185.0	202.0	156.0	198.0	197.0	206.0	168.0	227.0	174.0	270.0	177.0	259.0	252.0	268.0	207.0	291.0	221.0	308.0	222.0	374.0	182.0	0
64.0	199.0	62.0	216.0	90.0	197.0	156.0	160.0	137.0	176.0	174.0	214.0	170.0	238.0	161.0	256.0	179.0	184.0	203.0	154.0	198.0	197.0	206.0	167.0	229.0	173.0	277.0	177.0	262.0	251.0	274.0	207.0	293.0	220.0	311.0	221.0	385.0	185.0	0
80.0	200.0	76.0	214.0	101.0	197.0	161.0	165.0	145.0	179.0	172.0	213.0	170.0	235.0	160.0	250.0	183.0	187.0	203.0	161.0	194.0	195.0	208.0	173.0	226.0	177.0	266.0	182.0	252.0	246.0	260.0	205.0	279.0	219.0	292.0	219.0	354.0	187.0	0
68.0	199.0	65.0	216.0	92.0	197.0	157.0	160.0	138.0	177.0	172.0	214.0	169.0	238.0	159.0	256.0	179.0	185.0	202.0	154.0	194.0	196.0	206.0	168.0	227.0	173.0	274.0	177.0	257.0	253.0	266.0	206.0	291.0	223.0	305.0	223.0	374.0	183.0	0
82.0	200.0	77.0	215.0	102.0	198.0	160.0	165.0	145.0	179.0	175.0	212.0	173.0	234.0	165.0	250.0	180.0	186.0	201.0	159.0	197.0	197.0	205.0	171.0	223.0	176.0	263.0	180.0	255.0	246.0	260.0	207.0	280.0	220.0	293.0	219.0	351.0	186.0	0
70.0	200.0	67.0	215.0	92.0	198.0	158.0	162.0	141.0	177.0	173.0	213.0	170.0	237.0	160.0	254.0	179.0	184.0	200.0	156.0	199.0	196.0	206.0	170.0	227.0	175.0	265.0	177.0	255.0	253.0	268.0	208.0	287.0	221.0	300.0	221.0	369.0	184.0	0
61.0	199.0	59.0	216.0	88.0	197.0	154.0	159.0	136.0	176.0	171.0	214.0	168.0	239.0	158.0	257.0	176.0	184.0	200.0	154.0	198.0	197.0	205.0	167.0	230.0	173.0	273.0	175.0	259.0	254.0	269.0	208.0	291.0	222.0	306.0	222.0	380.0	183.0	0
75.0	201.0	70.0	215.0	99.0	198.0	158.0	163.0	140.0	179.0	174.0	215.0	170.0	237.0	159.0	253.0	179.0	186.0	200.0	157.0	197.0	196.0	204.0	170.0	224.0	174.0	264.0	177.0	257.0	251.0	263.0	207.0	287.0	222.0	300.0	221.0	367.0	186.0	0
82.0	200.0	79.0	215.0	103.0	197.0	160.0	163.0	145.0	178.0	175.0	213.0	172.0	235.0	163.0	251.0	181.0	186.0	201.0	158.0	195.0	196.0	205.0	170.0	223.0	176.0	260.0	178.0	252.0	249.0	259.0	206.0	280.0	220.0	292.0	219.0	357.0	185.0	0
80.0	201.0	74.0	215.0	97.0	199.0	159.0	163.0	141.0	179.0	173.0	214.0	170.0	236.0	163.0	251.0	176.0	185.0	199.0	157.0	193.0	197.0	203.0	169.0	223.0	174.0	267.0	178.0	256.0	250.0	262.0	206.0	284.0	220.0	298.0	220.0	361.0	184.0	0
81.0	201.0	78.0	216.0	102.0	199.0	160.0	165.0	144.0	180.0	173.0	212.0	172.0	234.0	164.0	249.0	183.0	187.0	200.0	159.0	195.0	195.0	205.0	172.0	223.0	176.0	264.0	178.0	252.0	247.0	262.0	207.0	282.0	220.0	296.0	221.0	357.0	185.0	0
72.0	203.0	68.0	218.0	87.0	220.0	150.0	172.0	94.0	201.0	175.0	215.0	174.0	238.0	166.0	257.0	180.0	188.0	200.0	158.0	198.0	198.0	206.0	171.0	228.0	176.0	273.0	178.0	261.0	252.0	269.0	207.0	291.0	220.0	305.0	219.0	368.0	180.0	0
74.0	201.0	69.0	216.0	96.0	198.0	157.0	163.0	140.0	179.0	175.0	214.0	173.0	236.0	163.0	253.0	178.0	185.0	199.0	156.0	198.0	198.0	205.0	170.0	226.0	175.0	270.0	178.0	257.0	249.0	268.0	207.0	286.0	220.0	301.0	220.0	369.0	184.0	0
70.0	200.0	68.0	217.0	96.0	198.0	160.0	160.0	140.0	177.0	172.0	215.0	170.0	238.0	159.0	254.0	178.0	185.0	200.0	155.0	194.0	195.0	205.0	168.0	225.0	173.0	268.0	177.0	256.0	253.0	266.0	207.0	287.0	221.0	301.0	222.0	373.0	186.0	0
80.0	201.0	77.0	216.0	104.0	198.0	160.0	165.0	144.0	180.0	177.0	212.0	173.0	234.0	165.0	250.0	183.0	186.0	200.0	159.0	196.0	195.0	204.0	171.0	227.0	176.0	265.0	179.0	255.0	246.0	262.0	205.0	283.0	219.0	298.0	219.0	360.0	186.0	0
72.0	201.0	70.0	216.0	97.0	199.0	160.0	162.0	141.0	179.0	176.0	214.0	173.0	238.0	164.0	254.0	180.0	184.0	200.0	156.0	199.0	197.0	204.0	168.0	224.0	172.0	270.0	176.0	257.0	250.0	264.0	207.0	286.0	221.0	300.0	221.0	371.0	185.0	0
70.0	199.0	64.0	214.0	93.0	197.0	160.0	163.0	141.0	179.0	171.0	213.0	169.0	236.0	160.0	252.0	183.0	187.0	200.0	157.0	196.0	196.0	206.0	170.0	226.0	175.0	269.0	178.0	254.0	248.0	265.0	206.0	284.0	219.0	299.0	220.0	374.0	187.0	0
74.0	200.0	70.0	216.0	95.0	198.0	160.0	162.0	142.0	178.0	176.0	213.0	172.0	237.0	162.0	254.0	181.0	185.0	202.0	155.0	196.0	196.0	206.0	169.0	228.0	175.0	268.0	177.0	256.0	252.0	264.0	207.0	286.0	222.0	304.0	223.0	369.0	183.0	0
69.0	200.0	65.0	213.0	95.0	197.0	158.0	163.0	140.0	178.0	174.0	212.0	170.0	235.0	159.0	252.0	178.0	185.0	200.0	158.0	195.0	197.0	205.0	170.0	226.0	175.0	267.0	176.0	256.0	251.0	269.0	207.0	288.0	220.0	305.0	220.0	377.0	184.0	0
72.0	200.0	68.0	216.0	94.0	198.0	154.0	162.0	135.0	180.0	173.0	214.0	170.0	238.0	160.0	254.0	175.0	184.0	199.0	156.0	195.0	196.0	203.0	169.0	224.0	174.0	273.0	177.0	257.0	251.0	270.0	207.0	291.0	220.0	305.0	220.0	368.0	182.0	0
69.0	201.0	67.0	217.0	93.0	198.0	155.0	162.0	138.0	178.0	172.0	213.0	171.0	237.0	162.0	254.0	178.0	184.0	198.0	155.0	197.0	196.0	202.0	168.0	223.0	173.0	271.0	176.0	258.0	250.0	267.0	206.0	291.0	220.0	305.0	221.0	374.0	183.0	0
80.0	202.0	77.0	216.0	101.0	198.0	158.0	165.0	143.0	179.0	174.0	212.0	172.0	235.0	164.0	250.0	181.0	185.0	204.0	159.0	198.0	197.0	208.0	171.0	225.0	176.0	264.0	179.0	253.0	247.0	260.0	206.0	281.0	221.0	295.0	220.0	358.0	187.0	0
70.0	203.0	66.0	217.0	91.0	200.0	156.0	163.0	137.0	178.0	174.0	214.0	171.0	237.0	163.0	254.0	176.0	184.0	201.0	156.0	198.0	197.0	204.0	168.0	225.0	174.0	268.0	176.0	263.0	251.0	269.0	208.0	288.0	221.0	305.0	222.0	373.0	184.0	0
85.0	201.0	81.0	216.0	104.0	198.0	160.0	165.0	145.0	180.0	173.0	212.0	172.0	233.0	164.0	248.0	180.0	186.0	198.0	160.0	192.0	195.0	203.0	172.0	221.0	176.0	261.0	179.0	251.0	246.0	261.0	206.0	280.0	219.0	292.0	218.0	356.0	187.0	0
82.0	201.0	77.0	214.0	103.0	197.0	162.0	164.0	142.0	181.0	175.0	212.0	174.0	234.0	165.0	249.0	181.0	186.0	200.0	158.0	197.0	197.0	205.0	171.0	224.0	176.0	267.0	178.0	255.0	247.0	262.0	206.0	283.0	219.0	296.0	219.0	360.0	185.0	0
74.0	200.0	71.0	216.0	97.0	197.0	156.0	163.0	140.0	178.0	172.0	213.0	168.0	236.0	159.0	252.0	180.0	186.0	200.0	158.0	195.0	197.0	205.0	171.0	225.0	176.0	265.0	179.0	252.0	249.0	261.0	207.0	282.0	223.0	298.0	223.0	363.0	185.0	0
80.0	201.0	75.0	215.0	101.0	199.0	160.0	164.0	142.0	180.0	174.0	211.0	172.0	234.0	162.0	251.0	179.0	185.0	201.0	158.0	197.0	196.0	204.0	171.0	222.0	176.0	266.0	178.0	252.0	246.0	262.0	206.0	283.0	220.0	297.0	220.0	360.0	185.0	0
71.0	201.0	67.0	216.0	95.0	199.0	156.0	163.0	140.0	179.0	173.0	213.0	171.0	237.0	160.0	255.0	178.0	186.0	199.0	157.0	195.0	197.0	203.0	169.0	225.0	175.0	270.0	177.0	258.0	250.0	267.0	207.0	289.0	222.0	303.0	222.0	370.0	182.0	0
74.0	200.0	69.0	215.0	94.0	198.0	160.0	162.0	141.0	177.0	175.0	212.0	170.0	237.0	160.0	254.0	181.0	184.0	201.0	156.0	198.0	196.0	205.0	169.0	226.0	174.0	270.0	178.0	255.0	252.0	264.0	206.0	289.0	222.0	302.0	223.0	368.0	183.0	0
86.0	201.0	84.0	215.0	107.0	198.0	161.0	166.0	143.0	181.0	177.0	212.0	175.0	233.0	168.0	247.0	179.0	186.0	200.0	161.0	197.0	197.0	204.0	173.0	222.0	177.0	259.0	179.0	256.0	242.0	259.0	205.0	279.0	217.0	292.0	216.0	353.0	184.0	0
65.0	200.0	60.0	215.0	93.0	198.0	155.0	160.0	137.0	177.0	172.0	215.0	169.0	239.0	160.0	257.0	177.0	184.0	200.0	154.0	198.0	198.0	205.0	168.0	223.0	174.0	269.0	177.0	257.0	253.0	266.0	208.0	288.0	222.0	302.0	223.0	375.0	184.0	0
80.0	201.0	76.0	216.0	97.0	199.0	158.0	163.0	141.0	179.0	175.0	212.0	172.0	236.0	163.0	250.0	180.0	185.0	201.0	158.0	196.0	196.0	206.0	171.0	226.0	175.0	264.0	178.0	255.0	248.0	263.0	206.0	283.0	219.0	297.0	219.0	363.0	187.0	0
80.0	200.0	75.0	215.0	100.0	198.0	161.0	164.0	141.0	179.0	176.0	213.0	173.0	236.0	165.0	252.0	179.0	185.0	201.0	159.0	198.0	197.0	205.0	171.0	224.0	176.0	263.0	178.0	254.0	248.0	261.0	205.0	282.0	219.0	297.0	219.0	361.0	184.0	0
82.0	201.0	77.0	214.0	102.0	198.0	161.0	164.0	146.0	179.0	175.0	211.0	172.0	234.0	163.0	250.0	180.0	185.0	202.0	160.0	198.0	196.0	206.0	172.0	225.0	176.0	263.0	179.0	252.0	247.0	260.0	206.0	281.0	219.0	294.0	219.0	354.0	188.0	0
70.0	200.0	66.0	216.0	93.0	198.0	159.0	161.0	141.0	177.0	172.0	214.0	170.0	237.0	160.0	255.0	181.0	185.0	202.0	155.0	196.0	196.0	206.0	168.0	228.0	174.0	268.0	176.0	258.0	251.0	266.0	208.0	286.0	221.0	300.0	221.0	370.0	186.0	0
82.0	201.0	79.0	216.0	101.0	199.0	159.0	164.0	143.0	179.0	173.0	211.0	172.0	235.0	163.0	250.0	179.0	186.0	197.0	158.0	195.0	196.0	202.0	171.0	222.0	176.0	267.0	179.0	251.0	248.0	264.0	208.0	280.0	219.0	296.0	220.0	361.0	182.0	0
71.0	198.0	66.0	213.0	96.0	196.0	160.0	163.0	143.0	179.0	176.0	213.0	171.0	236.0	161.0	252.0	182.0	186.0	204.0	158.0	198.0	196.0	208.0	170.0	229.0	176.0	269.0	179.0	255.0	251.0	263.0	206.0	284.0	220.0	298.0	220.0	363.0	184.0	0
76.0	200.0	72.0	215.0	101.0	197.0	159.0	165.0	143.0	180.0	175.0	212.0	172.0	235.0	163.0	250.0	182.0	188.0	200.0	159.0	195.0	196.0	205.0	172.0	225.0	177.0	267.0	179.0	254.0	248.0	263.0	206.0	284.0	220.0	298.0	220.0	364.0	184.0	0
71.0	198.0	66.0	213.0	94.0	196.0	157.0	161.0	138.0	177.0	173.0	214.0	168.0	237.0	158.0	253.0	178.0	186.0	200.0	156.0	197.0	199.0	205.0	169.0	228.0	175.0	272.0	177.0	259.0	251.0	268.0	208.0	288.0	220.0	302.0	220.0	376.0	181.0	0
77.0	202.0	73.0	217.0	96.0	199.0	156.0	163.0	140.0	179.0	174.0	212.0	172.0	235.0	163.0	252.0	179.0	184.0	201.0	157.0	199.0	197.0	205.0	169.0	224.0	174.0	264.0	176.0	258.0	249.0	268.0	209.0	286.0	220.0	300.0	220.0	364.0	184.0	0
74.0	200.0	71.0	215.0	98.0	197.0	158.0	164.0	140.0	179.0	175.0	213.0	172.0	236.0	164.0	252.0	179.0	186.0	202.0	158.0	196.0	196.0	205.0	170.0	227.0	175.0	271.0	178.0	259.0	249.0	266.0	207.0	287.0	220.0	301.0	220.0	367.0	183.0	0
81.0	200.0	79.0	215.0	101.0	198.0	159.0	165.0	141.0	180.0	176.0	213.0	173.0	235.0	164.0	252.0	180.0	186.0	201.0	159.0	197.0	198.0	204.0	171.0	224.0	176.0	265.0	178.0	256.0	248.0	263.0	206.0	284.0	219.0	298.0	219.0	362.0	184.0	0
75.0	201.0	72.0	215.0	98.0	198.0	158.0	164.0	142.0	179.0	173.0	212.0	170.0	235.0	162.0	251.0	177.0	185.0	201.0	158.0	195.0	197.0	204.0	170.0	226.0	175.0	267.0	178.0	254.0	248.0	264.0	206.0	284.0	219.0	299.0	220.0	365.0	186.0	0
79.0	200.0	76.0	215.0	98.0	197.0	160.0	163.0	142.0	179.0	175.0	213.0	173.0	236.0	164.0	252.0	183.0	187.0	202.0	158.0	199.0	198.0	208.0	171.0	227.0	176.0	267.0	178.0	256.0	249.0	264.0	207.0	282.0	219.0	297.0	219.0	362.0	184.0	0
70.0	200.0	65.0	215.0	90.0	198.0	157.0	161.0	135.0	178.0	175.0	216.0	171.0	240.0	163.0	257.0	180.0	185.0	201.0	155.0	197.0	196.0	206.0	169.0	226.0	173.0	267.0	176.0	261.0	253.0	265.0	206.0	289.0	222.0	305.0	221.0	371.0	181.0	0
69.0	200.0	65.0	217.0	95.0	197.0	158.0	162.0	139.0	178.0	174.0	214.0	170.0	238.0	159.0	255.0	180.0	185.0	202.0	155.0	198.0	195.0	205.0	169.0	227.0	174.0	268.0	177.0	257.0	254.0	268.0	209.0	290.0	222.0	303.0	222.0	369.0	182.0	0
73.0	200.0	69.0	216.0	95.0	197.0	160.0	163.0	143.0	177.0	175.0	213.0	173.0	237.0	162.0	254.0	183.0	186.0	203.0	157.0	197.0	197.0	208.0	170.0	228.0	176.0	266.0	178.0	258.0	249.0	267.0	207.0	285.0	220.0	300.0	220.0	369.0	185.0	0
81.0	200.0	78.0	214.0	101.0	198.0	165.0	164.0	148.0	179.0	176.0	212.0	175.0	235.0	165.0	251.0	180.0	185.0	200.0	159.0	196.0	195.0	205.0	171.0	225.0	175.0	265.0	178.0	252.0	247.0	262.0	206.0	283.0	219.0	295.0	218.0	356.0	185.0	0
77.0	201.0	75.0	215.0	97.0	199.0	158.0	164.0	140.0	180.0	176.0	213.0	173.0	235.0	165.0	250.0	180.0	187.0	199.0	159.0	198.0	198.0	204.0	171.0	224.0	176.0	266.0	177.0	257.0	247.0	262.0	206.0	284.0	219.0	297.0	219.0	362.0	185.0	0
73.0	201.0	71.0	217.0	96.0	198.0	159.0	164.0	142.0	178.0	175.0	212.0	173.0	236.0	165.0	252.0	181.0	185.0	203.0	158.0	198.0	197.0	206.0	170.0	225.0	175.0	269.0	177.0	255.0	249.0	264.0	206.0	288.0	220.0	302.0	220.0	366.0	185.0	0
76.0	199.0	73.0	214.0	97.0	197.0	161.0	163.0	140.0	180.0	175.0	214.0	171.0	236.0	162.0	253.0	179.0	185.0	202.0	157.0	197.0	197.0	206.0	169.0	228.0	175.0	265.0	177.0	252.0	248.0	263.0	207.0	280.0	219.0	295.0	220.0	363.0	188.0	0
83.0	199.0	78.0	214.0	104.0	197.0	160.0	166.0	142.0	180.0	176.0	212.0	174.0	235.0	164.0	251.0	181.0	186.0	198.0	160.0	198.0	197.0	202.0	172.0	222.0	177.0	263.0	179.0	251.0	246.0	257.0	204.0	279.0	218.0	291.0	218.0	354.0	185.0	0
73.0	200.0	68.0	215.0	95.0	198.0	157.0	162.0	138.0	178.0	173.0	214.0	170.0	236.0	161.0	254.0	180.0	185.0	201.0	156.0	196.0	197.0	205.0	168.0	227.0	174.0	272.0	178.0	254.0	250.0	265.0	206.0	286.0	220.0	300.0	221.0	370.0	186.0	0
73.0	200.0	70.0	216.0	97.0	198.0	156.0	164.0	139.0	180.0	174.0	213.0	173.0	236.0	164.0	252.0	178.0	187.0	199.0	156.0	195.0	196.0	203.0	171.0	224.0	176.0	269.0	177.0	259.0	248.0	265.0	205.0	288.0	220.0	302.0	219.0	370.0	183.0	0
98.0	191.0	100.0	249.0	103.0	180.0	174.0	160.0	162.0	172.0	182.0	201.0	177.0	220.0	166.0	233.0	123.0	180.0	191.0	181.0	202.0	192.0	211.0	165.0	228.0	177.0	260.0	184.0	241.0	241.0	254.0	206.0	270.0	220.0	281.0	220.0	337.0	199.0	0
67.0	201.0	62.0	216.0	93.0	198.0	154.0	162.0	138.0	177.0	170.0	214.0	170.0	238.0	160.0	256.0	177.0	186.0	199.0	155.0	192.0	196.0	203.0	168.0	225.0	174.0	274.0	178.0	259.0	253.0	270.0	208.0	291.0	222.0	306.0	222.0	376.0	181.0	0
72.0	201.0	67.0	216.0	95.0	199.0	156.0	162.0	140.0	178.0	175.0	214.0	173.0	238.0	163.0	256.0	177.0	185.0	199.0	155.0	196.0	196.0	204.0	168.0	224.0	173.0	271.0	176.0	259.0	253.0	268.0	207.0	290.0	221.0	307.0	222.0	373.0	183.0	0
79.0	203.0	75.0	217.0	101.0	200.0	158.0	164.0	142.0	180.0	177.0	214.0	174.0	236.0	165.0	252.0	178.0	186.0	197.0	157.0	199.0	197.0	202.0	170.0	225.0	175.0	267.0	178.0	258.0	249.0	261.0	205.0	284.0	220.0	300.0	220.0	363.0	184.0	0
71.0	201.0	66.0	216.0	93.0	198.0	157.0	162.0	141.0	178.0	174.0	214.0	170.0	238.0	161.0	255.0	177.0	184.0	202.0	156.0	196.0	197.0	204.0	168.0	229.0	174.0	269.0	177.0	256.0	252.0	267.0	207.0	289.0	222.0	305.0	223.0	371.0	183.0	0
72.0	202.0	69.0	216.0	98.0	198.0	156.0	164.0	141.0	179.0	175.0	213.0	171.0	235.0	163.0	252.0	180.0	185.0	198.0	157.0	197.0	196.0	203.0	169.0	226.0	175.0	270.0	177.0	256.0	250.0	267.0	207.0	288.0	220.0	302.0	221.0	369.0	185.0	0
72.0	201.0	67.0	216.0	92.0	199.0	157.0	163.0	141.0	177.0	174.0	213.0	170.0	237.0	161.0	253.0	179.0	185.0	200.0	157.0	194.0	196.0	205.0	170.0	226.0	174.0	270.0	177.0	258.0	251.0	268.0	208.0	290.0	221.0	303.0	221.0	373.0	186.0	0
69.0	201.0	64.0	217.0	92.0	198.0	154.0	161.0	137.0	177.0	174.0	214.0	169.0	236.0	159.0	254.0	178.0	183.0	202.0	154.0	200.0	197.0	205.0	167.0	228.0	174.0	272.0	177.0	259.0	250.0	267.0	206.0	291.0	221.0	304.0	221.0	375.0	185.0	0
70.0	201.0	66.0	216.0	93.0	199.0	155.0	162.0	136.0	179.0	173.0	214.0	168.0	238.0	158.0	255.0	178.0	185.0	202.0	155.0	195.0	196.0	206.0	168.0	228.0	174.0	269.0	177.0	258.0	253.0	267.0	208.0	290.0	222.0	302.0	222.0	370.0	185.0	0
74.0	200.0	69.0	215.0	95.0	198.0	157.0	164.0	139.0	180.0	173.0	214.0	171.0	236.0	161.0	253.0	180.0	187.0	200.0	157.0	196.0	197.0	205.0	170.0	225.0	175.0	267.0	178.0	254.0	249.0	266.0	208.0	283.0	220.0	297.0	221.0	368.0	186.0	0
74.0	199.0	68.0	214.0	95.0	197.0	159.0	162.0	141.0	178.0	173.0	215.0	171.0	238.0	161.0	255.0	181.0	185.0	202.0	156.0	198.0	197.0	206.0	170.0	228.0	175.0	271.0	179.0	256.0	251.0	264.0	205.0	287.0	220.0	301.0	220.0	367.0	185.0	0
74.0	202.0	70.0	218.0	96.0	200.0	157.0	163.0	138.0	179.0	174.0	214.0	174.0	238.0	164.0	254.0	179.0	185.0	199.0	157.0	197.0	196.0	203.0	170.0	224.0	176.0	270.0	179.0	262.0	249.0	266.0	206.0	288.0	220.0	301.0	219.0	368.0	185.0	0
71.0	200.0	67.0	214.0	95.0	198.0	159.0	163.0	139.0	179.0	174.0	213.0	170.0	236.0	161.0	252.0	180.0	185.0	202.0	157.0	197.0	196.0	207.0	169.0	229.0	175.0	274.0	179.0	255.0	249.0	268.0	207.0	287.0	220.0	300.0	220.0	367.0	186.0	0
77.0	200.0	71.0	215.0	97.0	197.0	161.0	162.0	146.0	178.0	174.0	214.0	169.0	236.0	158.0	253.0	181.0	185.0	201.0	156.0	196.0	196.0	206.0	169.0	226.0	173.0	269.0	177.0	255.0	251.0	266.0	209.0	285.0	223.0	300.0	223.0	363.0	184.0	0
76.0	201.0	72.0	217.0	100.0	198.0	157.0	164.0	142.0	178.0	173.0	213.0	171.0	235.0	162.0	253.0	181.0	186.0	199.0	158.0	193.0	195.0	203.0	170.0	226.0	175.0	269.0	177.0	254.0	248.0	264.0	207.0	283.0	220.0	298.0	220.0	363.0	186.0	0
75.0	200.0	72.0	215.0	95.0	198.0	157.0	165.0	140.0	180.0	174.0	213.0	170.0	236.0	162.0	251.0	181.0	187.0	201.0	158.0	194.0	196.0	205.0	170.0	225.0	175.0	265.0	178.0	259.0	248.0	264.0	206.0	285.0	219.0	299.0	219.0	364.0	183.0	0
77.0	200.0	71.0	215.0	100.0	198.0	161.0	163.0	143.0	179.0	177.0	213.0	174.0	237.0	164.0	253.0	180.0	184.0	202.0	157.0	197.0	196.0	206.0	170.0	227.0	175.0	268.0	178.0	260.0	248.0	265.0	207.0	286.0	219.0	299.0	219.0	367.0	184.0	0
86.0	201.0	81.0	216.0	104.0	198.0	160.0	165.0	144.0	180.0	175.0	212.0	173.0	233.0	164.0	249.0	183.0	186.0	198.0	160.0	196.0	196.0	203.0	172.0	224.0	177.0	268.0	181.0	250.0	246.0	259.0	206.0	280.0	218.0	292.0	218.0	351.0	186.0	0
70.0	201.0	67.0	215.0	95.0	198.0	161.0	162.0	144.0	177.0	174.0	212.0	169.0	235.0	158.0	251.0	182.0	185.0	202.0	157.0	196.0	195.0	206.0	168.0	227.0	174.0	270.0	178.0	257.0	249.0	264.0	208.0	285.0	221.0	301.0	221.0	367.0	185.0	0
75.0	200.0	69.0	215.0	97.0	197.0	157.0	162.0	141.0	178.0	173.0	213.0	169.0	236.0	160.0	253.0	179.0	186.0	200.0	157.0	196.0	197.0	204.0	170.0	224.0	174.0	266.0	177.0	258.0	250.0	266.0	208.0	286.0	220.0	302.0	220.0	368.0	183.0	0
76.0	201.0	73.0	216.0	97.0	198.0	158.0	162.0	141.0	178.0	176.0	213.0	172.0	236.0	163.0	251.0	180.0	185.0	200.0	156.0	200.0	197.0	203.0	169.0	227.0	175.0	268.0	178.0	257.0	250.0	265.0	207.0	287.0	221.0	299.0	220.0	363.0	184.0	0
73.0	201.0	70.0	216.0	96.0	198.0	157.0	164.0	140.0	179.0	173.0	213.0	170.0	236.0	161.0	252.0	180.0	186.0	201.0	158.0	198.0	197.0	206.0	171.0	227.0	176.0	270.0	179.0	260.0	250.0	266.0	207.0	285.0	220.0	301.0	221.0	367.0	185.0	0
75.0	199.0	71.0	215.0	96.0	197.0	161.0	163.0	144.0	178.0	173.0	214.0	171.0	238.0	160.0	254.0	182.0	186.0	203.0	157.0	196.0	196.0	207.0	170.0	227.0	176.0	268.0	179.0	256.0	251.0	266.0	209.0	286.0	222.0	299.0	222.0	367.0	185.0	0
77.0	200.0	73.0	215.0	99.0	197.0	157.0	164.0	143.0	178.0	173.0	212.0	170.0	234.0	160.0	250.0	180.0	185.0	202.0	159.0	196.0	195.0	203.0	170.0	225.0	175.0	265.0	178.0	255.0	248.0	261.0	205.0	282.0	220.0	296.0	220.0	360.0	186.0	0
73.0	200.0	70.0	215.0	99.0	198.0	155.0	163.0	139.0	179.0	173.0	212.0	171.0	236.0	162.0	252.0	178.0	185.0	200.0	157.0	197.0	197.0	205.0	170.0	226.0	176.0	268.0	178.0	254.0	248.0	263.0	206.0	283.0	219.0	299.0	220.0	363.0	185.0	0
77.0	200.0	73.0	215.0	100.0	198.0	159.0	164.0	143.0	179.0	175.0	213.0	173.0	236.0	164.0	252.0	181.0	186.0	201.0	158.0	197.0	196.0	205.0	171.0	224.0	176.0	264.0	178.0	256.0	249.0	265.0	206.0	286.0	219.0	298.0	219.0	367.0	185.0	0
73.0	202.0	70.0	217.0	95.0	199.0	157.0	162.0	139.0	178.0	173.0	213.0	170.0	237.0	161.0	253.0	180.0	185.0	198.0	156.0	197.0	196.0	203.0	168.0	225.0	174.0	269.0	177.0	255.0	250.0	267.0	207.0	287.0	221.0	300.0	221.0	366.0	186.0	0
64.0	200.0	59.0	217.0	88.0	197.0	156.0	159.0	137.0	177.0	170.0	215.0	167.0	239.0	155.0	257.0	174.0	183.0	202.0	153.0	197.0	198.0	205.0	166.0	228.0	173.0	274.0	176.0	261.0	254.0	270.0	208.0	293.0	223.0	308.0	223.0	381.0	184.0	0
73.0	201.0	69.0	216.0	97.0	197.0	156.0	162.0	138.0	179.0	176.0	213.0	172.0	237.0	162.0	254.0	178.0	184.0	199.0	157.0	199.0	197.0	203.0	169.0	227.0	176.0	266.0	177.0	259.0	250.0	265.0	205.0	288.0	220.0	303.0	221.0	366.0	182.0	0
65.0	201.0	62.0	217.0	88.0	198.0	153.0	160.0	135.0	175.0	172.0	214.0	168.0	239.0	157.0	257.0	179.0	183.0	201.0	153.0	197.0	195.0	205.0	166.0	226.0	172.0	278.0	176.0	262.0	255.0	271.0	207.0	292.0	222.0	307.0	222.0	384.0	186.0	0
75.0	201.0	72.0	216.0	98.0	198.0	159.0	163.0	142.0	178.0	175.0	213.0	171.0	236.0	162.0	252.0	179.0	185.0	202.0	158.0	196.0	197.0	206.0	170.0	228.0	177.0	264.0	180.0	253.0	248.0	264.0	207.0	281.0	219.0	294.0	220.0	363.0	188.0	0
68.0	200.0	63.0	216.0	89.0	198.0	157.0	160.0	133.0	178.0	173.0	215.0	172.0	238.0	161.0	256.0	180.0	185.0	202.0	153.0	197.0	196.0	206.0	167.0	226.0	172.0	273.0	176.0	260.0	252.0	270.0	207.0	293.0	222.0	308.0	223.0	380.0	183.0	0
76.0	203.0	71.0	217.0	94.0	200.0	156.0	163.0	139.0	178.0	174.0	213.0	173.0	236.0	164.0	253.0	177.0	184.0	196.0	158.0	196.0	196.0	200.0	169.0	223.0	175.0	265.0	177.0	257.0	248.0	261.0	204.0	286.0	219.0	299.0	219.0	363.0	185.0	0
63.0	200.0	58.0	216.0	89.0	197.0	157.0	160.0	138.0	177.0	171.0	215.0	168.0	239.0	159.0	256.0	180.0	185.0	203.0	154.0	198.0	197.0	207.0	168.0	229.0	173.0	271.0	177.0	256.0	254.0	267.0	208.0	288.0	222.0	304.0	222.0	373.0	184.0	0
70.0	201.0	66.0	216.0	93.0	199.0	154.0	162.0	137.0	179.0	172.0	214.0	170.0	240.0	162.0	256.0	178.0	184.0	198.0	155.0	196.0	197.0	205.0	168.0	225.0	173.0	264.0	175.0	259.0	253.0	267.0	207.0	290.0	221.0	304.0	221.0	371.0	183.0	0
75.0	201.0	71.0	216.0	98.0	198.0	155.0	164.0	141.0	179.0	172.0	213.0	170.0	235.0	160.0	251.0	180.0	187.0	199.0	158.0	194.0	197.0	202.0	171.0	225.0	176.0	265.0	178.0	256.0	249.0	261.0	206.0	282.0	220.0	298.0	221.0	364.0	185.0	0
73.0	200.0	70.0	214.0	95.0	198.0	157.0	164.0	139.0	180.0	175.0	214.0	171.0	235.0	161.0	250.0	179.0	186.0	202.0	158.0	198.0	199.0	206.0	171.0	227.0	176.0	271.0	179.0	255.0	248.0	263.0	205.0	284.0	219.0	298.0	219.0	364.0	185.0	0
77.0	200.0	71.0	214.0	98.0	197.0	158.0	164.0	142.0	179.0	175.0	212.0	174.0	235.0	164.0	251.0	181.0	186.0	200.0	159.0	197.0	196.0	205.0	171.0	226.0	176.0	264.0	178.0	255.0	247.0	264.0	207.0	282.0	219.0	297.0	220.0	360.0	184.0	0
83.0	201.0	79.0	215.0	106.0	197.0	159.0	164.0	141.0	180.0	177.0	213.0	174.0	235.0	164.0	250.0	179.0	186.0	200.0	159.0	195.0	197.0	205.0	171.0	227.0	177.0	269.0	179.0	254.0	249.0	262.0	207.0	281.0	220.0	297.0	220.0	357.0	183.0	0
74.0	201.0	71.0	217.0	94.0	199.0	157.0	164.0	141.0	178.0	175.0	213.0	172.0	237.0	163.0	254.0	179.0	185.0	201.0	157.0	196.0	196.0	204.0	170.0	226.0	175.0	269.0	178.0	260.0	250.0	268.0	207.0	289.0	220.0	301.0	220.0	368.0	185.0	0
64.0	199.0	61.0	216.0	88.0	197.0	156.0	160.0	136.0	176.0	172.0	214.0	169.0	239.0	159.0	256.0	179.0	185.0	202.0	154.0	196.0	196.0	206.0	168.0	228.0	174.0	271.0	177.0	258.0	253.0	270.0	207.0	290.0	221.0	307.0	222.0	379.0	185.0	0
87.0	201.0	83.0	214.0	107.0	198.0	160.0	167.0	144.0	182.0	177.0	212.0	172.0	232.0	164.0	246.0	181.0	187.0	200.0	162.0	197.0	197.0	203.0	173.0	222.0	178.0	259.0	180.0	249.0	243.0	255.0	205.0	275.0	218.0	288.0	218.0	347.0	186.0	0
79.0	201.0	76.0	215.0	99.0	198.0	161.0	164.0	142.0	180.0	176.0	214.0	173.0	236.0	164.0	252.0	180.0	186.0	203.0	158.0	198.0	198.0	207.0	170.0	226.0	176.0	266.0	178.0	256.0	248.0	263.0	206.0	285.0	220.0	298.0	220.0	364.0	186.0	0
77.0	201.0	73.0	217.0	95.0	199.0	156.0	163.0	140.0	178.0	175.0	214.0	172.0	238.0	162.0	253.0	179.0	186.0	199.0	157.0	197.0	197.0	203.0	169.0	225.0	174.0	270.0	177.0	254.0	250.0	266.0	207.0	285.0	219.0	299.0	220.0	366.0	186.0	0
76.0	202.0	71.0	216.0	95.0	199.0	158.0	163.0	140.0	179.0	174.0	214.0	172.0	237.0	163.0	254.0	179.0	185.0	202.0	157.0	197.0	196.0	204.0	169.0	227.0	175.0	271.0	178.0	258.0	250.0	267.0	208.0	286.0	221.0	300.0	221.0	365.0	185.0	0
71.0	199.0	68.0	215.0	98.0	196.0	159.0	163.0	141.0	178.0	175.0	214.0	172.0	236.0	161.0	253.0	180.0	185.0	203.0	157.0	198.0	197.0	208.0	170.0	230.0	176.0	270.0	179.0	254.0	251.0	266.0	208.0	284.0	220.0	298.0	221.0	364.0	183.0	0
74.0	200.0	71.0	216.0	98.0	197.0	160.0	163.0	143.0	178.0	174.0	213.0	172.0	235.0	163.0	251.0	178.0	185.0	200.0	158.0	197.0	198.0	205.0	170.0	226.0	176.0	270.0	179.0	255.0	248.0	265.0	207.0	284.0	220.0	299.0	220.0	365.0	187.0	0
68.0	201.0	64.0	217.0	89.0	199.0	156.0	162.0	140.0	177.0	172.0	214.0	170.0	237.0	159.0	255.0	180.0	185.0	202.0	155.0	195.0	195.0	206.0	169.0	228.0	174.0	272.0	177.0	259.0	252.0	269.0	207.0	290.0	221.0	305.0	222.0	375.0	187.0	0
67.0	199.0	62.0	217.0	94.0	197.0	158.0	162.0	142.0	176.0	171.0	214.0	167.0	237.0	158.0	255.0	176.0	183.0	201.0	156.0	195.0	196.0	205.0	168.0	225.0	174.0	274.0	178.0	259.0	252.0	269.0	207.0	290.0	222.0	305.0	222.0	378.0	185.0	0
69.0	202.0	64.0	218.0	92.0	199.0	153.0	162.0	134.0	178.0	172.0	213.0	170.0	238.0	161.0	255.0	174.0	183.0	199.0	154.0	197.0	196.0	204.0	167.0	225.0	172.0	272.0	175.0	261.0	251.0	269.0	207.0	291.0	220.0	307.0	221.0	379.0	186.0	0
76.0	201.0	70.0	216.0	96.0	199.0	159.0	163.0	140.0	179.0	178.0	215.0	174.0	237.0	164.0	253.0	179.0	185.0	201.0	157.0	198.0	197.0	204.0	169.0	225.0	175.0	265.0	177.0	257.0	250.0	264.0	206.0	285.0	219.0	299.0	219.0	362.0	185.0	0
77.0	200.0	74.0	215.0	100.0	197.0	158.0	163.0	145.0	177.0	174.0	213.0	171.0	236.0	162.0	251.0	183.0	185.0	200.0	157.0	196.0	195.0	204.0	169.0	226.0	176.0	264.0	179.0	253.0	249.0	263.0	206.0	283.0	220.0	297.0	219.0	360.0	186.0	0
71.0	201.0	67.0	217.0	91.0	198.0	158.0	160.0	140.0	176.0	173.0	213.0	169.0	239.0	159.0	256.0	182.0	185.0	202.0	153.0	197.0	197.0	205.0	167.0	231.0	174.0	271.0	176.0	253.0	253.0	268.0	208.0	289.0	222.0	303.0	223.0	370.0	185.0	0
75.0	199.0	72.0	215.0	96.0	197.0	159.0	162.0	140.0	178.0	174.0	213.0	172.0	237.0	164.0	254.0	179.0	185.0	200.0	157.0	198.0	197.0	205.0	170.0	227.0	175.0	269.0	178.0	257.0	251.0	265.0	207.0	283.0	220.0	298.0	220.0	369.0	182.0	0
82.0	200.0	79.0	213.0	105.0	198.0	162.0	167.0	148.0	181.0	176.0	211.0	174.0	231.0	165.0	245.0	181.0	187.0	200.0	162.0	195.0	196.0	203.0	173.0	223.0	178.0	260.0	179.0	252.0	243.0	262.0	206.0	280.0	218.0	294.0	218.0	355.0	185.0	0
75.0	200.0	71.0	215.0	97.0	198.0	158.0	162.0	139.0	179.0	172.0	214.0	170.0	237.0	160.0	253.0	180.0	185.0	201.0	156.0	195.0	196.0	205.0	169.0	225.0	174.0	268.0	176.0	258.0	251.0	269.0	208.0	288.0	221.0	303.0	221.0	364.0	182.0	0
76.0	199.0	71.0	214.0	97.0	197.0	159.0	164.0	145.0	179.0	174.0	214.0	171.0	237.0	162.0	253.0	180.0	186.0	201.0	158.0	197.0	197.0	206.0	170.0	223.0	175.0	268.0	177.0	257.0	251.0	264.0	207.0	286.0	220.0	301.0	220.0	365.0	182.0	0
79.0	201.0	76.0	214.0	101.0	199.0	159.0	165.0	141.0	180.0	176.0	212.0	174.0	235.0	165.0	250.0	181.0	187.0	201.0	160.0	197.0	197.0	204.0	172.0	225.0	177.0	268.0	179.0	255.0	247.0	260.0	205.0	282.0	219.0	295.0	219.0	354.0	185.0	0
76.0	200.0	72.0	215.0	98.0	198.0	157.0	164.0	143.0	177.0	173.0	214.0	170.0	237.0	162.0	252.0	178.0	185.0	202.0	157.0	196.0	197.0	205.0	170.0	227.0	176.0	269.0	178.0	258.0	250.0	264.0	206.0	285.0	220.0	301.0	220.0	365.0	184.0	0
79.0	200.0	74.0	214.0	100.0	198.0	161.0	163.0	143.0	178.0	176.0	213.0	172.0	236.0	163.0	251.0	179.0	185.0	203.0	159.0	199.0	197.0	205.0	170.0	228.0	176.0	268.0	179.0	254.0	248.0	263.0	206.0	284.0	220.0	297.0	220.0	361.0	185.0	0
73.0	202.0	70.0	217.0	96.0	199.0	155.0	163.0	139.0	180.0	173.0	214.0	168.0	236.0	160.0	252.0	177.0	185.0	198.0	156.0	197.0	198.0	203.0	169.0	224.0	175.0	268.0	177.0	257.0	250.0	267.0	209.0	287.0	222.0	302.0	222.0	370.0	183.0	0
72.0	200.0	68.0	215.0	98.0	198.0	159.0	163.0	142.0	178.0	175.0	213.0	170.0	236.0	162.0	253.0	180.0	184.0	204.0	157.0	200.0	197.0	207.0	169.0	227.0	175.0	267.0	177.0	256.0	249.0	265.0	207.0	284.0	220.0	299.0	220.0	367.0	186.0	0
73.0	200.0	68.0	215.0	96.0	197.0	155.0	164.0	140.0	178.0	172.0	213.0	170.0	235.0	160.0	253.0	182.0	186.0	204.0	158.0	195.0	196.0	209.0	170.0	228.0	175.0	272.0	179.0	255.0	250.0	266.0	208.0	285.0	221.0	299.0	221.0	367.0	185.0	0
71.0	200.0	69.0	214.0	94.0	197.0	156.0	164.0	138.0	179.0	174.0	213.0	171.0	236.0	161.0	252.0	181.0	186.0	201.0	159.0	196.0	197.0	206.0	171.0	226.0	175.0	267.0	177.0	258.0	248.0	265.0	206.0	286.0	220.0	298.0	219.0	366.0	185.0	0
68.0	200.0	63.0	215.0	92.0	198.0	154.0	163.0	137.0	178.0	174.0	213.0	172.0	237.0	161.0	253.0	180.0	185.0	200.0	157.0	197.0	196.0	204.0	168.0	226.0	174.0	266.0	176.0	259.0	252.0	268.0	207.0	289.0	221.0	304.0	221.0	373.0	182.0	0
73.0	200.0	69.0	216.0	94.0	198.0	157.0	163.0	139.0	178.0	175.0	213.0	172.0	236.0	161.0	253.0	180.0	185.0	202.0	157.0	198.0	196.0	205.0	170.0	227.0	174.0	271.0	178.0	257.0	250.0	266.0	206.0	289.0	221.0	303.0	221.0	366.0	185.0	0
83.0	201.0	80.0	215.0	105.0	199.0	160.0	166.0	143.0	181.0	175.0	213.0	174.0	234.0	165.0	250.0	178.0	186.0	199.0	160.0	196.0	196.0	203.0	172.0	222.0	177.0	265.0	179.0	255.0	247.0	261.0	205.0	285.0	220.0	296.0	219.0	356.0	184.0	0
71.0	201.0	67.0	215.0	99.0	198.0	156.0	163.0	140.0	179.0	173.0	213.0	170.0	237.0	160.0	252.0	179.0	186.0	200.0	157.0	197.0	198.0	206.0	170.0	227.0	176.0	273.0	179.0	257.0	251.0	266.0	207.0	288.0	221.0	303.0	222.0	367.0	181.0	0
78.0	202.0	74.0	216.0	100.0	200.0	157.0	165.0	141.0	180.0	177.0	213.0	174.0	235.0	166.0	250.0	183.0	187.0	202.0	159.0	198.0	197.0	206.0	170.0	228.0	176.0	267.0	179.0	256.0	247.0	265.0	207.0	284.0	220.0	298.0	219.0	358.0	186.0	0
69.0	201.0	65.0	215.0	95.0	198.0	159.0	163.0	144.0	177.0	174.0	212.0	172.0	236.0	163.0	253.0	185.0	187.0	199.0	157.0	195.0	196.0	203.0	170.0	227.0	176.0	274.0	179.0	255.0	248.0	267.0	206.0	288.0	220.0	303.0	220.0	368.0	185.0	0
75.0	200.0	71.0	215.0	96.0	198.0	158.0	163.0	139.0	179.0	173.0	214.0	170.0	236.0	161.0	252.0	181.0	186.0	201.0	157.0	197.0	197.0	205.0	169.0	225.0	174.0	269.0	178.0	254.0	250.0	265.0	208.0	284.0	220.0	297.0	219.0	362.0	186.0	0
71.0	202.0	66.0	216.0	95.0	199.0	157.0	163.0	138.0	179.0	176.0	214.0	172.0	238.0	163.0	254.0	178.0	186.0	201.0	157.0	196.0	198.0	206.0	170.0	226.0	175.0	267.0	177.0	260.0	251.0	263.0	205.0	288.0	221.0	302.0	221.0	372.0	186.0	0
66.0	200.0	65.0	217.0	91.0	197.0	155.0	160.0	139.0	176.0	171.0	213.0	169.0	237.0	159.0	254.0	178.0	183.0	201.0	154.0	197.0	196.0	204.0	168.0	228.0	174.0	271.0	177.0	260.0	251.0	267.0	205.0	290.0	221.0	307.0	222.0	378.0	186.0	0
68.0	200.0	59.0	215.0	91.0	198.0	157.0	161.0	141.0	177.0	176.0	215.0	172.0	239.0	161.0	257.0	186.0	187.0	200.0	155.0	200.0	197.0	206.0	169.0	231.0	175.0	271.0	178.0	259.0	252.0	266.0	206.0	289.0	220.0	304.0	220.0	370.0	183.0	0
81.0	200.0	77.0	214.0	102.0	197.0	161.0	164.0	145.0	179.0	176.0	212.0	174.0	234.0	164.0	249.0	182.0	186.0	200.0	160.0	199.0	196.0	206.0	172.0	228.0	177.0	266.0	178.0	253.0	247.0	262.0	205.0	282.0	218.0	295.0	218.0	357.0	186.0	0
64.0	199.0	59.0	216.0	94.0	196.0	156.0	161.0	138.0	176.0	172.0	214.0	167.0	238.0	156.0	256.0	179.0	185.0	201.0	154.0	197.0	197.0	206.0	168.0	231.0	175.0	276.0	177.0	260.0	255.0	270.0	207.0	294.0	223.0	309.0	223.0	381.0	182.0	0
60.0	201.0	57.0	218.0	85.0	198.0	156.0	158.0	136.0	174.0	173.0	214.0	171.0	239.0	161.0	258.0	181.0	183.0	203.0	152.0	196.0	195.0	209.0	166.0	230.0	171.0	275.0	175.0	262.0	254.0	273.0	207.0	294.0	222.0	310.0	222.0	385.0	187.0	0
86.0	202.0	83.0	217.0	106.0	199.0	160.0	167.0	148.0	180.0	176.0	211.0	175.0	233.0	166.0	248.0	185.0	188.0	201.0	161.0	197.0	197.0	205.0	172.0	224.0	176.0	260.0	178.0	253.0	244.0	262.0	207.0	280.0	219.0	293.0	218.0	355.0	187.0	0
73.0	199.0	69.0	214.0	92.0	197.0	157.0	162.0	138.0	178.0	173.0	214.0	168.0	237.0	158.0	254.0	182.0	186.0	203.0	157.0	196.0	197.0	206.0	170.0	228.0	175.0	270.0	178.0	258.0	253.0	265.0	206.0	290.0	222.0	304.0	222.0	369.0	184.0	0
61.0	201.0	56.0	217.0	87.0	198.0	155.0	160.0	136.0	176.0	172.0	213.0	169.0	237.0	158.0	254.0	180.0	183.0	201.0	154.0	196.0	195.0	206.0	168.0	229.0	173.0	279.0	176.0	263.0	253.0	271.0	205.0	297.0	221.0	312.0	221.0	385.0	184.0	0
65.0	199.0	60.0	216.0	90.0	197.0	155.0	160.0	134.0	178.0	170.0	215.0	166.0	239.0	156.0	258.0	181.0	186.0	200.0	154.0	198.0	197.0	205.0	169.0	226.0	174.0	273.0	177.0	259.0	255.0	271.0	208.0	294.0	223.0	309.0	223.0	379.0	181.0	0
70.0	199.0	66.0	215.0	94.0	196.0	159.0	161.0	141.0	177.0	174.0	212.0	171.0	237.0	161.0	254.0	181.0	185.0	203.0	155.0	197.0	196.0	209.0	168.0	233.0	176.0	271.0	178.0	260.0	251.0	267.0	207.0	288.0	221.0	301.0	221.0	371.0	183.0	0
77.0	201.0	73.0	216.0	93.0	198.0	155.0	163.0	137.0	179.0	174.0	214.0	171.0	237.0	163.0	254.0	179.0	185.0	201.0	156.0	197.0	198.0	205.0	168.0	227.0	174.0	267.0	176.0	259.0	250.0	265.0	205.0	288.0	220.0	301.0	219.0	367.0	184.0	0
74.0	200.0	70.0	214.0	98.0	198.0	158.0	162.0	140.0	179.0	175.0	214.0	173.0	237.0	162.0	254.0	184.0	187.0	200.0	156.0	198.0	197.0	206.0	169.0	228.0	174.0	271.0	178.0	255.0	250.0	267.0	207.0	287.0	220.0	302.0	221.0	368.0	184.0	0
72.0	201.0	68.0	217.0	91.0	199.0	157.0	161.0	138.0	178.0	172.0	214.0	169.0	238.0	160.0	256.0	178.0	185.0	200.0	154.0	196.0	197.0	206.0	169.0	226.0	174.0	266.0	176.0	257.0	252.0	265.0	206.0	286.0	221.0	300.0	221.0	371.0	186.0	0
77.0	201.0	73.0	217.0	96.0	198.0	158.0	165.0	140.0	180.0	177.0	212.0	173.0	234.0	164.0	251.0	181.0	186.0	198.0	159.0	196.0	196.0	201.0	170.0	223.0	175.0	267.0	177.0	256.0	248.0	261.0	204.0	286.0	220.0	300.0	220.0	362.0	185.0	0
83.0	200.0	79.0	214.0	105.0	198.0	161.0	166.0	144.0	181.0	177.0	212.0	174.0	235.0	166.0	250.0	181.0	186.0	201.0	161.0	196.0	196.0	205.0	172.0	225.0	176.0	263.0	179.0	254.0	246.0	261.0	206.0	279.0	218.0	292.0	217.0	356.0	187.0	0
89.0	200.0	85.0	211.0	111.0	197.0	162.0	168.0	147.0	183.0	176.0	212.0	173.0	231.0	165.0	246.0	181.0	188.0	199.0	164.0	196.0	198.0	202.0	175.0	222.0	179.0	257.0	181.0	247.0	244.0	257.0	207.0	272.0	217.0	286.0	217.0	343.0	187.0	0
81.0	201.0	77.0	214.0	99.0	199.0	160.0	165.0	144.0	180.0	174.0	213.0	172.0	234.0	164.0	249.0	180.0	186.0	200.0	159.0	198.0	197.0	205.0	171.0	225.0	176.0	265.0	178.0	255.0	246.0	261.0	206.0	279.0	218.0	292.0	218.0	355.0	188.0	0
72.0	200.0	66.0	216.0	95.0	198.0	157.0	162.0	141.0	177.0	173.0	214.0	171.0	236.0	162.0	255.0	182.0	185.0	202.0	156.0	198.0	197.0	206.0	169.0	229.0	175.0	272.0	178.0	260.0	251.0	266.0	206.0	289.0	221.0	303.0	221.0	372.0	185.0	0
78.0	201.0	73.0	216.0	102.0	198.0	159.0	165.0	142.0	180.0	176.0	212.0	175.0	235.0	164.0	251.0	180.0	186.0	199.0	159.0	195.0	196.0	202.0	171.0	224.0	176.0	261.0	178.0	256.0	248.0	260.0	205.0	282.0	220.0	296.0	221.0	364.0	187.0	0
73.0	202.0	69.0	218.0	94.0	199.0	155.0	162.0	137.0	179.0	176.0	214.0	173.0	239.0	164.0	256.0	178.0	184.0	198.0	155.0	197.0	196.0	203.0	168.0	224.0	173.0	269.0	176.0	261.0	251.0	270.0	207.0	294.0	221.0	306.0	220.0	373.0	182.0	0
76.0	201.0	71.0	214.0	102.0	198.0	158.0	165.0	141.0	181.0	174.0	213.0	170.0	235.0	161.0	250.0	182.0	188.0	200.0	159.0	196.0	197.0	203.0	170.0	225.0	175.0	270.0	179.0	254.0	248.0	264.0	206.0	284.0	220.0	301.0	220.0	363.0	184.0	0
74.0	202.0	70.0	216.0	98.0	199.0	157.0	163.0	140.0	179.0	174.0	213.0	172.0	236.0	164.0	252.0	177.0	185.0	201.0	158.0	199.0	197.0	206.0	170.0	224.0	175.0	269.0	177.0	257.0	248.0	266.0	207.0	286.0	219.0	299.0	220.0	369.0	185.0	0
74.0	200.0	71.0	216.0	97.0	198.0	160.0	162.0	143.0	178.0	174.0	214.0	169.0	236.0	160.0	252.0	182.0	186.0	200.0	157.0	198.0	197.0	205.0	170.0	226.0	176.0	266.0	178.0	257.0	250.0	262.0	206.0	284.0	220.0	298.0	220.0	369.0	187.0	0
61.0	200.0	57.0	216.0	85.0	197.0	154.0	159.0	135.0	177.0	168.0	213.0	167.0	240.0	155.0	258.0	179.0	185.0	201.0	153.0	194.0	196.0	207.0	167.0	232.0	173.0	279.0	177.0	258.0	257.0	275.0	209.0	296.0	222.0	311.0	223.0	385.0	183.0	0
65.0	200.0	61.0	215.0	90.0	198.0	158.0	162.0	139.0	178.0	172.0	214.0	170.0	237.0	161.0	254.0	180.0	186.0	200.0	156.0	195.0	196.0	206.0	169.0	228.0	174.0	275.0	178.0	260.0	251.0	267.0	206.0	291.0	222.0	306.0	221.0	372.0	183.0	0
74.0	201.0	70.0	215.0	95.0	198.0	159.0	163.0	142.0	179.0	176.0	215.0	174.0	238.0	164.0	255.0	183.0	186.0	201.0	157.0	197.0	197.0	206.0	170.0	228.0	175.0	272.0	178.0	257.0	251.0	265.0	205.0	290.0	221.0	302.0	220.0	370.0	183.0	0
72.0	200.0	69.0	216.0	97.0	197.0	156.0	163.0	141.0	178.0	174.0	214.0	169.0	236.0	159.0	252.0	180.0	185.0	198.0	157.0	199.0	198.0	203.0	169.0	225.0	174.0	268.0	176.0	256.0	251.0	264.0	206.0	287.0	221.0	301.0	222.0	370.0	183.0	0
66.0	199.0	62.0	215.0	92.0	197.0	157.0	162.0	139.0	177.0	174.0	215.0	171.0	238.0	162.0	255.0	179.0	185.0	202.0	156.0	199.0	197.0	206.0	169.0	228.0	175.0	273.0	178.0	264.0	251.0	267.0	206.0	289.0	220.0	304.0	220.0	376.0	184.0	0
74.0	200.0	69.0	216.0	94.0	198.0	157.0	162.0	139.0	178.0	172.0	214.0	170.0	238.0	161.0	255.0	177.0	184.0	201.0	156.0	197.0	196.0	205.0	168.0	227.0	174.0	268.0	177.0	262.0	251.0	267.0	207.0	290.0	222.0	304.0	221.0	371.0	182.0	0
81.0	200.0	77.0	213.0	105.0	198.0	162.0	165.0	145.0	181.0	177.0	213.0	174.0	234.0	167.0	250.0	182.0	186.0	202.0	160.0	196.0	196.0	206.0	172.0	225.0	177.0	260.0	179.0	256.0	245.0	260.0	205.0	281.0	219.0	294.0	219.0	360.0	184.0	0
71.0	200.0	67.0	217.0	97.0	197.0	161.0	161.0	142.0	177.0	175.0	214.0	171.0	238.0	161.0	256.0	180.0	183.0	202.0	154.0	198.0	195.0	206.0	168.0	225.0	172.0	272.0	176.0	256.0	253.0	268.0	207.0	290.0	222.0	305.0	221.0	374.0	184.0	0
76.0	200.0	71.0	214.0	98.0	198.0	157.0	164.0	142.0	179.0	175.0	213.0	172.0	235.0	163.0	251.0	178.0	185.0	202.0	158.0	197.0	197.0	206.0	170.0	226.0	175.0	269.0	178.0	257.0	247.0	264.0	206.0	283.0	220.0	299.0	220.0	362.0	184.0	0
74.0	201.0	70.0	215.0	96.0	199.0	159.0	164.0	143.0	179.0	175.0	212.0	173.0	234.0	164.0	251.0	180.0	186.0	197.0	158.0	198.0	196.0	204.0	170.0	224.0	175.0	261.0	177.0	254.0	246.0	263.0	205.0	283.0	219.0	297.0	219.0	364.0	187.0	0
68.0	200.0	65.0	216.0	94.0	197.0	157.0	161.0	138.0	178.0	173.0	213.0	168.0	237.0	157.0	254.0	179.0	184.0	200.0	155.0	196.0	195.0	206.0	168.0	229.0	174.0	271.0	176.0	260.0	251.0	268.0	207.0	289.0	221.0	303.0	221.0	372.0	184.0	0
78.0	199.0	74.0	215.0	99.0	197.0	159.0	163.0	141.0	177.0	176.0	215.0	174.0	237.0	165.0	254.0	181.0	186.0	203.0	158.0	196.0	196.0	206.0	170.0	226.0	174.0	263.0	176.0	258.0	249.0	264.0	206.0	285.0	220.0	299.0	219.0	366.0	183.0	0
66.0	200.0	60.0	214.0	91.0	198.0	155.0	160.0	139.0	176.0	170.0	213.0	167.0	237.0	158.0	253.0	177.0	184.0	202.0	154.0	197.0	196.0	205.0	167.0	230.0	173.0	275.0	178.0	258.0	252.0	269.0	207.0	287.0	221.0	303.0	222.0	376.0	185.0	0
75.0	199.0	71.0	213.0	101.0	197.0	158.0	164.0	141.0	179.0	175.0	213.0	169.0	236.0	158.0	253.0	181.0	186.0	202.0	158.0	198.0	197.0	206.0	170.0	228.0	177.0	266.0	179.0	252.0	249.0	264.0	208.0	281.0	220.0	295.0	220.0	362.0	184.0	0
72.0	200.0	68.0	215.0	94.0	198.0	160.0	162.0	142.0	178.0	172.0	214.0	168.0	238.0	159.0	254.0	176.0	184.0	202.0	156.0	197.0	198.0	206.0	169.0	227.0	175.0	270.0	178.0	256.0	252.0	265.0	208.0	287.0	222.0	300.0	222.0	369.0	186.0	0
65.0	200.0	61.0	216.0	87.0	197.0	156.0	161.0	136.0	177.0	173.0	214.0	170.0	239.0	159.0	256.0	178.0	185.0	201.0	154.0	196.0	196.0	205.0	167.0	227.0	172.0	274.0	175.0	260.0	254.0	272.0	207.0	293.0	221.0	309.0	221.0	377.0	184.0	0
81.0	200.0	78.0	213.0	103.0	198.0	163.0	166.0	147.0	180.0	176.0	212.0	172.0	233.0	163.0	247.0	181.0	186.0	202.0	161.0	197.0	198.0	208.0	174.0	227.0	178.0	263.0	181.0	251.0	246.0	260.0	206.0	280.0	219.0	294.0	219.0	354.0	186.0	0
74.0	199.0	70.0	213.0	97.0	197.0	158.0	164.0	140.0	179.0	174.0	214.0	171.0	235.0	162.0	251.0	181.0	186.0	201.0	159.0	195.0	196.0	205.0	171.0	226.0	176.0	268.0	179.0	255.0	249.0	267.0	208.0	284.0	221.0	298.0	221.0	359.0	181.0	0
73.0	201.0	69.0	217.0	96.0	198.0	158.0	162.0	139.0	178.0	175.0	213.0	172.0	237.0	162.0	255.0	179.0	185.0	201.0	155.0	196.0	195.0	205.0	169.0	225.0	174.0	266.0	177.0	258.0	250.0	265.0	206.0	287.0	220.0	302.0	220.0	370.0	186.0	0
73.0	200.0	67.0	215.0	97.0	198.0	158.0	162.0	140.0	178.0	173.0	213.0	170.0	237.0	160.0	253.0	179.0	184.0	200.0	155.0	197.0	197.0	205.0	170.0	227.0	176.0	270.0	179.0	253.0	250.0	264.0	207.0	283.0	220.0	297.0	219.0	366.0	186.0	0
65.0	199.0	62.0	216.0	90.0	197.0	156.0	160.0	137.0	176.0	173.0	215.0	169.0	239.0	159.0	257.0	182.0	184.0	204.0	154.0	198.0	196.0	207.0	167.0	228.0	172.0	274.0	174.0	264.0	255.0	271.0	207.0	295.0	223.0	311.0	223.0	381.0	182.0	0
64.0	200.0	60.0	217.0	90.0	198.0	156.0	162.0	138.0	177.0	171.0	214.0	168.0	238.0	158.0	255.0	176.0	184.0	201.0	155.0	196.0	196.0	205.0	168.0	225.0	173.0	274.0	177.0	260.0	253.0	268.0	207.0	292.0	222.0	308.0	222.0	378.0	186.0	0
81.0	200.0	77.0	215.0	102.0	197.0	159.0	164.0	143.0	179.0	176.0	213.0	172.0	236.0	163.0	251.0	179.0	185.0	200.0	158.0	197.0	198.0	204.0	170.0	227.0	176.0	267.0	177.0	256.0	249.0	266.0	207.0	284.0	219.0	297.0	218.0	362.0	183.0	0
72.0	200.0	67.0	216.0	94.0	197.0	157.0	162.0	138.0	178.0	175.0	214.0	171.0	238.0	160.0	256.0	180.0	185.0	201.0	155.0	197.0	197.0	204.0	168.0	226.0	174.0	271.0	176.0	259.0	252.0	266.0	207.0	290.0	222.0	303.0	222.0	369.0	185.0	0
74.0	200.0	70.0	216.0	97.0	198.0	156.0	162.0	139.0	178.0	173.0	213.0	171.0	236.0	160.0	254.0	178.0	184.0	199.0	156.0	196.0	197.0	206.0	169.0	227.0	175.0	270.0	178.0	254.0	250.0	262.0	206.0	282.0	220.0	297.0	221.0	367.0	186.0	0
74.0	201.0	71.0	215.0	96.0	199.0	158.0	163.0	140.0	180.0	175.0	213.0	171.0	235.0	163.0	251.0	179.0	185.0	199.0	158.0	194.0	195.0	202.0	170.0	225.0	176.0	267.0	178.0	254.0	248.0	263.0	207.0	282.0	219.0	297.0	219.0	362.0	187.0	0
73.0	200.0	71.0	216.0	94.0	198.0	159.0	161.0	140.0	178.0	173.0	213.0	171.0	237.0	161.0	253.0	176.0	185.0	202.0	156.0	196.0	197.0	207.0	169.0	227.0	174.0	268.0	177.0	256.0	252.0	266.0	208.0	287.0	222.0	301.0	222.0	368.0	184.0	0
73.0	201.0	69.0	217.0	95.0	199.0	157.0	162.0	141.0	177.0	172.0	212.0	170.0	237.0	160.0	254.0	182.0	186.0	200.0	156.0	194.0	196.0	204.0	169.0	227.0	175.0	268.0	178.0	255.0	250.0	263.0	204.0	284.0	220.0	300.0	219.0	371.0	188.0	0
73.0	201.0	68.0	217.0	96.0	199.0	156.0	163.0	137.0	180.0	173.0	213.0	171.0	237.0	161.0	254.0	179.0	186.0	199.0	156.0	196.0	197.0	203.0	169.0	225.0	174.0	269.0	177.0	258.0	249.0	266.0	207.0	289.0	221.0	303.0	220.0	369.0	185.0	0
72.0	200.0	68.0	215.0	96.0	197.0	159.0	164.0	143.0	179.0	174.0	213.0	170.0	235.0	159.0	252.0	178.0	185.0	200.0	158.0	195.0	197.0	206.0	171.0	226.0	176.0	268.0	178.0	255.0	250.0	264.0	206.0	285.0	220.0	300.0	220.0	367.0	186.0	0
71.0	199.0	65.0	215.0	98.0	197.0	157.0	162.0	141.0	178.0	174.0	214.0	170.0	237.0	159.0	255.0	178.0	185.0	202.0	156.0	198.0	196.0	207.0	169.0	227.0	174.0	271.0	178.0	257.0	252.0	265.0	206.0	285.0	221.0	301.0	222.0	368.0	185.0	0
73.0	200.0	68.0	215.0	97.0	197.0	159.0	163.0	142.0	179.0	175.0	214.0	172.0	237.0	164.0	254.0	181.0	186.0	200.0	157.0	194.0	196.0	203.0	170.0	223.0	175.0	264.0	178.0	260.0	250.0	264.0	206.0	286.0	220.0	301.0	220.0	367.0	183.0	0
63.0	201.0	59.0	219.0	88.0	198.0	155.0	159.0	136.0	175.0	171.0	214.0	170.0	239.0	160.0	256.0	176.0	183.0	201.0	153.0	193.0	195.0	205.0	165.0	229.0	172.0	278.0	175.0	263.0	252.0	270.0	205.0	293.0	221.0	310.0	222.0	381.0	187.0	0
81.0	200.0	76.0	214.0	103.0	198.0	161.0	165.0	144.0	180.0	175.0	213.0	172.0	235.0	163.0	250.0	180.0	187.0	201.0	160.0	195.0	197.0	203.0	172.0	222.0	176.0	260.0	178.0	255.0	246.0	262.0	208.0	279.0	219.0	293.0	219.0	359.0	182.0	0
77.0	200.0	73.0	215.0	98.0	197.0	161.0	162.0	142.0	178.0	172.0	213.0	171.0	238.0	161.0	254.0	178.0	184.0	202.0	156.0	193.0	196.0	206.0	169.0	227.0	174.0	269.0	178.0	256.0	250.0	265.0	208.0	286.0	221.0	299.0	221.0	366.0	185.0	0
77.0	201.0	73.0	215.0	99.0	199.0	161.0	165.0	145.0	179.0	176.0	213.0	173.0	234.0	165.0	250.0	180.0	186.0	201.0	160.0	198.0	197.0	203.0	172.0	224.0	176.0	264.0	179.0	254.0	247.0	261.0	206.0	281.0	219.0	294.0	219.0	355.0	186.0	0
73.0	201.0	70.0	217.0	94.0	198.0	159.0	162.0	140.0	178.0	174.0	214.0	168.0	237.0	158.0	253.0	177.0	185.0	198.0	157.0	197.0	198.0	204.0	169.0	224.0	174.0	270.0	178.0	260.0	252.0	263.0	206.0	289.0	222.0	304.0	221.0	371.0	185.0	0
83.0	200.0	77.0	214.0	104.0	198.0	162.0	165.0	143.0	181.0	176.0	214.0	175.0	234.0	166.0	248.0	181.0	187.0	203.0	160.0	197.0	198.0	205.0	172.0	224.0	178.0	260.0	179.0	254.0	245.0	260.0	206.0	280.0	219.0	292.0	218.0	356.0	185.0	0
79.0	201.0	76.0	216.0	98.0	198.0	160.0	163.0	142.0	179.0	176.0	213.0	173.0	236.0	165.0	252.0	178.0	185.0	199.0	158.0	197.0	197.0	205.0	170.0	225.0	176.0	264.0	177.0	256.0	248.0	262.0	206.0	283.0	219.0	298.0	220.0	363.0	183.0	0
59.0	199.0	55.0	214.0	87.0	196.0	157.0	159.0	136.0	177.0	173.0	213.0	170.0	237.0	158.0	254.0	181.0	185.0	202.0	154.0	199.0	197.0	212.0	170.0	235.0	177.0	272.0	180.0	257.0	252.0	268.0	206.0	287.0	220.0	304.0	221.0	381.0	184.0	0
85.0	200.0	81.0	213.0	107.0	197.0	160.0	166.0	147.0	180.0	178.0	212.0	174.0	234.0	166.0	248.0	182.0	186.0	203.0	160.0	200.0	198.0	206.0	172.0	226.0	178.0	263.0	180.0	252.0	244.0	258.0	206.0	274.0	218.0	291.0	218.0	351.0	184.0	0
71.0	200.0	67.0	216.0	98.0	198.0	159.0	162.0	140.0	178.0	174.0	213.0	171.0	237.0	161.0	254.0	177.0	184.0	202.0	155.0	198.0	196.0	207.0	168.0	228.0	174.0	268.0	176.0	253.0	253.0	264.0	207.0	285.0	222.0	299.0	223.0	368.0	186.0	0
72.0	202.0	69.0	217.0	94.0	199.0	156.0	163.0	139.0	178.0	175.0	214.0	173.0	237.0	163.0	253.0	180.0	186.0	199.0	157.0	196.0	196.0	204.0	170.0	223.0	174.0	269.0	177.0	258.0	250.0	268.0	207.0	290.0	220.0	304.0	220.0	366.0	185.0	0
72.0	200.0	68.0	216.0	94.0	199.0	159.0	161.0	138.0	178.0	175.0	213.0	173.0	238.0	163.0	255.0	179.0	184.0	201.0	155.0	196.0	196.0	205.0	168.0	228.0	173.0	269.0	177.0	255.0	251.0	266.0	206.0	286.0	220.0	302.0	221.0	370.0	185.0	0
63.0	201.0	58.0	215.0	88.0	198.0	154.0	160.0	137.0	176.0	171.0	215.0	167.0	239.0	158.0	256.0	178.0	184.0	201.0	154.0	195.0	195.0	205.0	166.0	228.0	172.0	274.0	176.0	262.0	253.0	268.0	207.0	292.0	222.0	309.0	222.0	377.0	184.0	0
73.0	199.0	70.0	214.0	97.0	197.0	158.0	162.0	139.0	178.0	172.0	212.0	170.0	236.0	160.0	252.0	180.0	186.0	201.0	157.0	194.0	196.0	205.0	170.0	228.0	177.0	271.0	178.0	254.0	250.0	265.0	208.0	285.0	222.0	299.0	222.0	367.0	183.0	0
72.0	199.0	68.0	216.0	93.0	197.0	157.0	162.0	139.0	177.0	175.0	214.0	173.0	238.0	163.0	256.0	178.0	183.0	203.0	156.0	200.0	197.0	206.0	169.0	228.0	174.0	270.0	176.0	262.0	252.0	266.0	205.0	291.0	222.0	307.0	222.0	374.0	181.0	0
81.0	199.0	77.0	213.0	104.0	196.0	160.0	166.0	145.0	179.0	176.0	211.0	173.0	232.0	164.0	248.0	180.0	185.0	199.0	160.0	197.0	197.0	205.0	172.0	224.0	177.0	270.0	180.0	251.0	245.0	259.0	204.0	280.0	218.0	294.0	218.0	356.0	185.0	0
72.0	200.0	69.0	216.0	95.0	197.0	156.0	163.0	136.0	179.0	174.0	215.0	171.0	238.0	162.0	254.0	178.0	185.0	201.0	156.0	201.0	198.0	206.0	169.0	226.0	174.0	266.0	177.0	257.0	252.0	265.0	208.0	286.0	221.0	299.0	221.0	368.0	184.0	0
80.0	201.0	76.0	214.0	103.0	198.0	160.0	164.0	144.0	179.0	177.0	211.0	175.0	234.0	167.0	249.0	183.0	186.0	201.0	159.0	196.0	195.0	206.0	171.0	225.0	175.0	268.0	178.0	254.0	247.0	262.0	205.0	281.0	218.0	295.0	218.0	356.0	185.0	0
75.0	200.0	71.0	217.0	97.0	198.0	159.0	163.0	143.0	178.0	174.0	214.0	171.0	237.0	163.0	254.0	180.0	185.0	202.0	158.0	198.0	197.0	204.0	170.0	226.0	175.0	273.0	179.0	256.0	250.0	267.0	208.0	288.0	221.0	301.0	220.0	368.0	184.0	0
70.0	201.0	66.0	216.0	93.0	199.0	154.0	161.0	139.0	176.0	173.0	214.0	172.0	238.0	161.0	255.0	179.0	184.0	199.0	155.0	194.0	194.0	204.0	169.0	228.0	174.0	275.0	178.0	259.0	253.0	269.0	207.0	292.0	221.0	306.0	221.0	372.0	184.0	0
69.0	200.0	65.0	216.0	93.0	197.0	156.0	162.0	137.0	179.0	172.0	214.0	170.0	238.0	161.0	256.0	178.0	185.0	200.0	156.0	194.0	195.0	205.0	169.0	225.0	174.0	272.0	177.0	259.0	251.0	268.0	207.0	291.0	221.0	307.0	221.0	373.0	182.0	0
75.0	202.0	72.0	216.0	98.0	199.0	159.0	164.0	141.0	179.0	175.0	213.0	173.0	236.0	164.0	253.0	179.0	185.0	200.0	157.0	196.0	197.0	205.0	170.0	224.0	176.0	269.0	178.0	257.0	250.0	261.0	204.0	286.0	221.0	300.0	221.0	367.0	186.0	0
74.0	201.0	71.0	216.0	97.0	198.0	155.0	164.0	136.0	181.0	174.0	214.0	171.0	236.0	162.0	253.0	181.0	186.0	200.0	157.0	198.0	198.0	204.0	170.0	223.0	175.0	265.0	178.0	256.0	249.0	265.0	207.0	285.0	220.0	299.0	221.0	369.0	183.0	0
75.0	201.0	72.0	216.0	97.0	198.0	158.0	164.0	140.0	179.0	175.0	213.0	171.0	236.0	161.0	251.0	180.0	185.0	199.0	158.0	199.0	197.0	204.0	170.0	225.0	176.0	268.0	178.0	256.0	248.0	262.0	207.0	283.0	220.0	298.0	220.0	364.0	187.0	0
78.0	200.0	74.0	213.0	98.0	198.0	161.0	165.0	143.0	180.0	174.0	213.0	172.0	235.0	162.0	250.0	180.0	186.0	201.0	160.0	197.0	198.0	206.0	172.0	226.0	178.0	259.0	180.0	252.0	247.0	259.0	205.0	281.0	218.0	295.0	218.0	357.0	185.0	0
77.0	201.0	74.0	216.0	99.0	199.0	159.0	164.0	143.0	179.0	175.0	212.0	172.0	235.0	162.0	250.0	184.0	186.0	203.0	157.0	199.0	196.0	206.0	170.0	228.0	176.0	265.0	178.0	254.0	248.0	261.0	204.0	283.0	220.0	300.0	221.0	364.0	186.0	0
75.0	201.0	72.0	216.0	94.0	199.0	155.0	162.0	138.0	178.0	175.0	214.0	174.0	238.0	164.0	255.0	178.0	185.0	201.0	156.0	196.0	197.0	205.0	168.0	226.0	174.0	269.0	178.0	257.0	248.0	264.0	206.0	285.0	220.0	300.0	220.0	363.0	185.0	0
75.0	199.0	72.0	216.0	97.0	198.0	161.0	162.0	141.0	178.0	174.0	213.0	171.0	237.0	161.0	254.0	178.0	185.0	199.0	157.0	197.0	197.0	202.0	170.0	223.0	175.0	266.0	178.0	258.0	251.0	266.0	207.0	288.0	221.0	300.0	220.0	367.0	182.0	0
73.0	201.0	68.0	216.0	96.0	198.0	159.0	163.0	141.0	179.0	176.0	215.0	171.0	236.0	161.0	253.0	179.0	185.0	199.0	157.0	199.0	198.0	204.0	170.0	226.0	175.0	267.0	177.0	255.0	248.0	265.0	206.0	285.0	220.0	299.0	220.0	362.0	185.0	0
68.0	200.0	64.0	216.0	91.0	197.0	156.0	160.0	136.0	177.0	173.0	214.0	169.0	238.0	158.0	256.0	178.0	184.0	201.0	154.0	199.0	197.0	207.0	168.0	230.0	173.0	271.0	176.0	258.0	252.0	267.0	206.0	290.0	221.0	305.0	221.0	375.0	185.0	0
75.0	200.0	70.0	216.0	96.0	198.0	158.0	162.0	143.0	176.0	174.0	215.0	170.0	237.0	160.0	253.0	180.0	186.0	201.0	157.0	196.0	198.0	207.0	171.0	227.0	176.0	272.0	180.0	254.0	251.0	262.0	207.0	283.0	220.0	297.0	220.0	367.0	187.0	0
80.0	201.0	77.0	215.0	101.0	198.0	160.0	165.0	144.0	180.0	178.0	214.0	174.0	236.0	165.0	251.0	181.0	186.0	199.0	160.0	197.0	196.0	202.0	171.0	221.0	176.0	264.0	179.0	255.0	248.0	261.0	207.0	282.0	219.0	297.0	219.0	358.0	182.0	0
85.0	200.0	80.0	214.0	105.0	198.0	162.0	165.0	146.0	179.0	176.0	212.0	173.0	234.0	165.0	249.0	181.0	186.0	202.0	161.0	197.0	197.0	205.0	172.0	223.0	177.0	264.0	179.0	257.0	245.0	261.0	207.0	280.0	219.0	293.0	218.0	358.0	185.0	0
74.0	199.0	70.0	215.0	97.0	197.0	160.0	163.0	144.0	177.0	173.0	212.0	170.0	235.0	160.0	252.0	183.0	186.0	200.0	157.0	197.0	197.0	206.0	170.0	226.0	176.0	268.0	178.0	254.0	250.0	263.0	207.0	284.0	221.0	298.0	221.0	366.0	184.0	0
76.0	200.0	72.0	215.0	100.0	198.0	159.0	163.0	141.0	179.0	174.0	213.0	171.0	236.0	161.0	252.0	181.0	185.0	201.0	158.0	195.0	195.0	205.0	170.0	224.0	175.0	264.0	177.0	254.0	249.0	263.0	206.0	284.0	220.0	297.0	220.0	361.0	184.0	0
73.0	200.0	71.0	217.0	96.0	198.0	158.0	161.0	139.0	177.0	176.0	215.0	172.0	239.0	162.0	256.0	180.0	185.0	201.0	154.0	199.0	198.0	206.0	168.0	227.0	174.0	267.0	175.0	259.0	251.0	267.0	209.0	289.0	223.0	302.0	223.0	369.0	182.0	0
73.0	199.0	69.0	214.0	95.0	196.0	159.0	163.0	141.0	178.0	174.0	213.0	171.0	236.0	161.0	253.0	185.0	187.0	205.0	158.0	198.0	197.0	209.0	171.0	228.0	176.0	271.0	179.0	255.0	249.0	261.0	205.0	285.0	220.0	298.0	220.0	365.0	184.0	0
80.0	200.0	76.0	213.0	103.0	198.0	161.0	165.0	144.0	180.0	174.0	213.0	171.0	235.0	163.0	250.0	181.0	185.0	201.0	159.0	196.0	196.0	206.0	171.0	225.0	176.0	266.0	178.0	251.0	247.0	262.0	206.0	281.0	219.0	294.0	218.0	359.0	187.0	0
76.0	200.0	70.0	215.0	98.0	198.0	158.0	162.0	139.0	178.0	172.0	212.0	170.0	236.0	159.0	253.0	179.0	185.0	203.0	156.0	195.0	196.0	207.0	169.0	228.0	174.0	273.0	179.0	254.0	251.0	266.0	208.0	285.0	222.0	300.0	222.0	368.0	185.0	0
57.0	200.0	54.0	217.0	85.0	197.0	153.0	159.0	133.0	175.0	170.0	215.0	169.0	241.0	159.0	260.0	178.0	184.0	200.0	153.0	194.0	194.0	206.0	166.0	231.0	173.0	275.0	174.0	265.0	255.0	272.0	206.0	296.0	223.0	313.0	224.0	389.0	183.0	0
73.0	200.0	70.0	216.0	97.0	198.0	157.0	164.0	137.0	180.0	173.0	215.0	169.0	236.0	161.0	252.0	178.0	187.0	199.0	159.0	196.0	198.0	203.0	170.0	223.0	175.0	265.0	177.0	253.0	249.0	260.0	204.0	283.0	220.0	297.0	219.0	363.0	184.0	0
66.0	199.0	62.0	216.0	88.0	197.0	156.0	160.0	135.0	177.0	172.0	213.0	172.0	239.0	162.0	258.0	181.0	184.0	200.0	154.0	197.0	196.0	205.0	167.0	227.0	173.0	272.0	176.0	260.0	253.0	269.0	206.0	290.0	220.0	306.0	221.0	380.0	183.0	0
69.0	200.0	65.0	215.0	93.0	198.0	157.0	162.0	140.0	177.0	174.0	214.0	171.0	237.0	162.0	254.0	177.0	185.0	199.0	156.0	198.0	197.0	203.0	168.0	226.0	173.0	267.0	175.0	261.0	251.0	269.0	208.0	289.0	221.0	304.0	221.0	375.0	182.0	0
68.0	202.0	66.0	218.0	93.0	198.0	155.0	163.0	137.0	179.0	173.0	213.0	170.0	236.0	161.0	253.0	178.0	185.0	197.0	157.0	195.0	195.0	202.0	170.0	224.0	176.0	268.0	178.0	257.0	249.0	266.0	206.0	287.0	221.0	303.0	221.0	364.0	185.0	0
97.0	183.0	27.0	220.0	110.0	183.0	138.0	153.0	133.0	196.0	131.0	224.0	168.0	225.0	193.0	234.0	199.0	203.0	223.0	163.0	215.0	213.0	221.0	185.0	232.0	146.0	297.0	199.0	239.0	235.0	257.0	218.0	328.0	181.0	323.0	196.0	338.0	271.0	0
75.0	199.0	71.0	215.0	99.0	198.0	159.0	164.0	141.0	179.0	174.0	212.0	173.0	236.0	165.0	253.0	182.0	186.0	201.0	158.0	194.0	195.0	205.0	171.0	226.0	176.0	268.0	179.0	256.0	248.0	264.0	206.0	284.0	219.0	298.0	219.0	366.0	185.0	0
74.0	201.0	69.0	216.0	99.0	199.0	157.0	163.0	142.0	178.0	174.0	213.0	172.0	236.0	162.0	253.0	178.0	185.0	198.0	157.0	196.0	197.0	205.0	170.0	226.0	175.0	267.0	177.0	258.0	250.0	267.0	207.0	287.0	221.0	301.0	221.0	367.0	183.0	0
77.0	201.0	74.0	217.0	99.0	198.0	158.0	163.0	142.0	177.0	176.0	213.0	173.0	236.0	161.0	252.0	180.0	185.0	200.0	156.0	198.0	198.0	205.0	169.0	226.0	175.0	268.0	178.0	253.0	249.0	263.0	207.0	282.0	221.0	300.0	222.0	362.0	185.0	0
69.0	202.0	65.0	217.0	93.0	199.0	156.0	162.0	139.0	178.0	172.0	214.0	171.0	239.0	162.0	255.0	179.0	185.0	199.0	155.0	197.0	197.0	204.0	169.0	226.0	174.0	269.0	177.0	260.0	252.0	267.0	207.0	290.0	221.0	303.0	221.0	374.0	184.0	0
82.0	203.0	76.0	215.0	103.0	199.0	160.0	166.0	145.0	182.0	177.0	213.0	175.0	233.0	165.0	249.0	183.0	188.0	198.0	160.0	196.0	197.0	204.0	174.0	223.0	177.0	263.0	179.0	255.0	246.0	262.0	206.0	282.0	219.0	294.0	219.0	353.0	184.0	0
66.0	200.0	61.0	215.0	90.0	198.0	158.0	161.0	139.0	177.0	173.0	212.0	171.0	238.0	161.0	256.0	184.0	186.0	202.0	154.0	198.0	196.0	208.0	168.0	228.0	173.0	268.0	175.0	259.0	253.0	268.0	206.0	291.0	222.0	306.0	223.0	375.0	183.0	0
68.0	200.0	64.0	216.0	92.0	198.0	158.0	161.0	139.0	177.0	174.0	215.0	171.0	238.0	162.0	256.0	178.0	184.0	203.0	155.0	196.0	196.0	207.0	167.0	226.0	172.0	269.0	176.0	259.0	253.0	267.0	206.0	290.0	221.0	304.0	221.0	374.0	181.0	0
70.0	200.0	65.0	216.0	96.0	198.0	157.0	162.0	139.0	177.0	173.0	214.0	171.0	237.0	160.0	255.0	175.0	185.0	200.0	156.0	196.0	198.0	205.0	169.0	227.0	174.0	272.0	178.0	256.0	252.0	265.0	207.0	288.0	221.0	304.0	220.0	369.0	185.0	0
75.0	200.0	70.0	214.0	95.0	198.0	157.0	162.0	139.0	179.0	173.0	214.0	170.0	238.0	160.0	254.0	181.0	185.0	200.0	156.0	197.0	196.0	206.0	169.0	229.0	174.0	269.0	177.0	254.0	251.0	267.0	208.0	287.0	222.0	303.0	221.0	369.0	182.0	0
79.0	201.0	74.0	215.0	103.0	198.0	160.0	164.0	142.0	180.0	175.0	213.0	174.0	237.0	164.0	253.0	180.0	184.0	200.0	157.0	197.0	195.0	204.0	170.0	224.0	175.0	264.0	178.0	253.0	250.0	261.0	205.0	285.0	221.0	298.0	221.0	362.0	184.0	0
75.0	201.0	71.0	216.0	99.0	198.0	158.0	164.0	142.0	178.0	173.0	213.0	169.0	236.0	161.0	252.0	179.0	185.0	200.0	157.0	196.0	197.0	207.0	170.0	226.0	175.0	265.0	178.0	258.0	250.0	261.0	206.0	281.0	220.0	296.0	220.0	363.0	185.0	0
77.0	200.0	73.0	217.0	99.0	198.0	160.0	163.0	143.0	178.0	176.0	213.0	171.0	235.0	161.0	252.0	181.0	185.0	201.0	158.0	197.0	196.0	205.0	169.0	223.0	174.0	267.0	178.0	255.0	249.0	263.0	207.0	285.0	222.0	300.0	221.0	364.0	185.0	0
80.0	200.0	74.0	215.0	99.0	198.0	158.0	163.0	143.0	177.0	174.0	213.0	171.0	236.0	161.0	252.0	180.0	186.0	200.0	157.0	199.0	197.0	204.0	169.0	225.0	175.0	266.0	177.0	254.0	250.0	262.0	206.0	284.0	220.0	297.0	219.0	363.0	184.0	0
80.0	200.0	76.0	213.0	102.0	198.0	161.0	166.0	144.0	181.0	174.0	212.0	172.0	233.0	163.0	249.0	179.0	186.0	200.0	160.0	194.0	197.0	205.0	172.0	227.0	178.0	268.0	180.0	254.0	246.0	266.0	207.0	282.0	218.0	296.0	217.0	362.0	186.0	0
66.0	202.0	61.0	217.0	89.0	199.0	155.0	161.0	136.0	177.0	173.0	215.0	169.0	238.0	160.0	256.0	180.0	184.0	199.0	155.0	198.0	197.0	205.0	168.0	229.0	173.0	276.0	177.0	263.0	253.0	271.0	206.0	294.0	221.0	312.0	221.0	377.0	184.0	0
76.0	201.0	71.0	215.0	97.0	199.0	157.0	165.0	138.0	181.0	174.0	214.0	172.0	235.0	165.0	251.0	177.0	186.0	199.0	158.0	197.0	197.0	204.0	171.0	226.0	176.0	265.0	178.0	257.0	248.0	264.0	206.0	285.0	219.0	299.0	219.0	364.0	185.0	0
86.0	201.0	83.0	214.0	108.0	198.0	160.0	167.0	144.0	181.0	174.0	211.0	171.0	232.0	163.0	247.0	180.0	187.0	197.0	162.0	193.0	196.0	200.0	173.0	220.0	177.0	259.0	180.0	249.0	243.0	255.0	205.0	275.0	218.0	289.0	218.0	344.0	185.0	0
82.0	200.0	76.0	213.0	104.0	198.0	160.0	166.0	143.0	180.0	175.0	212.0	174.0	234.0	164.0	250.0	181.0	186.0	202.0	160.0	196.0	196.0	205.0	172.0	225.0	177.0	263.0	179.0	252.0	247.0	259.0	205.0	280.0	219.0	294.0	219.0	357.0	185.0	0
72.0	200.0	69.0	214.0	93.0	199.0	156.0	162.0	137.0	178.0	174.0	214.0	172.0	239.0	163.0	256.0	179.0	186.0	201.0	155.0	194.0	196.0	205.0	169.0	228.0	175.0	272.0	177.0	257.0	253.0	264.0	206.0	290.0	222.0	302.0	221.0	370.0	182.0	0
84.0	200.0	82.0	214.0	103.0	197.0	162.0	166.0	145.0	180.0	176.0	212.0	174.0	233.0	166.0	247.0	180.0	186.0	200.0	161.0	198.0	197.0	203.0	172.0	222.0	176.0	262.0	178.0	253.0	245.0	258.0	204.0	279.0	218.0	292.0	218.0	354.0	186.0	0
83.0	201.0	79.0	215.0	105.0	198.0	161.0	164.0	143.0	179.0	175.0	213.0	173.0	235.0	165.0	251.0	183.0	187.0	203.0	158.0	195.0	196.0	206.0	171.0	225.0	177.0	263.0	179.0	255.0	249.0	259.0	206.0	281.0	220.0	293.0	220.0	356.0	185.0	0
71.0	200.0	68.0	217.0	94.0	198.0	156.0	162.0	139.0	179.0	172.0	214.0	170.0	238.0	161.0	254.0	180.0	186.0	201.0	156.0	197.0	197.0	206.0	169.0	226.0	174.0	267.0	177.0	258.0	251.0	263.0	206.0	287.0	221.0	300.0	220.0	370.0	185.0	0
70.0	200.0	66.0	216.0	96.0	198.0	155.0	162.0	138.0	178.0	175.0	214.0	172.0	238.0	163.0	254.0	178.0	185.0	201.0	156.0	198.0	197.0	205.0	169.0	225.0	174.0	265.0	176.0	259.0	251.0	265.0	205.0	290.0	221.0	305.0	221.0	368.0	182.0	0
75.0	200.0	71.0	215.0	98.0	198.0	160.0	163.0	143.0	179.0	174.0	213.0	171.0	236.0	161.0	252.0	180.0	186.0	201.0	157.0	195.0	197.0	206.0	171.0	227.0	176.0	269.0	179.0	257.0	250.0	264.0	207.0	285.0	221.0	299.0	221.0	365.0	184.0	0
76.0	200.0	70.0	215.0	97.0	198.0	157.0	163.0	139.0	179.0	173.0	213.0	172.0	237.0	161.0	252.0	180.0	186.0	202.0	157.0	196.0	196.0	207.0	171.0	227.0	176.0	271.0	179.0	253.0	249.0	265.0	208.0	284.0	220.0	299.0	221.0	364.0	186.0	0
75.0	201.0	71.0	215.0	99.0	198.0	159.0	164.0	142.0	180.0	175.0	213.0	173.0	236.0	163.0	252.0	181.0	186.0	202.0	159.0	197.0	197.0	206.0	171.0	224.0	176.0	266.0	178.0	258.0	248.0	262.0	206.0	286.0	220.0	298.0	220.0	358.0	185.0	0
70.0	200.0	66.0	217.0	93.0	197.0	157.0	160.0	138.0	177.0	173.0	214.0	171.0	239.0	160.0	258.0	177.0	184.0	201.0	153.0	197.0	196.0	206.0	167.0	226.0	172.0	274.0	176.0	257.0	256.0	269.0	208.0	292.0	223.0	305.0	222.0	374.0	181.0	0
81.0	201.0	77.0	213.0	104.0	198.0	161.0	165.0	147.0	178.0	176.0	211.0	173.0	233.0	164.0	248.0	186.0	187.0	199.0	161.0	195.0	195.0	203.0	172.0	225.0	178.0	263.0	179.0	253.0	245.0	261.0	206.0	277.0	218.0	291.0	217.0	352.0	184.0	0
76.0	200.0	72.0	215.0	100.0	198.0	159.0	163.0	143.0	179.0	175.0	214.0	172.0	236.0	164.0	252.0	180.0	186.0	200.0	158.0	198.0	198.0	204.0	170.0	224.0	176.0	267.0	178.0	255.0	249.0	263.0	208.0	283.0	221.0	295.0	221.0	359.0	183.0	0
78.0	200.0	74.0	216.0	101.0	197.0	160.0	163.0	142.0	179.0	177.0	213.0	174.0	235.0	166.0	251.0	181.0	185.0	202.0	157.0	200.0	198.0	208.0	170.0	226.0	175.0	267.0	179.0	258.0	247.0	263.0	205.0	284.0	219.0	297.0	218.0	362.0	184.0	0
66.0	198.0	62.0	215.0	91.0	196.0	158.0	159.0	137.0	176.0	172.0	212.0	169.0	238.0	158.0	257.0	180.0	183.0	204.0	153.0	200.0	196.0	208.0	167.0	228.0	173.0	270.0	176.0	258.0	253.0	266.0	205.0	291.0	222.0	304.0	222.0	378.0	185.0	0
76.0	199.0	71.0	214.0	97.0	196.0	158.0	161.0	139.0	178.0	173.0	213.0	170.0	238.0	161.0	254.0	176.0	183.0	203.0	155.0	199.0	197.0	205.0	168.0	227.0	174.0	270.0	178.0	254.0	250.0	261.0	206.0	285.0	222.0	299.0	221.0	366.0	184.0	0
75.0	200.0	70.0	214.0	101.0	197.0	159.0	163.0	142.0	179.0	174.0	213.0	170.0	235.0	160.0	251.0	180.0	186.0	200.0	157.0	195.0	196.0	204.0	170.0	228.0	176.0	268.0	178.0	250.0	251.0	265.0	208.0	284.0	221.0	300.0	221.0	366.0	182.0	0
77.0	201.0	71.0	216.0	100.0	198.0	158.0	164.0	141.0	179.0	175.0	213.0	172.0	236.0	164.0	251.0	179.0	186.0	201.0	158.0	196.0	196.0	206.0	171.0	226.0	176.0	271.0	179.0	256.0	248.0	263.0	205.0	284.0	219.0	299.0	220.0	366.0	187.0	0
72.0	200.0	68.0	214.0	95.0	198.0	157.0	163.0	139.0	179.0	176.0	213.0	173.0	236.0	163.0	253.0	181.0	186.0	201.0	157.0	197.0	197.0	206.0	170.0	228.0	176.0	266.0	178.0	260.0	248.0	264.0	206.0	286.0	219.0	299.0	218.0	367.0	186.0	0
68.0	200.0	65.0	217.0	94.0	198.0	158.0	161.0	139.0	179.0	174.0	215.0	169.0	238.0	159.0	255.0	178.0	186.0	200.0	155.0	198.0	198.0	205.0	169.0	229.0	175.0	273.0	177.0	257.0	252.0	269.0	209.0	291.0	223.0	306.0	224.0	373.0	181.0	0
76.0	201.0	72.0	216.0	97.0	198.0	157.0	165.0	141.0	180.0	176.0	213.0	175.0	236.0	166.0	253.0	180.0	186.0	201.0	158.0	199.0	197.0	206.0	171.0	227.0	176.0	267.0	178.0	257.0	248.0	266.0	207.0	286.0	220.0	302.0	221.0	367.0	184.0	0
65.0	200.0	60.0	217.0	88.0	197.0	155.0	160.0	136.0	176.0	172.0	213.0	169.0	237.0	157.0	256.0	183.0	185.0	199.0	154.0	198.0	196.0	205.0	167.0	230.0	174.0	272.0	176.0	261.0	251.0	271.0	208.0	291.0	221.0	305.0	221.0	378.0	186.0	0
78.0	201.0	74.0	214.0	102.0	198.0	158.0	167.0	143.0	181.0	175.0	212.0	174.0	233.0	166.0	248.0	179.0	188.0	199.0	162.0	196.0	198.0	203.0	174.0	225.0	177.0	266.0	179.0	258.0	245.0	265.0	206.0	284.0	217.0	299.0	217.0	363.0	183.0	0
84.0	201.0	80.0	216.0	101.0	199.0	160.0	163.0	142.0	179.0	176.0	213.0	175.0	236.0	166.0	253.0	181.0	185.0	202.0	158.0	197.0	196.0	206.0	170.0	223.0	175.0	261.0	178.0	251.0	248.0	261.0	206.0	281.0	219.0	295.0	220.0	357.0	187.0	0
74.0	201.0	69.0	216.0	96.0	199.0	156.0	164.0	139.0	178.0	173.0	213.0	171.0	236.0	161.0	253.0	179.0	185.0	201.0	157.0	195.0	195.0	206.0	169.0	224.0	174.0	268.0	177.0	255.0	251.0	263.0	206.0	289.0	222.0	301.0	222.0	364.0	182.0	0
75.0	200.0	72.0	215.0	98.0	198.0	161.0	163.0	142.0	179.0	174.0	214.0	170.0	236.0	160.0	252.0	181.0	187.0	202.0	157.0	197.0	196.0	205.0	169.0	226.0	175.0	264.0	178.0	254.0	250.0	262.0	206.0	285.0	221.0	298.0	221.0	363.0	186.0	0
73.0	200.0	68.0	216.0	93.0	198.0	158.0	161.0	140.0	177.0	175.0	213.0	173.0	237.0	162.0	253.0	178.0	184.0	201.0	155.0	197.0	197.0	206.0	168.0	230.0	175.0	270.0	178.0	255.0	251.0	268.0	208.0	288.0	222.0	303.0	222.0	370.0	183.0	0
75.0	200.0	69.0	214.0	99.0	198.0	160.0	164.0	141.0	180.0	174.0	213.0	171.0	235.0	162.0	252.0	184.0	188.0	201.0	158.0	196.0	197.0	207.0	171.0	228.0	176.0	271.0	178.0	258.0	248.0	265.0	205.0	287.0	220.0	302.0	221.0	369.0	186.0	0
65.0	198.0	60.0	212.0	91.0	195.0	154.0	161.0	136.0	177.0	174.0	214.0	171.0	238.0	163.0	256.0	179.0	183.0	203.0	153.0	200.0	196.0	207.0	167.0	233.0	173.0	275.0	175.0	266.0	252.0	275.0	207.0	297.0	221.0	311.0	220.0	384.0	183.0	0
5.0	188.0	101.0	209.0	122.0	205.0	171.0	172.0	159.0	186.0	185.0	213.0	185.0	232.0	179.0	248.0	189.0	189.0	203.0	166.0	204.0	198.0	209.0	176.0	228.0	179.0	260.0	178.0	257.0	237.0	261.0	202.0	280.0	213.0	293.0	211.0	346.0	180.0	0
83.0	200.0	80.0	215.0	100.0	197.0	161.0	164.0	143.0	179.0	175.0	214.0	173.0	236.0	164.0	251.0	178.0	185.0	201.0	159.0	198.0	198.0	206.0	171.0	224.0	176.0	265.0	179.0	250.0	248.0	260.0	207.0	280.0	220.0	294.0	220.0	355.0	183.0	0
69.0	199.0	65.0	215.0	96.0	197.0	156.0	163.0	140.0	179.0	172.0	213.0	168.0	236.0	157.0	253.0	180.0	186.0	202.0	157.0	198.0	197.0	207.0	170.0	228.0	175.0	271.0	178.0	258.0	252.0	269.0	208.0	289.0	222.0	301.0	221.0	371.0	184.0	0
77.0	201.0	72.0	216.0	97.0	199.0	161.0	162.0	141.0	179.0	174.0	214.0	174.0	238.0	163.0	255.0	180.0	185.0	201.0	155.0	197.0	196.0	205.0	169.0	225.0	175.0	263.0	176.0	257.0	251.0	263.0	205.0	287.0	220.0	300.0	220.0	367.0	184.0	0
71.0	201.0	67.0	215.0	94.0	198.0	156.0	163.0	140.0	179.0	175.0	214.0	171.0	237.0	161.0	252.0	180.0	185.0	202.0	157.0	196.0	195.0	205.0	169.0	225.0	174.0	269.0	176.0	258.0	251.0	269.0	207.0	290.0	221.0	303.0	221.0	374.0	185.0	0
61.0	201.0	56.0	218.0	84.0	198.0	156.0	157.0	134.0	175.0	173.0	215.0	170.0	243.0	159.0	262.0	181.0	185.0	202.0	151.0	200.0	197.0	207.0	166.0	229.0	171.0	277.0	176.0	264.0	257.0	273.0	206.0	301.0	224.0	316.0	224.0	394.0	182.0	0
73.0	199.0	69.0	215.0	96.0	197.0	159.0	163.0	140.0	178.0	174.0	213.0	170.0	236.0	161.0	253.0	180.0	186.0	202.0	157.0	198.0	197.0	206.0	169.0	229.0	175.0	272.0	179.0	256.0	249.0	264.0	207.0	286.0	220.0	301.0	220.0	361.0	187.0	0
69.0	201.0	65.0	215.0	92.0	199.0	155.0	162.0	139.0	178.0	173.0	213.0	170.0	237.0	161.0	254.0	178.0	185.0	202.0	155.0	196.0	196.0	206.0	168.0	230.0	175.0	273.0	177.0	259.0	251.0	269.0	207.0	291.0	221.0	306.0	221.0	376.0	184.0	0
74.0	200.0	71.0	216.0	95.0	197.0	157.0	162.0	140.0	178.0	174.0	214.0	171.0	237.0	161.0	254.0	178.0	185.0	198.0	156.0	196.0	196.0	204.0	170.0	226.0	176.0	266.0	178.0	255.0	250.0	263.0	207.0	285.0	221.0	299.0	220.0	365.0	183.0	0
69.0	200.0	63.0	215.0	92.0	198.0	157.0	162.0	139.0	178.0	172.0	212.0	170.0	236.0	161.0	254.0	180.0	186.0	202.0	156.0	197.0	197.0	207.0	169.0	228.0	174.0	272.0	177.0	259.0	251.0	269.0	206.0	291.0	220.0	304.0	220.0	376.0	185.0	0
80.0	199.0	75.0	214.0	102.0	197.0	160.0	164.0	142.0	180.0	175.0	213.0	171.0	236.0	162.0	251.0	183.0	186.0	200.0	159.0	196.0	196.0	205.0	172.0	225.0	177.0	268.0	180.0	252.0	248.0	262.0	207.0	279.0	219.0	295.0	220.0	356.0	186.0	0
77.0	200.0	72.0	214.0	96.0	198.0	156.0	162.0	137.0	179.0	173.0	213.0	171.0	237.0	161.0	253.0	176.0	185.0	200.0	155.0	193.0	197.0	206.0	169.0	227.0	174.0	267.0	177.0	259.0	250.0	264.0	206.0	286.0	220.0	302.0	220.0	370.0	182.0	0
70.0	201.0	66.0	216.0	94.0	198.0	160.0	164.0	143.0	178.0	173.0	213.0	170.0	235.0	159.0	251.0	184.0	187.0	202.0	158.0	197.0	196.0	206.0	170.0	227.0	175.0	271.0	178.0	255.0	249.0	267.0	207.0	286.0	221.0	299.0	221.0	369.0	190.0	0
73.0	201.0	70.0	217.0	92.0	199.0	154.0	163.0	136.0	179.0	175.0	213.0	172.0	237.0	163.0	253.0	178.0	184.0	198.0	157.0	197.0	196.0	202.0	169.0	224.0	174.0	265.0	176.0	261.0	249.0	266.0	205.0	291.0	220.0	304.0	220.0	371.0	183.0	0
72.0	201.0	67.0	214.0	98.0	198.0	156.0	166.0	141.0	180.0	175.0	214.0	173.0	236.0	166.0	252.0	182.0	187.0	201.0	159.0	195.0	196.0	205.0	171.0	225.0	176.0	264.0	178.0	259.0	246.0	265.0	206.0	286.0	218.0	299.0	218.0	365.0	184.0	0
77.0	203.0	73.0	216.0	99.0	199.0	155.0	164.0	137.0	180.0	175.0	212.0	173.0	235.0	165.0	251.0	176.0	184.0	199.0	159.0	196.0	197.0	203.0	170.0	223.0	175.0	267.0	178.0	259.0	247.0	266.0	207.0	287.0	219.0	300.0	219.0	365.0	185.0	0
75.0	199.0	70.0	215.0	98.0	197.0	160.0	163.0	143.0	178.0	174.0	214.0	170.0	237.0	162.0	253.0	179.0	185.0	203.0	158.0	197.0	197.0	207.0	171.0	227.0	175.0	267.0	178.0	257.0	250.0	265.0	207.0	285.0	220.0	300.0	220.0	363.0	182.0	0
76.0	202.0	72.0	216.0	96.0	199.0	156.0	163.0	140.0	178.0	175.0	214.0	172.0	237.0	164.0	254.0	178.0	184.0	199.0	157.0	198.0	197.0	205.0	169.0	224.0	174.0	265.0	177.0	257.0	249.0	266.0	208.0	287.0	220.0	297.0	219.0	367.0	183.0	0
72.0	201.0	68.0	216.0	96.0	198.0	157.0	163.0	140.0	179.0	174.0	213.0	171.0	236.0	162.0	253.0	180.0	186.0	200.0	158.0	197.0	197.0	204.0	171.0	226.0	176.0	267.0	177.0	258.0	250.0	267.0	206.0	290.0	220.0	303.0	220.0	368.0	184.0	0
71.0	201.0	66.0	216.0	92.0	199.0	156.0	163.0	134.0	180.0	172.0	214.0	171.0	238.0	161.0	255.0	175.0	186.0	200.0	156.0	199.0	199.0	204.0	169.0	224.0	174.0	267.0	176.0	262.0	253.0	267.0	208.0	293.0	221.0	304.0	220.0	374.0	182.0	0
73.0	198.0	67.0	214.0	95.0	196.0	159.0	162.0	143.0	177.0	174.0	215.0	170.0	238.0	160.0	256.0	179.0	185.0	201.0	155.0	198.0	197.0	205.0	168.0	227.0	173.0	267.0	177.0	257.0	253.0	265.0	207.0	286.0	221.0	298.0	220.0	369.0	185.0	0
73.0	201.0	69.0	215.0	96.0	198.0	157.0	163.0	141.0	178.0	174.0	213.0	171.0	236.0	162.0	253.0	183.0	186.0	201.0	157.0	197.0	197.0	206.0	170.0	226.0	175.0	265.0	178.0	258.0	248.0	264.0	207.0	284.0	221.0	299.0	220.0	364.0	184.0	0
71.0	200.0	66.0	216.0	94.0	198.0	157.0	162.0	140.0	177.0	175.0	213.0	170.0	238.0	161.0	255.0	181.0	185.0	201.0	156.0	199.0	197.0	206.0	169.0	226.0	174.0	267.0	177.0	262.0	250.0	265.0	206.0	288.0	220.0	301.0	220.0	368.0	184.0	0
58.0	201.0	55.0	219.0	82.0	199.0	153.0	158.0	130.0	176.0	171.0	215.0	169.0	242.0	159.0	261.0	178.0	183.0	201.0	152.0	193.0	194.0	205.0	165.0	225.0	170.0	274.0	173.0	269.0	259.0	272.0	206.0	302.0	224.0	316.0	224.0	396.0	184.0	0
83.0	199.0	79.0	214.0	103.0	197.0	162.0	163.0	144.0	179.0	174.0	213.0	172.0	235.0	163.0	250.0	179.0	185.0	203.0	158.0	196.0	197.0	208.0	171.0	225.0	176.0	261.0	178.0	252.0	247.0	259.0	207.0	278.0	220.0	289.0	220.0	352.0	185.0	0
79.0	200.0	76.0	215.0	102.0	197.0	160.0	164.0	142.0	180.0	176.0	212.0	173.0	234.0	163.0	251.0	181.0	186.0	201.0	158.0	197.0	197.0	206.0	171.0	226.0	176.0	267.0	179.0	255.0	246.0	265.0	206.0	284.0	219.0	299.0	219.0	359.0	184.0	0
65.0	201.0	62.0	218.0	87.0	198.0	154.0	159.0	134.0	177.0	171.0	214.0	168.0	239.0	158.0	257.0	177.0	184.0	199.0	153.0	198.0	197.0	204.0	166.0	228.0	173.0	272.0	176.0	260.0	254.0	269.0	207.0	291.0	222.0	307.0	222.0	380.0	182.0	0
70.0	200.0	67.0	215.0	92.0	197.0	157.0	162.0	140.0	177.0	173.0	214.0	169.0	237.0	160.0	253.0	178.0	185.0	201.0	157.0	196.0	197.0	205.0	170.0	230.0	176.0	269.0	179.0	259.0	249.0	267.0	206.0	285.0	219.0	298.0	219.0	366.0	184.0	0
70.0	198.0	66.0	214.0	96.0	195.0	160.0	160.0	143.0	176.0	174.0	214.0	170.0	237.0	160.0	254.0	184.0	186.0	203.0	155.0	196.0	195.0	208.0	168.0	230.0	174.0	270.0	177.0	259.0	252.0	266.0	206.0	289.0	221.0	301.0	221.0	371.0	183.0	0
74.0	201.0	70.0	215.0	100.0	197.0	157.0	165.0	138.0	181.0	174.0	212.0	173.0	235.0	163.0	252.0	176.0	186.0	199.0	159.0	196.0	197.0	203.0	171.0	225.0	176.0	265.0	178.0	257.0	248.0	264.0	205.0	286.0	219.0	300.0	219.0	365.0	185.0	0
70.0	200.0	66.0	216.0	91.0	198.0	154.0	162.0	136.0	178.0	171.0	213.0	169.0	236.0	159.0	253.0	177.0	185.0	197.0	156.0	190.0	194.0	201.0	167.0	224.0	173.0	275.0	178.0	257.0	248.0	266.0	206.0	288.0	220.0	305.0	220.0	373.0	184.0	0
67.0	199.0	61.0	215.0	91.0	197.0	158.0	160.0	138.0	176.0	173.0	214.0	170.0	237.0	158.0	255.0	181.0	185.0	204.0	154.0	197.0	196.0	210.0	167.0	232.0	174.0	274.0	177.0	257.0	254.0	270.0	208.0	289.0	222.0	306.0	223.0	377.0	184.0	0
74.0	199.0	70.0	215.0	96.0	197.0	157.0	162.0	141.0	176.0	173.0	212.0	173.0	237.0	163.0	255.0	181.0	185.0	199.0	156.0	198.0	196.0	206.0	169.0	228.0	175.0	268.0	177.0	256.0	251.0	262.0	204.0	286.0	221.0	300.0	220.0	367.0	183.0	0
74.0	200.0	70.0	216.0	96.0	198.0	158.0	163.0	141.0	178.0	175.0	213.0	173.0	237.0	164.0	254.0	180.0	184.0	202.0	157.0	197.0	196.0	207.0	169.0	228.0	175.0	267.0	178.0	255.0	249.0	263.0	206.0	283.0	219.0	297.0	220.0	366.0	187.0	0
78.0	201.0	74.0	215.0	98.0	198.0	158.0	164.0	139.0	179.0	174.0	214.0	172.0	236.0	162.0	252.0	178.0	185.0	201.0	158.0	194.0	196.0	205.0	171.0	225.0	175.0	269.0	178.0	252.0	248.0	264.0	206.0	283.0	219.0	297.0	220.0	361.0	186.0	0
69.0	202.0	67.0	218.0	94.0	198.0	156.0	161.0	138.0	177.0	173.0	214.0	171.0	238.0	161.0	255.0	180.0	185.0	198.0	153.0	195.0	196.0	204.0	167.0	224.0	173.0	271.0	177.0	258.0	254.0	267.0	207.0	290.0	222.0	306.0	223.0	377.0	183.0	0
76.0	201.0	72.0	215.0	97.0	198.0	156.0	164.0	138.0	179.0	174.0	213.0	171.0	236.0	162.0	252.0	176.0	185.0	201.0	158.0	197.0	197.0	205.0	171.0	227.0	176.0	269.0	178.0	256.0	251.0	264.0	206.0	286.0	220.0	301.0	220.0	365.0	182.0	0
60.0	201.0	57.0	217.0	84.0	198.0	149.0	162.0	132.0	178.0	170.0	214.0	167.0	239.0	158.0	256.0	179.0	186.0	197.0	154.0	196.0	197.0	201.0	167.0	225.0	173.0	274.0	175.0	265.0	253.0	271.0	207.0	293.0	221.0	309.0	222.0	382.0	181.0	0
67.0	200.0	61.0	214.0	88.0	198.0	156.0	162.0	137.0	177.0	170.0	213.0	169.0	238.0	161.0	256.0	178.0	183.0	202.0	156.0	197.0	196.0	207.0	169.0	229.0	174.0	273.0	177.0	259.0	251.0	271.0	207.0	292.0	221.0	306.0	221.0	372.0	183.0	0
74.0	200.0	72.0	216.0	95.0	197.0	159.0	162.0	139.0	179.0	175.0	213.0	171.0	237.0	161.0	252.0	179.0	184.0	200.0	156.0	199.0	196.0	204.0	169.0	224.0	173.0	270.0	177.0	256.0	250.0	264.0	206.0	286.0	222.0	300.0	221.0	365.0	184.0	0
72.0	201.0	69.0	217.0	93.0	199.0	158.0	163.0	140.0	178.0	176.0	213.0	172.0	236.0	164.0	251.0	179.0	185.0	199.0	157.0	201.0	198.0	203.0	169.0	225.0	174.0	268.0	178.0	258.0	249.0	268.0	207.0	286.0	219.0	299.0	219.0	369.0	186.0	0
79.0	200.0	75.0	215.0	100.0	198.0	161.0	165.0	143.0	179.0	175.0	213.0	172.0	236.0	162.0	252.0	182.0	186.0	199.0	158.0	197.0	197.0	204.0	171.0	224.0	175.0	265.0	178.0	253.0	249.0	264.0	207.0	282.0	220.0	295.0	220.0	358.0	184.0	0
72.0	198.0	24.0	202.0	68.0	214.0	163.0	160.0	144.0	177.0	175.0	239.0	178.0	214.0	165.0	256.0	96.0	196.0	187.0	184.0	201.0	195.0	211.0	161.0	236.0	173.0	278.0	177.0	264.0	255.0	275.0	208.0	298.0	223.0	313.0	223.0	384.0	186.0	0
68.0	201.0	64.0	216.0	93.0	198.0	154.0	162.0	137.0	178.0	174.0	214.0	171.0	237.0	162.0	255.0	180.0	185.0	201.0	156.0	196.0	196.0	208.0	170.0	227.0	174.0	267.0	178.0	258.0	251.0	263.0	205.0	288.0	221.0	303.0	222.0	372.0	184.0	0
74.0	201.0	68.0	214.0	95.0	199.0	158.0	164.0	141.0	179.0	177.0	215.0	173.0	238.0	164.0	255.0	180.0	186.0	200.0	158.0	196.0	196.0	203.0	170.0	227.0	176.0	266.0	178.0	260.0	252.0	264.0	206.0	289.0	220.0	303.0	220.0	369.0	182.0	0
75.0	202.0	72.0	216.0	94.0	200.0	156.0	164.0	139.0	180.0	176.0	213.0	171.0	236.0	164.0	252.0	178.0	186.0	199.0	158.0	198.0	198.0	203.0	171.0	225.0	175.0	268.0	178.0	258.0	247.0	264.0	205.0	286.0	219.0	299.0	218.0	366.0	186.0	0
79.0	201.0	76.0	215.0	100.0	198.0	158.0	164.0	142.0	179.0	172.0	212.0	171.0	234.0	163.0	251.0	180.0	187.0	199.0	158.0	194.0	196.0	204.0	171.0	224.0	175.0	266.0	177.0	253.0	248.0	260.0	206.0	281.0	219.0	295.0	219.0	362.0	185.0	0
80.0	201.0	76.0	216.0	103.0	198.0	160.0	164.0	143.0	179.0	177.0	213.0	174.0	235.0	166.0	251.0	181.0	186.0	199.0	158.0	199.0	197.0	206.0	171.0	227.0	175.0	268.0	178.0	256.0	248.0	266.0	207.0	284.0	220.0	298.0	220.0	364.0	185.0	0
74.0	200.0	68.0	215.0	94.0	198.0	158.0	163.0	138.0	179.0	173.0	214.0	170.0	238.0	161.0	254.0	177.0	184.0	203.0	157.0	195.0	197.0	207.0	169.0	227.0	175.0	267.0	178.0	257.0	251.0	265.0	207.0	286.0	221.0	300.0	221.0	366.0	184.0	0
84.0	200.0	80.0	214.0	107.0	198.0	161.0	165.0	145.0	180.0	176.0	213.0	172.0	234.0	163.0	250.0	182.0	187.0	199.0	160.0	197.0	198.0	206.0	172.0	226.0	177.0	261.0	179.0	251.0	245.0	259.0	207.0	277.0	220.0	290.0	219.0	352.0	184.0	0
75.0	202.0	73.0	217.0	97.0	200.0	156.0	163.0	139.0	179.0	173.0	212.0	173.0	235.0	164.0	252.0	179.0	186.0	197.0	157.0	196.0	196.0	204.0	170.0	222.0	174.0	266.0	177.0	253.0	249.0	266.0	205.0	287.0	220.0	303.0	221.0	368.0	186.0	0
76.0	199.0	70.0	214.0	99.0	198.0	160.0	162.0	141.0	178.0	174.0	214.0	170.0	238.0	159.0	253.0	176.0	183.0	203.0	156.0	198.0	196.0	206.0	168.0	225.0	174.0	266.0	176.0	253.0	252.0	264.0	208.0	284.0	222.0	297.0	221.0	367.0	185.0	0
72.0	201.0	67.0	215.0	95.0	199.0	157.0	164.0	140.0	179.0	173.0	214.0	169.0	236.0	159.0	251.0	179.0	186.0	203.0	158.0	195.0	197.0	207.0	171.0	226.0	175.0	269.0	179.0	256.0	250.0	264.0	208.0	286.0	222.0	301.0	222.0	363.0	183.0	0
70.0	199.0	66.0	215.0	96.0	197.0	159.0	161.0	139.0	177.0	175.0	214.0	170.0	237.0	160.0	255.0	180.0	185.0	201.0	156.0	197.0	196.0	204.0	169.0	227.0	174.0	273.0	177.0	258.0	251.0	267.0	206.0	289.0	221.0	304.0	221.0	373.0	186.0	0
65.0	200.0	63.0	217.0	89.0	198.0	156.0	160.0	137.0	176.0	174.0	214.0	170.0	238.0	161.0	256.0	178.0	183.0	202.0	154.0	197.0	196.0	206.0	168.0	231.0	175.0	273.0	177.0	264.0	252.0	269.0	206.0	294.0	223.0	306.0	223.0	376.0	184.0	0
71.0	201.0	67.0	217.0	95.0	198.0	157.0	162.0	141.0	177.0	174.0	214.0	171.0	238.0	163.0	256.0	181.0	184.0	201.0	155.0	198.0	196.0	206.0	169.0	228.0	175.0	271.0	177.0	261.0	251.0	265.0	205.0	291.0	222.0	304.0	221.0	369.0	184.0	0
69.0	199.0	65.0	216.0	92.0	197.0	157.0	160.0	140.0	176.0	174.0	214.0	170.0	238.0	160.0	255.0	179.0	185.0	202.0	154.0	198.0	197.0	206.0	168.0	227.0	173.0	273.0	176.0	257.0	254.0	268.0	207.0	290.0	221.0	306.0	222.0	372.0	181.0	0
68.0	201.0	64.0	216.0	90.0	198.0	155.0	160.0	137.0	177.0	173.0	214.0	169.0	237.0	160.0	255.0	175.0	184.0	199.0	154.0	198.0	197.0	204.0	167.0	228.0	173.0	272.0	175.0	262.0	252.0	269.0	206.0	293.0	221.0	307.0	221.0	381.0	184.0	0
71.0	201.0	69.0	218.0	95.0	198.0	157.0	161.0	139.0	177.0	174.0	214.0	172.0	237.0	162.0	255.0	179.0	184.0	200.0	154.0	195.0	195.0	205.0	168.0	226.0	174.0	276.0	178.0	256.0	251.0	267.0	206.0	289.0	221.0	304.0	222.0	370.0	185.0	0
67.0	201.0	63.0	218.0	91.0	198.0	157.0	160.0	138.0	178.0	173.0	214.0	170.0	238.0	159.0	256.0	181.0	185.0	200.0	154.0	195.0	195.0	206.0	168.0	227.0	173.0	274.0	177.0	257.0	252.0	266.0	206.0	290.0	222.0	306.0	222.0	377.0	188.0	0
66.0	200.0	63.0	216.0	87.0	198.0	157.0	161.0	135.0	178.0	173.0	214.0	171.0	239.0	162.0	256.0	177.0	183.0	202.0	155.0	197.0	196.0	207.0	168.0	231.0	174.0	274.0	177.0	263.0	251.0	269.0	206.0	291.0	221.0	306.0	220.0	377.0	184.0	0
74.0	199.0	68.0	216.0	97.0	197.0	158.0	161.0	139.0	177.0	172.0	213.0	170.0	236.0	160.0	253.0	179.0	185.0	201.0	155.0	194.0	194.0	208.0	169.0	228.0	174.0	272.0	178.0	257.0	249.0	267.0	207.0	286.0	220.0	300.0	221.0	368.0	186.0	0
73.0	199.0	69.0	213.0	96.0	198.0	160.0	165.0	141.0	180.0	172.0	213.0	170.0	235.0	161.0	250.0	180.0	186.0	199.0	159.0	194.0	196.0	203.0	171.0	226.0	177.0	273.0	180.0	254.0	247.0	264.0	206.0	285.0	220.0	300.0	220.0	364.0	187.0	0
72.0	199.0	67.0	215.0	92.0	198.0	159.0	163.0	140.0	179.0	175.0	214.0	172.0	237.0	162.0	254.0	178.0	185.0	202.0	157.0	196.0	197.0	205.0	169.0	229.0	176.0	268.0	178.0	256.0	250.0	269.0	208.0	288.0	220.0	302.0	221.0	369.0	184.0	0
76.0	201.0	72.0	216.0	97.0	198.0	157.0	163.0	139.0	179.0	172.0	213.0	170.0	236.0	162.0	252.0	181.0	186.0	200.0	157.0	195.0	196.0	205.0	170.0	225.0	175.0	269.0	178.0	254.0	248.0	266.0	208.0	284.0	221.0	296.0	220.0	364.0	187.0	0
73.0	202.0	71.0	218.0	94.0	199.0	155.0	162.0	138.0	179.0	175.0	214.0	172.0	238.0	161.0	255.0	177.0	183.0	201.0	155.0	198.0	195.0	204.0	168.0	226.0	173.0	265.0	175.0	255.0	250.0	265.0	206.0	288.0	221.0	303.0	221.0	369.0	185.0	0
77.0	199.0	73.0	214.0	100.0	197.0	160.0	164.0	143.0	178.0	174.0	213.0	170.0	236.0	161.0	251.0	178.0	185.0	203.0	158.0	197.0	197.0	207.0	170.0	231.0	177.0	270.0	180.0	254.0	249.0	265.0	207.0	283.0	220.0	297.0	220.0	361.0	186.0	0
77.0	201.0	73.0	214.0	99.0	198.0	159.0	164.0	142.0	179.0	173.0	212.0	171.0	234.0	161.0	250.0	179.0	185.0	201.0	159.0	196.0	196.0	205.0	171.0	228.0	177.0	265.0	179.0	255.0	248.0	262.0	207.0	283.0	220.0	296.0	220.0	360.0	185.0	0
76.0	201.0	72.0	217.0	96.0	198.0	158.0	163.0	141.0	178.0	176.0	214.0	172.0	237.0	164.0	252.0	179.0	185.0	201.0	157.0	200.0	197.0	204.0	169.0	226.0	175.0	267.0	178.0	258.0	249.0	265.0	206.0	285.0	219.0	299.0	219.0	363.0	186.0	0
77.0	199.0	74.0	216.0	97.0	197.0	158.0	164.0	140.0	179.0	174.0	213.0	171.0	236.0	160.0	254.0	180.0	186.0	202.0	157.0	196.0	196.0	206.0	170.0	227.0	175.0	269.0	178.0	256.0	251.0	263.0	207.0	285.0	222.0	299.0	222.0	363.0	183.0	0
78.0	200.0	73.0	214.0	99.0	198.0	159.0	164.0	141.0	180.0	176.0	214.0	172.0	236.0	165.0	252.0	179.0	186.0	204.0	158.0	197.0	197.0	208.0	171.0	225.0	175.0	266.0	178.0	260.0	250.0	268.0	208.0	288.0	220.0	300.0	219.0	365.0	184.0	0
84.0	200.0	79.0	215.0	102.0	197.0	160.0	165.0	143.0	179.0	178.0	213.0	171.0	234.0	162.0	250.0	181.0	186.0	200.0	159.0	199.0	198.0	204.0	171.0	222.0	176.0	266.0	178.0	255.0	248.0	258.0	205.0	282.0	219.0	295.0	219.0	358.0	184.0	0
66.0	204.0	64.0	215.0	87.0	201.0	153.0	163.0	134.0	180.0	173.0	215.0	169.0	238.0	160.0	255.0	175.0	185.0	198.0	156.0	194.0	197.0	201.0	169.0	223.0	174.0	270.0	177.0	258.0	251.0	264.0	206.0	287.0	220.0	302.0	220.0	371.0	183.0	0
81.0	201.0	80.0	216.0	103.0	198.0	160.0	166.0	145.0	180.0	176.0	212.0	174.0	233.0	165.0	248.0	182.0	187.0	202.0	161.0	196.0	196.0	206.0	172.0	226.0	177.0	261.0	179.0	255.0	246.0	265.0	207.0	282.0	219.0	294.0	219.0	357.0	184.0	0
79.0	199.0	75.0	213.0	99.0	196.0	160.0	164.0	141.0	180.0	174.0	213.0	172.0	235.0	163.0	251.0	180.0	187.0	201.0	159.0	194.0	197.0	206.0	172.0	223.0	177.0	263.0	178.0	255.0	248.0	261.0	206.0	282.0	220.0	296.0	220.0	361.0	182.0	0
71.0	200.0	68.0	216.0	96.0	198.0	154.0	163.0	137.0	178.0	173.0	213.0	171.0	238.0	162.0	253.0	181.0	186.0	200.0	156.0	195.0	196.0	205.0	168.0	226.0	174.0	269.0	178.0	253.0	250.0	265.0	208.0	283.0	221.0	299.0	221.0	366.0	185.0	0
70.0	199.0	66.0	215.0	93.0	197.0	158.0	163.0	140.0	178.0	176.0	214.0	172.0	237.0	161.0	255.0	182.0	186.0	201.0	157.0	199.0	197.0	205.0	170.0	228.0	175.0	270.0	179.0	255.0	250.0	269.0	207.0	290.0	220.0	304.0	220.0	371.0	183.0	0
68.0	201.0	65.0	216.0	91.0	198.0	155.0	161.0	134.0	179.0	175.0	214.0	169.0	238.0	160.0	255.0	176.0	184.0	200.0	155.0	199.0	197.0	205.0	168.0	227.0	174.0	270.0	176.0	260.0	252.0	267.0	206.0	292.0	222.0	307.0	222.0	375.0	181.0	0
71.0	199.0	66.0	214.0	95.0	196.0	156.0	163.0	139.0	178.0	174.0	213.0	168.0	236.0	159.0	253.0	180.0	185.0	201.0	157.0	199.0	198.0	205.0	169.0	228.0	175.0	271.0	178.0	257.0	251.0	266.0	207.0	285.0	220.0	300.0	220.0	369.0	184.0	0
71.0	201.0	68.0	215.0	93.0	198.0	155.0	163.0	137.0	179.0	172.0	213.0	169.0	237.0	160.0	253.0	180.0	186.0	202.0	157.0	196.0	198.0	207.0	170.0	230.0	176.0	273.0	179.0	259.0	249.0	267.0	208.0	288.0	220.0	302.0	220.0	372.0	184.0	0
65.0	201.0	62.0	215.0	87.0	199.0	155.0	162.0	139.0	177.0	176.0	212.0	172.0	236.0	162.0	252.0	178.0	184.0	199.0	156.0	198.0	197.0	205.0	169.0	231.0	175.0	276.0	177.0	257.0	251.0	269.0	205.0	292.0	220.0	307.0	221.0	375.0	183.0	0
66.0	200.0	62.0	215.0	86.0	197.0	154.0	160.0	133.0	177.0	172.0	215.0	170.0	240.0	160.0	257.0	175.0	183.0	200.0	154.0	196.0	196.0	203.0	167.0	231.0	173.0	274.0	176.0	260.0	254.0	270.0	207.0	293.0	221.0	306.0	221.0	376.0	183.0	0
18.0	183.0	83.0	210.0	105.0	200.0	163.0	165.0	147.0	181.0	179.0	211.0	176.0	234.0	168.0	248.0	183.0	186.0	206.0	165.0	200.0	196.0	229.0	176.0	256.0	243.0	265.0	177.0	263.0	204.0	266.0	255.0	281.0	217.0	296.0	217.0	358.0	185.0	0
77.0	201.0	73.0	217.0	100.0	198.0	160.0	163.0	141.0	179.0	176.0	214.0	175.0	238.0	165.0	255.0	180.0	186.0	201.0	157.0	197.0	196.0	204.0	169.0	222.0	174.0	267.0	178.0	256.0	251.0	264.0	207.0	286.0	220.0	299.0	220.0	367.0	184.0	0
72.0	200.0	67.0	214.0	93.0	198.0	157.0	162.0	140.0	178.0	172.0	213.0	170.0	236.0	160.0	253.0	179.0	185.0	202.0	156.0	194.0	197.0	207.0	169.0	228.0	175.0	273.0	179.0	256.0	250.0	267.0	207.0	286.0	221.0	301.0	221.0	369.0	185.0	0
72.0	200.0	67.0	215.0	95.0	198.0	157.0	163.0	141.0	178.0	173.0	215.0	171.0	239.0	162.0	255.0	180.0	186.0	203.0	157.0	198.0	197.0	208.0	170.0	228.0	175.0	268.0	178.0	257.0	252.0	265.0	207.0	288.0	222.0	299.0	221.0	369.0	185.0	0
71.0	201.0	68.0	217.0	95.0	199.0	155.0	162.0	136.0	178.0	172.0	213.0	172.0	237.0	161.0	254.0	178.0	184.0	200.0	155.0	197.0	196.0	206.0	168.0	228.0	174.0	270.0	177.0	256.0	250.0	264.0	205.0	290.0	222.0	303.0	222.0	370.0	185.0	0
71.0	200.0	68.0	215.0	94.0	198.0	159.0	163.0	140.0	180.0	174.0	213.0	172.0	236.0	162.0	253.0	178.0	186.0	198.0	157.0	195.0	197.0	203.0	169.0	227.0	175.0	275.0	177.0	256.0	251.0	266.0	205.0	288.0	220.0	304.0	220.0	375.0	188.0	0
72.0	201.0	66.0	214.0	93.0	198.0	158.0	161.0	138.0	177.0	172.0	214.0	168.0	237.0	158.0	254.0	178.0	185.0	200.0	155.0	198.0	198.0	206.0	169.0	227.0	174.0	268.0	177.0	259.0	253.0	268.0	207.0	290.0	221.0	303.0	221.0	368.0	183.0	0
70.0	199.0	66.0	216.0	93.0	197.0	160.0	161.0	143.0	176.0	172.0	214.0	170.0	238.0	159.0	255.0	179.0	184.0	204.0	155.0	199.0	198.0	208.0	169.0	230.0	174.0	270.0	177.0	255.0	253.0	267.0	208.0	288.0	222.0	305.0	222.0	372.0	185.0	0
69.0	200.0	65.0	214.0	92.0	198.0	157.0	162.0	137.0	179.0	174.0	213.0	172.0	237.0	163.0	254.0	178.0	185.0	200.0	156.0	196.0	196.0	206.0	169.0	229.0	174.0	270.0	176.0	258.0	250.0	271.0	207.0	289.0	220.0	303.0	219.0	373.0	184.0	0
82.0	201.0	78.0	213.0	103.0	197.0	160.0	164.0	142.0	180.0	173.0	213.0	169.0	234.0	160.0	250.0	179.0	186.0	200.0	160.0	194.0	197.0	204.0	172.0	223.0	177.0	262.0	180.0	255.0	247.0	261.0	207.0	279.0	219.0	292.0	219.0	358.0	185.0	0
72.0	201.0	67.0	217.0	96.0	198.0	156.0	162.0	140.0	177.0	174.0	214.0	172.0	237.0	163.0	255.0	178.0	184.0	199.0	156.0	193.0	195.0	205.0	170.0	227.0	175.0	270.0	178.0	257.0	249.0	265.0	205.0	287.0	220.0	302.0	220.0	368.0	184.0	0
78.0	200.0	74.0	214.0	101.0	197.0	159.0	165.0	144.0	179.0	175.0	212.0	173.0	234.0	164.0	251.0	182.0	187.0	202.0	160.0	197.0	198.0	207.0	171.0	225.0	177.0	264.0	179.0	257.0	245.0	262.0	207.0	282.0	218.0	295.0	218.0	360.0	185.0	0
80.0	200.0	77.0	215.0	98.0	198.0	159.0	164.0	140.0	179.0	176.0	213.0	174.0	237.0	165.0	253.0	178.0	185.0	200.0	157.0	197.0	195.0	205.0	170.0	222.0	174.0	266.0	178.0	258.0	248.0	263.0	205.0	286.0	220.0	300.0	219.0	364.0	184.0	0
74.0	201.0	69.0	216.0	93.0	198.0	159.0	162.0	138.0	178.0	172.0	213.0	170.0	237.0	163.0	254.0	173.0	183.0	199.0	156.0	195.0	197.0	203.0	168.0	222.0	173.0	266.0	176.0	260.0	249.0	268.0	206.0	289.0	220.0	302.0	219.0	369.0	182.0	0
74.0	201.0	70.0	216.0	96.0	199.0	159.0	163.0	140.0	178.0	173.0	213.0	168.0	236.0	161.0	253.0	178.0	185.0	199.0	156.0	196.0	197.0	203.0	169.0	222.0	175.0	266.0	178.0	257.0	250.0	262.0	206.0	285.0	221.0	300.0	221.0	368.0	186.0	0
81.0	202.0	77.0	215.0	99.0	199.0	159.0	165.0	144.0	180.0	177.0	212.0	175.0	235.0	167.0	251.0	180.0	186.0	198.0	159.0	195.0	196.0	205.0	171.0	224.0	175.0	261.0	177.0	255.0	245.0	263.0	205.0	282.0	218.0	295.0	218.0	356.0	184.0	0
71.0	201.0	66.0	218.0	94.0	198.0	156.0	162.0	137.0	179.0	175.0	214.0	172.0	237.0	162.0	254.0	180.0	185.0	199.0	155.0	198.0	196.0	203.0	169.0	227.0	174.0	272.0	178.0	261.0	252.0	267.0	206.0	291.0	220.0	304.0	220.0	373.0	185.0	0
71.0	200.0	69.0	217.0	90.0	198.0	155.0	163.0	137.0	179.0	173.0	215.0	171.0	238.0	161.0	254.0	178.0	186.0	198.0	157.0	197.0	198.0	203.0	170.0	226.0	176.0	273.0	178.0	257.0	250.0	267.0	207.0	289.0	221.0	303.0	221.0	371.0	184.0	0
75.0	201.0	73.0	217.0	99.0	198.0	158.0	162.0	142.0	178.0	173.0	212.0	170.0	235.0	161.0	251.0	179.0	185.0	200.0	157.0	196.0	196.0	205.0	169.0	227.0	175.0	269.0	179.0	253.0	248.0	264.0	207.0	282.0	219.0	295.0	219.0	363.0	187.0	0
80.0	201.0	75.0	214.0	99.0	199.0	156.0	166.0	141.0	180.0	174.0	211.0	173.0	234.0	165.0	250.0	181.0	187.0	200.0	160.0	195.0	197.0	203.0	171.0	226.0	177.0	266.0	179.0	258.0	246.0	260.0	205.0	282.0	220.0	296.0	219.0	360.0	183.0	0
76.0	201.0	73.0	215.0	99.0	198.0	158.0	162.0	141.0	178.0	173.0	212.0	172.0	236.0	161.0	251.0	179.0	185.0	200.0	158.0	196.0	195.0	204.0	170.0	226.0	176.0	266.0	178.0	253.0	248.0	262.0	205.0	283.0	219.0	296.0	218.0	362.0	187.0	0
73.0	200.0	69.0	216.0	96.0	198.0	158.0	162.0	140.0	178.0	174.0	214.0	171.0	236.0	161.0	253.0	178.0	185.0	201.0	157.0	196.0	197.0	203.0	169.0	228.0	176.0	267.0	177.0	258.0	252.0	267.0	207.0	288.0	221.0	305.0	221.0	371.0	183.0	0
65.0	200.0	60.0	216.0	91.0	198.0	153.0	162.0	135.0	178.0	175.0	214.0	173.0	240.0	161.0	259.0	176.0	185.0	199.0	154.0	195.0	197.0	205.0	169.0	223.0	173.0	267.0	176.0	260.0	254.0	266.0	205.0	292.0	222.0	307.0	221.0	377.0	181.0	0
65.0	202.0	62.0	218.0	89.0	199.0	154.0	160.0	137.0	177.0	171.0	213.0	170.0	239.0	159.0	257.0	177.0	184.0	200.0	155.0	195.0	195.0	204.0	167.0	225.0	173.0	276.0	176.0	261.0	253.0	272.0	207.0	295.0	222.0	311.0	222.0	379.0	184.0	0
72.0	203.0	68.0	218.0	92.0	200.0	156.0	162.0	138.0	178.0	175.0	213.0	171.0	236.0	164.0	254.0	176.0	183.0	199.0	156.0	198.0	197.0	204.0	168.0	224.0	173.0	269.0	176.0	259.0	250.0	264.0	205.0	287.0	220.0	302.0	220.0	375.0	186.0	0
65.0	200.0	62.0	215.0	88.0	198.0	155.0	161.0	137.0	176.0	173.0	213.0	170.0	238.0	160.0	254.0	178.0	183.0	200.0	155.0	198.0	195.0	205.0	167.0	228.0	173.0	273.0	177.0	262.0	252.0	270.0	207.0	291.0	221.0	306.0	221.0	376.0	184.0	0
72.0	200.0	67.0	215.0	94.0	198.0	158.0	163.0	143.0	176.0	173.0	214.0	171.0	237.0	160.0	254.0	183.0	186.0	200.0	157.0	199.0	198.0	205.0	170.0	228.0	176.0	267.0	178.0	254.0	250.0	267.0	208.0	285.0	221.0	300.0	220.0	366.0	184.0	0
77.0	200.0	71.0	216.0	98.0	197.0	158.0	162.0	143.0	178.0	174.0	212.0	171.0	236.0	160.0	252.0	180.0	185.0	199.0	156.0	195.0	195.0	203.0	169.0	223.0	174.0	269.0	178.0	255.0	248.0	262.0	205.0	285.0	220.0	300.0	220.0	362.0	184.0	0
75.0	201.0	71.0	216.0	97.0	198.0	159.0	164.0	142.0	180.0	175.0	213.0	170.0	236.0	161.0	251.0	177.0	185.0	202.0	157.0	196.0	197.0	204.0	170.0	224.0	175.0	267.0	178.0	255.0	249.0	264.0	207.0	284.0	221.0	298.0	221.0	366.0	185.0	0
71.0	202.0	66.0	217.0	94.0	199.0	156.0	162.0	139.0	177.0	172.0	213.0	172.0	237.0	161.0	254.0	176.0	184.0	202.0	155.0	198.0	197.0	207.0	168.0	227.0	173.0	270.0	177.0	256.0	251.0	267.0	206.0	289.0	221.0	303.0	221.0	371.0	186.0	0
86.0	201.0	83.0	215.0	105.0	198.0	158.0	166.0	143.0	181.0	174.0	211.0	174.0	232.0	165.0	247.0	179.0	186.0	197.0	160.0	193.0	195.0	201.0	171.0	221.0	175.0	264.0	179.0	249.0	245.0	260.0	205.0	280.0	218.0	291.0	218.0	352.0	184.0	0
68.0	200.0	64.0	216.0	92.0	198.0	156.0	162.0	139.0	178.0	170.0	213.0	168.0	237.0	159.0	254.0	178.0	184.0	199.0	156.0	195.0	196.0	203.0	169.0	229.0	175.0	273.0	178.0	259.0	250.0	268.0	206.0	290.0	221.0	305.0	221.0	374.0	184.0	0
74.0	199.0	70.0	215.0	98.0	197.0	157.0	162.0	139.0	177.0	174.0	213.0	171.0	237.0	163.0	254.0	182.0	186.0	203.0	156.0	196.0	196.0	207.0	169.0	228.0	174.0	267.0	177.0	258.0	250.0	265.0	206.0	288.0	220.0	301.0	220.0	369.0	183.0	0
70.0	203.0	65.0	213.0	88.0	201.0	154.0	164.0	137.0	181.0	170.0	214.0	168.0	237.0	162.0	249.0	177.0	187.0	196.0	157.0	194.0	198.0	201.0	170.0	224.0	176.0	265.0	178.0	256.0	249.0	263.0	207.0	284.0	220.0	299.0	220.0	366.0	182.0	0
78.0	200.0	73.0	214.0	103.0	197.0	158.0	165.0	141.0	180.0	176.0	213.0	173.0	236.0	163.0	251.0	181.0	187.0	198.0	159.0	195.0	197.0	204.0	170.0	225.0	175.0	263.0	178.0	254.0	250.0	263.0	206.0	284.0	220.0	296.0	220.0	363.0	183.0	0
69.0	201.0	68.0	217.0	92.0	199.0	157.0	162.0	137.0	178.0	176.0	215.0	171.0	238.0	161.0	255.0	178.0	184.0	200.0	155.0	198.0	197.0	205.0	168.0	224.0	173.0	268.0	175.0	259.0	251.0	270.0	208.0	288.0	220.0	304.0	221.0	369.0	184.0	0
72.0	200.0	67.0	214.0	98.0	198.0	160.0	164.0	142.0	179.0	175.0	213.0	171.0	235.0	162.0	251.0	181.0	186.0	202.0	159.0	200.0	199.0	205.0	171.0	226.0	176.0	265.0	178.0	258.0	249.0	266.0	207.0	287.0	221.0	301.0	220.0	366.0	183.0	0
74.0	200.0	69.0	216.0	96.0	198.0	159.0	163.0	139.0	178.0	173.0	214.0	171.0	237.0	160.0	255.0	180.0	186.0	201.0	157.0	196.0	197.0	205.0	169.0	226.0	175.0	268.0	178.0	256.0	251.0	264.0	208.0	285.0	222.0	301.0	222.0	368.0	185.0	0
69.0	198.0	21.0	202.0	64.0	214.0	161.0	159.0	143.0	176.0	173.0	238.0	176.0	214.0	162.0	255.0	93.0	196.0	185.0	184.0	199.0	194.0	209.0	160.0	234.0	172.0	277.0	176.0	263.0	254.0	274.0	207.0	296.0	222.0	311.0	222.0	383.0	184.0	0
88.0	200.0	83.0	213.0	108.0	197.0	164.0	166.0	147.0	181.0	177.0	211.0	175.0	232.0	165.0	247.0	181.0	186.0	200.0	161.0	198.0	197.0	203.0	172.0	221.0	177.0	261.0	179.0	251.0	244.0	258.0	205.0	279.0	219.0	290.0	218.0	350.0	185.0	0
77.0	199.0	72.0	215.0	100.0	196.0	161.0	164.0	142.0	179.0	174.0	212.0	173.0	236.0	163.0	253.0	180.0	186.0	202.0	157.0	196.0	196.0	206.0	171.0	226.0	176.0	264.0	179.0	255.0	249.0	262.0	205.0	285.0	220.0	298.0	219.0	367.0	184.0	0
73.0	200.0	69.0	215.0	98.0	197.0	156.0	163.0	139.0	179.0	174.0	214.0	171.0	238.0	162.0	254.0	179.0	186.0	200.0	156.0	197.0	197.0	204.0	169.0	225.0	174.0	267.0	178.0	256.0	250.0	264.0	206.0	288.0	221.0	302.0	222.0	365.0	183.0	0
74.0	200.0	69.0	216.0	92.0	198.0	160.0	160.0	141.0	177.0	175.0	215.0	171.0	240.0	161.0	256.0	180.0	185.0	202.0	155.0	199.0	198.0	208.0	169.0	227.0	173.0	268.0	176.0	252.0	253.0	264.0	207.0	285.0	221.0	299.0	221.0	366.0	186.0	0
69.0	201.0	65.0	216.0	92.0	198.0	159.0	161.0	140.0	178.0	172.0	214.0	168.0	238.0	159.0	256.0	182.0	186.0	201.0	154.0	195.0	195.0	207.0	168.0	228.0	174.0	271.0	177.0	256.0	253.0	267.0	208.0	287.0	221.0	300.0	221.0	371.0	187.0	0
70.0	199.0	66.0	216.0	89.0	198.0	157.0	161.0	139.0	177.0	172.0	213.0	171.0	237.0	162.0	255.0	176.0	185.0	201.0	155.0	195.0	197.0	207.0	169.0	226.0	174.0	271.0	178.0	256.0	251.0	265.0	206.0	285.0	220.0	300.0	220.0	367.0	184.0	0
77.0	200.0	73.0	216.0	96.0	198.0	158.0	161.0	141.0	177.0	175.0	214.0	172.0	238.0	163.0	256.0	179.0	184.0	202.0	155.0	196.0	195.0	206.0	167.0	226.0	172.0	272.0	177.0	256.0	251.0	265.0	206.0	287.0	221.0	301.0	221.0	365.0	185.0	0
85.0	201.0	82.0	214.0	103.0	198.0	161.0	164.0	145.0	179.0	176.0	213.0	174.0	235.0	166.0	248.0	182.0	187.0	199.0	160.0	197.0	197.0	205.0	171.0	225.0	176.0	265.0	180.0	251.0	245.0	259.0	205.0	278.0	218.0	291.0	217.0	353.0	186.0	0
73.0	201.0	69.0	213.0	94.0	197.0	154.0	164.0	137.0	179.0	171.0	211.0	165.0	234.0	158.0	249.0	177.0	184.0	196.0	158.0	192.0	197.0	200.0	170.0	223.0	176.0	260.0	178.0	250.0	247.0	257.0	206.0	277.0	219.0	290.0	220.0	357.0	186.0	0
81.0	200.0	76.0	214.0	101.0	198.0	162.0	164.0	143.0	179.0	177.0	213.0	173.0	235.0	165.0	251.0	180.0	185.0	203.0	159.0	201.0	198.0	208.0	171.0	228.0	176.0	263.0	178.0	255.0	245.0	261.0	205.0	281.0	219.0	294.0	219.0	359.0	188.0	0
71.0	200.0	67.0	216.0	94.0	198.0	157.0	161.0	142.0	177.0	175.0	215.0	171.0	238.0	160.0	256.0	181.0	184.0	202.0	155.0	202.0	197.0	206.0	168.0	228.0	174.0	271.0	177.0	259.0	252.0	268.0	207.0	289.0	221.0	303.0	220.0	367.0	183.0	0
74.0	200.0	71.0	216.0	98.0	198.0	158.0	163.0	139.0	179.0	174.0	214.0	172.0	236.0	163.0	252.0	181.0	187.0	200.0	157.0	194.0	197.0	205.0	170.0	227.0	176.0	268.0	179.0	253.0	249.0	262.0	205.0	283.0	220.0	299.0	219.0	367.0	185.0	0
71.0	200.0	65.0	215.0	93.0	198.0	156.0	162.0	139.0	178.0	174.0	214.0	170.0	237.0	160.0	254.0	178.0	185.0	201.0	155.0	196.0	197.0	205.0	169.0	225.0	174.0	272.0	178.0	256.0	252.0	267.0	208.0	286.0	221.0	301.0	222.0	371.0	185.0	0
70.0	201.0	66.0	216.0	93.0	198.0	156.0	161.0	137.0	178.0	173.0	215.0	168.0	238.0	158.0	255.0	177.0	184.0	201.0	155.0	197.0	197.0	204.0	168.0	225.0	173.0	270.0	176.0	262.0	252.0	267.0	207.0	293.0	223.0	306.0	223.0	375.0	182.0	0
73.0	201.0	69.0	216.0	94.0	198.0	157.0	162.0	140.0	178.0	174.0	214.0	170.0	236.0	161.0	253.0	178.0	185.0	201.0	157.0	197.0	197.0	206.0	169.0	228.0	175.0	269.0	178.0	254.0	249.0	270.0	209.0	287.0	220.0	301.0	220.0	369.0	185.0	0
80.0	202.0	76.0	216.0	100.0	199.0	159.0	165.0	142.0	179.0	176.0	213.0	175.0	236.0	166.0	251.0	178.0	185.0	198.0	159.0	195.0	196.0	201.0	171.0	219.0	175.0	263.0	177.0	257.0	247.0	265.0	206.0	285.0	219.0	299.0	219.0	363.0	184.0	0
73.0	202.0	70.0	217.0	91.0	200.0	156.0	162.0	138.0	178.0	174.0	212.0	174.0	236.0	165.0	253.0	177.0	184.0	202.0	154.0	194.0	194.0	206.0	168.0	225.0	173.0	268.0	176.0	259.0	248.0	267.0	207.0	288.0	220.0	303.0	221.0	372.0	187.0	0
78.0	200.0	75.0	215.0	99.0	198.0	160.0	164.0	141.0	180.0	176.0	214.0	173.0	236.0	163.0	252.0	179.0	185.0	204.0	158.0	199.0	197.0	208.0	171.0	226.0	175.0	268.0	178.0	256.0	250.0	266.0	207.0	284.0	220.0	301.0	221.0	368.0	184.0	0
66.0	200.0	62.0	215.0	90.0	198.0	157.0	162.0	140.0	178.0	174.0	214.0	169.0	239.0	159.0	256.0	179.0	185.0	200.0	156.0	198.0	198.0	205.0	169.0	225.0	174.0	271.0	176.0	259.0	253.0	266.0	207.0	290.0	221.0	304.0	220.0	377.0	182.0	0
76.0	200.0	71.0	215.0	99.0	197.0	160.0	164.0	142.0	179.0	174.0	213.0	172.0	236.0	161.0	252.0	182.0	186.0	201.0	158.0	195.0	196.0	206.0	171.0	227.0	176.0	267.0	179.0	254.0	248.0	263.0	207.0	282.0	220.0	298.0	220.0	363.0	184.0	0
76.0	201.0	72.0	216.0	98.0	198.0	157.0	164.0	140.0	179.0	175.0	213.0	172.0	235.0	165.0	252.0	182.0	187.0	201.0	158.0	199.0	197.0	205.0	171.0	225.0	176.0	266.0	178.0	260.0	248.0	267.0	207.0	287.0	220.0	300.0	219.0	364.0	184.0	0
78.0	202.0	74.0	216.0	100.0	199.0	159.0	165.0	143.0	179.0	176.0	213.0	174.0	236.0	164.0	252.0	183.0	187.0	200.0	159.0	195.0	195.0	205.0	172.0	225.0	177.0	264.0	178.0	256.0	248.0	263.0	206.0	283.0	220.0	296.0	220.0	358.0	184.0	0
68.0	200.0	64.0	217.0	93.0	198.0	155.0	161.0	138.0	177.0	174.0	215.0	171.0	239.0	161.0	256.0	180.0	184.0	201.0	155.0	198.0	196.0	206.0	168.0	228.0	173.0	270.0	176.0	263.0	253.0	265.0	204.0	294.0	222.0	307.0	222.0	375.0	183.0	0
79.0	201.0	75.0	214.0	102.0	198.0	161.0	164.0	144.0	178.0	176.0	213.0	171.0	235.0	162.0	250.0	182.0	186.0	202.0	159.0	197.0	198.0	206.0	172.0	224.0	177.0	264.0	179.0	254.0	249.0	260.0	205.0	284.0	220.0	296.0	220.0	362.0	185.0	0
76.0	200.0	71.0	215.0	98.0	198.0	158.0	163.0	141.0	178.0	174.0	213.0	172.0	236.0	165.0	253.0	179.0	185.0	199.0	157.0	196.0	197.0	204.0	170.0	224.0	175.0	268.0	178.0	256.0	248.0	265.0	207.0	285.0	220.0	299.0	220.0	365.0	186.0	0
76.0	200.0	70.0	215.0	97.0	198.0	160.0	164.0	143.0	179.0	175.0	213.0	172.0	236.0	164.0	252.0	181.0	186.0	203.0	158.0	201.0	197.0	208.0	170.0	230.0	176.0	268.0	179.0	259.0	249.0	266.0	207.0	286.0	220.0	298.0	220.0	364.0	186.0	0
75.0	201.0	70.0	216.0	97.0	198.0	158.0	164.0	142.0	179.0	176.0	214.0	172.0	236.0	162.0	253.0	181.0	186.0	200.0	157.0	198.0	196.0	204.0	169.0	226.0	175.0	268.0	178.0	260.0	250.0	267.0	206.0	288.0	220.0	302.0	219.0	364.0	182.0	0
70.0	200.0	66.0	216.0	93.0	198.0	157.0	162.0	141.0	177.0	173.0	213.0	171.0	238.0	160.0	255.0	180.0	184.0	200.0	156.0	197.0	196.0	204.0	168.0	227.0	175.0	271.0	177.0	258.0	251.0	267.0	207.0	290.0	221.0	304.0	220.0	370.0	183.0	0
80.0	201.0	76.0	215.0	99.0	199.0	161.0	165.0	144.0	180.0	175.0	212.0	172.0	233.0	163.0	248.0	182.0	187.0	201.0	160.0	197.0	197.0	205.0	172.0	226.0	176.0	267.0	180.0	251.0	245.0	260.0	206.0	279.0	218.0	293.0	219.0	357.0	189.0	0
65.0	201.0	61.0	216.0	87.0	199.0	152.0	161.0	131.0	178.0	169.0	213.0	167.0	237.0	159.0	254.0	174.0	185.0	195.0	155.0	192.0	195.0	201.0	168.0	221.0	173.0	267.0	176.0	257.0	250.0	263.0	205.0	284.0	219.0	300.0	220.0	370.0	182.0	0
62.0	204.0	57.0	219.0	83.0	200.0	151.0	161.0	131.0	177.0	171.0	215.0	169.0	241.0	157.0	260.0	180.0	186.0	195.0	154.0	194.0	196.0	201.0	167.0	223.0	172.0	271.0	175.0	262.0	256.0	266.0	205.0	295.0	223.0	309.0	222.0	379.0	183.0	0
76.0	201.0	72.0	216.0	99.0	198.0	159.0	164.0	141.0	178.0	174.0	211.0	171.0	234.0	164.0	252.0	182.0	186.0	199.0	159.0	195.0	195.0	203.0	170.0	227.0	176.0	267.0	179.0	258.0	246.0	262.0	204.0	284.0	218.0	297.0	217.0	364.0	187.0	1
74.0	202.0	71.0	217.0	99.0	198.0	156.0	163.0	141.0	178.0	176.0	213.0	174.0	237.0	164.0	255.0	183.0	185.0	198.0	157.0	199.0	196.0	205.0	170.0	226.0	176.0	263.0	178.0	254.0	250.0	262.0	204.0	287.0	220.0	299.0	219.0	366.0	186.0	1
78.0	202.0	74.0	216.0	99.0	199.0	158.0	164.0	140.0	180.0	172.0	213.0	170.0	235.0	163.0	251.0	179.0	186.0	199.0	158.0	195.0	196.0	204.0	170.0	226.0	176.0	267.0	178.0	255.0	247.0	264.0	206.0	284.0	219.0	296.0	218.0	365.0	187.0	1
76.0	200.0	73.0	215.0	101.0	198.0	157.0	164.0	142.0	179.0	174.0	212.0	171.0	235.0	161.0	251.0	180.0	185.0	201.0	158.0	197.0	197.0	206.0	170.0	226.0	176.0	268.0	178.0	253.0	249.0	260.0	205.0	284.0	220.0	297.0	220.0	365.0	184.0	1
75.0	201.0	70.0	216.0	96.0	199.0	158.0	163.0	141.0	179.0	172.0	213.0	170.0	236.0	161.0	251.0	181.0	186.0	202.0	158.0	197.0	197.0	207.0	170.0	228.0	176.0	267.0	178.0	258.0	247.0	266.0	207.0	283.0	219.0	296.0	219.0	366.0	187.0	1
77.0	201.0	72.0	216.0	101.0	198.0	158.0	162.0	143.0	178.0	174.0	213.0	171.0	235.0	164.0	253.0	182.0	184.0	200.0	157.0	200.0	197.0	204.0	169.0	225.0	175.0	262.0	178.0	257.0	250.0	260.0	205.0	284.0	220.0	297.0	220.0	363.0	187.0	1
72.0	201.0	70.0	216.0	96.0	199.0	157.0	163.0	140.0	178.0	172.0	212.0	169.0	235.0	161.0	251.0	180.0	186.0	199.0	158.0	194.0	196.0	204.0	170.0	225.0	175.0	272.0	178.0	257.0	249.0	267.0	207.0	286.0	219.0	299.0	219.0	367.0	185.0	1
77.0	200.0	72.0	215.0	101.0	197.0	160.0	163.0	146.0	178.0	177.0	212.0	172.0	234.0	163.0	251.0	183.0	185.0	202.0	157.0	198.0	196.0	207.0	169.0	227.0	175.0	263.0	178.0	258.0	247.0	259.0	204.0	282.0	219.0	293.0	219.0	361.0	187.0	1
76.0	203.0	71.0	217.0	95.0	200.0	155.0	163.0	141.0	178.0	176.0	213.0	173.0	237.0	164.0	254.0	181.0	185.0	198.0	156.0	199.0	197.0	202.0	168.0	224.0	174.0	265.0	177.0	258.0	248.0	262.0	205.0	288.0	220.0	301.0	220.0	364.0	187.0	1
71.0	201.0	65.0	217.0	93.0	198.0	157.0	160.0	135.0	177.0	171.0	213.0	167.0	236.0	159.0	253.0	181.0	184.0	203.0	152.0	197.0	197.0	208.0	167.0	231.0	174.0	270.0	176.0	255.0	251.0	265.0	206.0	287.0	221.0	301.0	221.0	375.0	187.0	1
70.0	202.0	67.0	217.0	94.0	198.0	155.0	161.0	136.0	178.0	170.0	214.0	167.0	237.0	158.0	255.0	179.0	185.0	202.0	154.0	195.0	196.0	207.0	168.0	227.0	173.0	270.0	177.0	258.0	251.0	269.0	208.0	289.0	221.0	303.0	222.0	374.0	188.0	1
74.0	200.0	69.0	214.0	96.0	197.0	156.0	162.0	141.0	178.0	172.0	213.0	170.0	236.0	161.0	251.0	182.0	185.0	201.0	157.0	198.0	196.0	206.0	169.0	227.0	175.0	267.0	177.0	252.0	249.0	263.0	206.0	283.0	220.0	296.0	220.0	367.0	187.0	1
76.0	201.0	73.0	216.0	100.0	198.0	158.0	164.0	144.0	178.0	174.0	212.0	172.0	235.0	163.0	252.0	183.0	186.0	201.0	158.0	198.0	197.0	205.0	170.0	226.0	176.0	264.0	179.0	252.0	248.0	262.0	207.0	282.0	220.0	296.0	220.0	363.0	187.0	1
78.0	203.0	74.0	219.0	95.0	200.0	155.0	162.0	138.0	178.0	174.0	213.0	172.0	237.0	165.0	255.0	181.0	184.0	198.0	156.0	195.0	195.0	202.0	168.0	223.0	173.0	262.0	176.0	256.0	247.0	261.0	205.0	285.0	220.0	298.0	220.0	368.0	188.0	1
73.0	200.0	69.0	216.0	98.0	197.0	157.0	163.0	142.0	177.0	171.0	212.0	168.0	236.0	158.0	253.0	181.0	186.0	199.0	157.0	196.0	196.0	205.0	170.0	226.0	175.0	268.0	179.0	256.0	251.0	262.0	206.0	284.0	221.0	297.0	220.0	368.0	186.0	1
71.0	201.0	66.0	217.0	92.0	198.0	154.0	161.0	136.0	178.0	173.0	214.0	172.0	238.0	164.0	256.0	177.0	185.0	200.0	155.0	197.0	197.0	206.0	168.0	224.0	173.0	263.0	176.0	259.0	250.0	262.0	203.0	289.0	219.0	301.0	219.0	373.0	185.0	1
73.0	200.0	69.0	215.0	94.0	198.0	158.0	163.0	139.0	179.0	171.0	213.0	169.0	237.0	160.0	253.0	180.0	185.0	202.0	157.0	194.0	195.0	206.0	170.0	225.0	175.0	269.0	178.0	258.0	251.0	268.0	208.0	287.0	220.0	300.0	220.0	372.0	185.0	1
70.0	201.0	66.0	215.0	94.0	198.0	156.0	163.0	141.0	177.0	171.0	213.0	166.0	235.0	158.0	252.0	180.0	184.0	200.0	156.0	199.0	198.0	205.0	169.0	227.0	175.0	268.0	178.0	258.0	250.0	266.0	208.0	287.0	221.0	299.0	220.0	369.0	186.0	1
73.0	200.0	69.0	215.0	97.0	198.0	158.0	161.0	141.0	177.0	172.0	213.0	171.0	237.0	161.0	254.0	175.0	183.0	204.0	154.0	196.0	196.0	206.0	168.0	227.0	174.0	268.0	177.0	258.0	251.0	264.0	206.0	287.0	220.0	300.0	221.0	373.0	185.0	1
75.0	200.0	72.0	217.0	100.0	197.0	156.0	163.0	141.0	178.0	172.0	214.0	169.0	237.0	162.0	255.0	181.0	184.0	201.0	156.0	198.0	197.0	204.0	168.0	226.0	174.0	264.0	176.0	257.0	251.0	264.0	206.0	288.0	221.0	301.0	220.0	366.0	184.0	1
76.0	202.0	73.0	215.0	98.0	199.0	157.0	163.0	141.0	179.0	173.0	213.0	171.0	236.0	163.0	251.0	182.0	186.0	202.0	157.0	196.0	197.0	206.0	170.0	226.0	175.0	267.0	178.0	254.0	249.0	263.0	206.0	285.0	220.0	298.0	220.0	366.0	188.0	1
72.0	200.0	66.0	215.0	96.0	198.0	155.0	161.0	138.0	176.0	173.0	215.0	172.0	239.0	162.0	255.0	177.0	184.0	200.0	156.0	196.0	197.0	203.0	166.0	225.0	173.0	269.0	177.0	256.0	252.0	264.0	206.0	286.0	219.0	300.0	219.0	371.0	185.0	1
70.0	200.0	67.0	215.0	98.0	197.0	155.0	162.0	137.0	179.0	172.0	212.0	171.0	235.0	161.0	253.0	181.0	185.0	202.0	155.0	197.0	197.0	208.0	169.0	227.0	173.0	268.0	176.0	254.0	249.0	264.0	207.0	284.0	220.0	299.0	221.0	369.0	184.0	1
74.0	200.0	71.0	214.0	94.0	199.0	158.0	164.0	141.0	179.0	172.0	213.0	169.0	236.0	162.0	253.0	177.0	185.0	200.0	158.0	197.0	198.0	204.0	169.0	228.0	175.0	268.0	178.0	257.0	250.0	265.0	206.0	288.0	220.0	300.0	219.0	365.0	183.0	1
76.0	201.0	73.0	216.0	98.0	198.0	157.0	162.0	139.0	180.0	173.0	212.0	172.0	236.0	161.0	251.0	181.0	186.0	198.0	157.0	197.0	197.0	204.0	170.0	227.0	176.0	268.0	178.0	253.0	248.0	265.0	206.0	286.0	220.0	297.0	219.0	367.0	188.0	1
73.0	201.0	69.0	216.0	97.0	198.0	156.0	164.0	139.0	180.0	173.0	214.0	172.0	237.0	165.0	253.0	180.0	186.0	202.0	157.0	197.0	196.0	206.0	170.0	226.0	175.0	271.0	179.0	258.0	249.0	265.0	206.0	287.0	221.0	300.0	221.0	368.0	187.0	1
71.0	199.0	66.0	215.0	94.0	196.0	159.0	162.0	141.0	177.0	174.0	213.0	171.0	236.0	161.0	254.0	184.0	185.0	204.0	155.0	199.0	197.0	208.0	167.0	229.0	173.0	269.0	177.0	256.0	250.0	267.0	206.0	287.0	220.0	299.0	220.0	370.0	187.0	1
74.0	201.0	69.0	214.0	97.0	199.0	158.0	163.0	142.0	179.0	174.0	213.0	170.0	236.0	160.0	252.0	179.0	185.0	201.0	158.0	196.0	196.0	205.0	169.0	226.0	174.0	269.0	178.0	254.0	248.0	263.0	206.0	286.0	220.0	297.0	219.0	365.0	185.0	1
69.0	200.0	63.0	217.0	91.0	197.0	154.0	159.0	137.0	175.0	171.0	215.0	169.0	240.0	161.0	260.0	181.0	184.0	201.0	152.0	196.0	196.0	206.0	166.0	227.0	171.0	270.0	175.0	259.0	252.0	270.0	207.0	293.0	222.0	308.0	222.0	378.0	183.0	1
73.0	201.0	68.0	215.0	98.0	198.0	156.0	164.0	142.0	178.0	174.0	212.0	172.0	235.0	163.0	251.0	178.0	183.0	200.0	158.0	198.0	196.0	204.0	169.0	225.0	174.0	266.0	177.0	257.0	248.0	263.0	204.0	286.0	219.0	300.0	219.0	365.0	186.0	1
70.0	201.0	65.0	215.0	97.0	198.0	158.0	162.0	141.0	178.0	172.0	212.0	171.0	235.0	162.0	252.0	183.0	185.0	201.0	156.0	197.0	196.0	206.0	169.0	227.0	175.0	271.0	178.0	258.0	248.0	267.0	206.0	288.0	220.0	301.0	220.0	373.0	187.0	1
72.0	201.0	69.0	216.0	93.0	198.0	155.0	162.0	139.0	178.0	175.0	214.0	170.0	237.0	163.0	254.0	185.0	185.0	202.0	156.0	202.0	197.0	207.0	169.0	228.0	175.0	267.0	177.0	260.0	250.0	266.0	206.0	289.0	220.0	303.0	220.0	373.0	186.0	1
75.0	200.0	72.0	217.0	96.0	198.0	157.0	161.0	139.0	178.0	174.0	214.0	170.0	237.0	161.0	254.0	183.0	185.0	201.0	154.0	198.0	197.0	206.0	168.0	227.0	174.0	265.0	177.0	257.0	250.0	266.0	206.0	288.0	221.0	300.0	220.0	368.0	185.0	1
76.0	201.0	72.0	216.0	96.0	199.0	159.0	162.0	142.0	178.0	175.0	214.0	171.0	238.0	162.0	254.0	182.0	185.0	202.0	157.0	199.0	197.0	205.0	168.0	225.0	174.0	266.0	177.0	257.0	251.0	263.0	206.0	287.0	221.0	300.0	221.0	365.0	186.0	1
77.0	201.0	72.0	215.0	101.0	199.0	159.0	162.0	144.0	177.0	174.0	213.0	171.0	236.0	161.0	252.0	182.0	184.0	202.0	156.0	201.0	197.0	206.0	167.0	225.0	174.0	267.0	178.0	257.0	250.0	260.0	205.0	283.0	220.0	297.0	221.0	365.0	185.0	1
77.0	203.0	74.0	216.0	98.0	200.0	156.0	164.0	141.0	180.0	174.0	212.0	173.0	235.0	167.0	250.0	183.0	186.0	200.0	158.0	196.0	196.0	204.0	170.0	225.0	175.0	268.0	178.0	254.0	246.0	265.0	206.0	284.0	220.0	298.0	220.0	367.0	187.0	1
76.0	201.0	72.0	215.0	98.0	198.0	159.0	163.0	144.0	177.0	174.0	213.0	172.0	236.0	163.0	253.0	182.0	185.0	201.0	157.0	198.0	196.0	204.0	169.0	222.0	174.0	264.0	177.0	254.0	248.0	264.0	208.0	282.0	220.0	295.0	220.0	366.0	186.0	1
71.0	200.0	66.0	216.0	95.0	198.0	160.0	162.0	140.0	178.0	173.0	213.0	171.0	239.0	163.0	256.0	185.0	187.0	201.0	156.0	194.0	195.0	205.0	169.0	223.0	174.0	268.0	177.0	259.0	251.0	266.0	206.0	289.0	221.0	303.0	221.0	368.0	184.0	1
74.0	200.0	71.0	216.0	98.0	197.0	157.0	162.0	140.0	177.0	172.0	212.0	169.0	235.0	160.0	251.0	181.0	185.0	202.0	155.0	199.0	195.0	206.0	168.0	228.0	174.0	270.0	177.0	256.0	249.0	265.0	206.0	286.0	219.0	298.0	219.0	367.0	185.0	1
73.0	202.0	69.0	217.0	98.0	198.0	157.0	162.0	139.0	179.0	175.0	213.0	172.0	238.0	164.0	254.0	179.0	184.0	199.0	156.0	200.0	197.0	205.0	169.0	223.0	174.0	268.0	178.0	258.0	250.0	266.0	207.0	287.0	220.0	300.0	219.0	370.0	186.0	1
69.0	201.0	65.0	218.0	90.0	198.0	154.0	160.0	134.0	178.0	172.0	215.0	169.0	239.0	161.0	257.0	179.0	185.0	200.0	154.0	193.0	196.0	205.0	167.0	226.0	173.0	268.0	175.0	262.0	253.0	268.0	206.0	294.0	222.0	306.0	221.0	377.0	182.0	1
76.0	200.0	70.0	215.0	98.0	198.0	156.0	162.0	139.0	179.0	173.0	214.0	170.0	237.0	162.0	253.0	183.0	185.0	200.0	156.0	198.0	196.0	205.0	168.0	226.0	174.0	264.0	177.0	257.0	250.0	263.0	205.0	286.0	220.0	299.0	220.0	366.0	186.0	1
80.0	202.0	76.0	217.0	100.0	199.0	156.0	162.0	141.0	178.0	175.0	213.0	172.0	237.0	165.0	252.0	183.0	184.0	201.0	157.0	199.0	196.0	205.0	169.0	226.0	174.0	264.0	177.0	255.0	249.0	262.0	206.0	283.0	220.0	296.0	221.0	361.0	187.0	1
70.0	200.0	65.0	215.0	96.0	197.0	154.0	162.0	140.0	177.0	172.0	214.0	168.0	236.0	157.0	253.0	180.0	185.0	198.0	155.0	197.0	198.0	205.0	168.0	227.0	175.0	269.0	178.0	259.0	251.0	264.0	207.0	287.0	221.0	300.0	221.0	371.0	184.0	1
74.0	201.0	69.0	216.0	98.0	198.0	160.0	163.0	144.0	178.0	174.0	214.0	172.0	237.0	164.0	254.0	182.0	185.0	200.0	157.0	198.0	197.0	205.0	169.0	224.0	175.0	265.0	178.0	255.0	249.0	262.0	206.0	285.0	220.0	296.0	219.0	364.0	188.0	1
71.0	200.0	66.0	215.0	93.0	198.0	156.0	162.0	136.0	178.0	171.0	214.0	168.0	237.0	160.0	254.0	180.0	185.0	201.0	153.0	197.0	198.0	205.0	168.0	226.0	174.0	271.0	177.0	259.0	250.0	264.0	205.0	289.0	219.0	303.0	219.0	374.0	187.0	1
76.0	200.0	69.0	216.0	98.0	197.0	157.0	160.0	139.0	177.0	172.0	214.0	169.0	238.0	160.0	255.0	178.0	184.0	201.0	155.0	195.0	196.0	205.0	167.0	227.0	173.0	275.0	178.0	256.0	251.0	266.0	207.0	289.0	221.0	301.0	220.0	370.0	185.0	1
72.0	199.0	66.0	215.0	96.0	197.0	158.0	162.0	141.0	176.0	174.0	213.0	168.0	236.0	159.0	252.0	178.0	183.0	201.0	156.0	198.0	197.0	204.0	167.0	226.0	173.0	269.0	176.0	259.0	251.0	267.0	207.0	289.0	221.0	302.0	221.0	370.0	182.0	1
76.0	201.0	72.0	215.0	98.0	198.0	157.0	163.0	144.0	177.0	174.0	213.0	170.0	236.0	163.0	253.0	183.0	185.0	201.0	157.0	197.0	196.0	206.0	170.0	227.0	176.0	266.0	178.0	253.0	250.0	261.0	206.0	283.0	220.0	296.0	220.0	363.0	188.0	1
73.0	200.0	68.0	214.0	93.0	198.0	158.0	162.0	139.0	178.0	174.0	213.0	171.0	238.0	162.0	253.0	184.0	185.0	203.0	156.0	199.0	197.0	209.0	169.0	226.0	174.0	268.0	178.0	256.0	250.0	264.0	206.0	286.0	220.0	298.0	219.0	371.0	186.0	1
70.0	200.0	66.0	217.0	92.0	197.0	158.0	160.0	141.0	174.0	171.0	213.0	168.0	237.0	161.0	255.0	183.0	184.0	201.0	154.0	197.0	196.0	207.0	167.0	228.0	173.0	269.0	176.0	259.0	253.0	266.0	205.0	291.0	222.0	306.0	222.0	369.0	183.0	1
71.0	202.0	68.0	215.0	95.0	199.0	156.0	163.0	139.0	179.0	174.0	213.0	174.0	237.0	164.0	255.0	180.0	185.0	200.0	157.0	195.0	196.0	205.0	169.0	228.0	175.0	269.0	178.0	260.0	250.0	265.0	205.0	289.0	219.0	302.0	219.0	366.0	184.0	1
76.0	201.0	71.0	216.0	99.0	197.0	156.0	163.0	141.0	178.0	172.0	213.0	171.0	235.0	164.0	252.0	182.0	187.0	202.0	158.0	194.0	195.0	207.0	170.0	224.0	175.0	268.0	179.0	258.0	247.0	265.0	207.0	286.0	220.0	297.0	219.0	366.0	187.0	1
72.0	200.0	69.0	217.0	95.0	196.0	155.0	160.0	137.0	177.0	172.0	213.0	171.0	239.0	161.0	257.0	181.0	184.0	203.0	153.0	198.0	196.0	208.0	167.0	229.0	174.0	270.0	177.0	257.0	253.0	267.0	207.0	290.0	222.0	304.0	222.0	371.0	183.0	1
76.0	202.0	71.0	216.0	100.0	199.0	156.0	163.0	140.0	179.0	173.0	214.0	171.0	237.0	164.0	254.0	180.0	185.0	199.0	157.0	195.0	195.0	203.0	169.0	223.0	175.0	264.0	177.0	258.0	249.0	263.0	205.0	288.0	220.0	301.0	220.0	364.0	185.0	1
75.0	202.0	71.0	217.0	97.0	199.0	158.0	164.0	141.0	179.0	173.0	214.0	172.0	236.0	162.0	252.0	178.0	185.0	201.0	158.0	196.0	196.0	204.0	169.0	222.0	175.0	265.0	177.0	258.0	249.0	263.0	204.0	288.0	220.0	300.0	219.0	368.0	187.0	1
77.0	201.0	74.0	217.0	99.0	198.0	158.0	161.0	140.0	179.0	173.0	214.0	170.0	238.0	161.0	256.0	182.0	185.0	200.0	154.0	196.0	196.0	205.0	169.0	224.0	175.0	260.0	177.0	257.0	252.0	262.0	206.0	286.0	221.0	298.0	221.0	370.0	185.0	1
73.0	200.0	68.0	216.0	96.0	198.0	157.0	163.0	142.0	178.0	173.0	212.0	171.0	235.0	162.0	253.0	182.0	185.0	202.0	157.0	201.0	198.0	206.0	169.0	226.0	175.0	264.0	177.0	260.0	250.0	267.0	207.0	289.0	221.0	302.0	221.0	369.0	185.0	1
65.0	199.0	61.0	215.0	95.0	197.0	155.0	161.0	137.0	176.0	171.0	213.0	167.0	236.0	159.0	254.0	182.0	184.0	200.0	154.0	197.0	193.0	204.0	166.0	227.0	173.0	273.0	176.0	261.0	251.0	270.0	206.0	293.0	220.0	306.0	219.0	379.0	182.0	1
72.0	201.0	69.0	216.0	98.0	198.0	154.0	163.0	138.0	179.0	175.0	214.0	172.0	237.0	163.0	253.0	183.0	185.0	202.0	156.0	200.0	197.0	207.0	168.0	229.0	175.0	265.0	177.0	257.0	249.0	263.0	204.0	286.0	219.0	298.0	219.0	363.0	186.0	1
65.0	199.0	63.0	216.0	92.0	197.0	157.0	159.0	136.0	176.0	171.0	214.0	170.0	239.0	158.0	257.0	180.0	183.0	202.0	153.0	197.0	197.0	208.0	167.0	228.0	173.0	269.0	176.0	257.0	255.0	267.0	207.0	293.0	223.0	305.0	222.0	376.0	183.0	1
75.0	199.0	71.0	215.0	98.0	197.0	161.0	161.0	143.0	177.0	174.0	213.0	172.0	237.0	163.0	254.0	181.0	184.0	202.0	155.0	197.0	195.0	207.0	168.0	227.0	174.0	266.0	177.0	254.0	250.0	261.0	205.0	285.0	220.0	298.0	220.0	365.0	183.0	1
72.0	200.0	69.0	217.0	94.0	197.0	155.0	161.0	139.0	177.0	173.0	212.0	170.0	237.0	159.0	254.0	179.0	184.0	199.0	155.0	197.0	196.0	204.0	167.0	226.0	173.0	266.0	176.0	260.0	251.0	262.0	204.0	290.0	221.0	304.0	220.0	371.0	184.0	1
69.0	199.0	63.0	215.0	93.0	197.0	157.0	160.0	138.0	177.0	172.0	214.0	170.0	239.0	160.0	256.0	181.0	184.0	203.0	154.0	200.0	197.0	208.0	167.0	231.0	174.0	270.0	179.0	258.0	253.0	266.0	207.0	288.0	222.0	300.0	222.0	371.0	183.0	1
76.0	201.0	72.0	215.0	96.0	198.0	159.0	164.0	139.0	178.0	177.0	212.0	174.0	235.0	163.0	252.0	179.0	185.0	199.0	159.0	200.0	197.0	204.0	170.0	223.0	175.0	266.0	178.0	257.0	247.0	265.0	205.0	286.0	218.0	297.0	217.0	364.0	188.0	1
72.0	199.0	66.0	215.0	93.0	197.0	158.0	161.0	141.0	176.0	172.0	214.0	169.0	238.0	158.0	255.0	179.0	184.0	201.0	156.0	196.0	196.0	206.0	167.0	229.0	174.0	269.0	176.0	255.0	252.0	263.0	206.0	287.0	220.0	299.0	220.0	370.0	186.0	1
78.0	201.0	73.0	216.0	100.0	199.0	158.0	163.0	141.0	179.0	173.0	212.0	171.0	235.0	162.0	252.0	180.0	185.0	201.0	156.0	198.0	197.0	205.0	169.0	225.0	174.0	263.0	177.0	253.0	248.0	263.0	207.0	282.0	220.0	294.0	220.0	363.0	188.0	1
73.0	200.0	69.0	216.0	95.0	198.0	157.0	163.0	140.0	179.0	176.0	212.0	173.0	237.0	164.0	255.0	181.0	185.0	198.0	157.0	199.0	197.0	202.0	169.0	225.0	175.0	265.0	177.0	256.0	251.0	264.0	204.0	288.0	219.0	301.0	219.0	365.0	183.0	1
76.0	202.0	71.0	216.0	97.0	199.0	155.0	163.0	138.0	179.0	175.0	213.0	171.0	236.0	163.0	254.0	177.0	184.0	198.0	157.0	197.0	196.0	202.0	169.0	221.0	174.0	264.0	176.0	257.0	251.0	262.0	204.0	286.0	220.0	300.0	220.0	365.0	185.0	1
75.0	201.0	68.0	216.0	98.0	198.0	156.0	161.0	140.0	177.0	173.0	213.0	170.0	237.0	163.0	256.0	183.0	184.0	201.0	155.0	199.0	196.0	206.0	168.0	228.0	174.0	266.0	177.0	255.0	250.0	263.0	206.0	287.0	221.0	299.0	221.0	368.0	188.0	1
76.0	201.0	71.0	216.0	100.0	198.0	158.0	163.0	141.0	179.0	173.0	213.0	171.0	236.0	164.0	252.0	181.0	186.0	200.0	158.0	196.0	196.0	204.0	170.0	224.0	175.0	268.0	177.0	257.0	249.0	265.0	208.0	284.0	220.0	298.0	219.0	364.0	184.0	1
77.0	202.0	73.0	216.0	98.0	199.0	157.0	163.0	139.0	180.0	174.0	214.0	171.0	237.0	162.0	253.0	177.0	184.0	199.0	158.0	198.0	197.0	203.0	170.0	223.0	175.0	269.0	178.0	258.0	249.0	267.0	207.0	287.0	219.0	299.0	218.0	366.0	185.0	1
74.0	200.0	71.0	216.0	94.0	196.0	153.0	161.0	136.0	177.0	174.0	212.0	171.0	235.0	163.0	253.0	180.0	183.0	202.0	155.0	197.0	194.0	204.0	165.0	230.0	173.0	268.0	175.0	260.0	247.0	264.0	203.0	288.0	218.0	301.0	219.0	372.0	184.0	1
73.0	198.0	69.0	215.0	96.0	196.0	155.0	159.0	136.0	175.0	171.0	212.0	169.0	236.0	160.0	255.0	176.0	182.0	202.0	152.0	196.0	195.0	204.0	165.0	225.0	172.0	266.0	175.0	257.0	250.0	265.0	205.0	289.0	220.0	303.0	220.0	371.0	185.0	1
76.0	203.0	70.0	219.0	95.0	200.0	154.0	162.0	137.0	179.0	172.0	214.0	170.0	238.0	164.0	255.0	180.0	185.0	201.0	156.0	197.0	196.0	204.0	169.0	224.0	174.0	269.0	178.0	258.0	250.0	262.0	206.0	286.0	221.0	301.0	220.0	364.0	186.0	1
74.0	201.0	72.0	216.0	92.0	199.0	157.0	160.0	138.0	179.0	170.0	214.0	169.0	238.0	162.0	254.0	178.0	185.0	201.0	155.0	193.0	196.0	206.0	168.0	224.0	173.0	265.0	177.0	254.0	251.0	266.0	208.0	285.0	221.0	297.0	221.0	368.0	186.0	1
73.0	200.0	68.0	216.0	95.0	198.0	159.0	161.0	140.0	178.0	173.0	214.0	172.0	239.0	164.0	255.0	181.0	185.0	202.0	155.0	198.0	197.0	206.0	169.0	228.0	175.0	268.0	177.0	261.0	252.0	265.0	206.0	291.0	221.0	304.0	221.0	369.0	183.0	1
71.0	200.0	67.0	215.0	96.0	197.0	156.0	163.0	140.0	178.0	174.0	213.0	171.0	236.0	162.0	252.0	185.0	186.0	200.0	157.0	199.0	197.0	205.0	169.0	227.0	174.0	270.0	178.0	257.0	250.0	267.0	207.0	289.0	219.0	301.0	219.0	368.0	185.0	1
79.0	202.0	75.0	217.0	97.0	199.0	154.0	161.0	136.0	178.0	172.0	213.0	171.0	237.0	163.0	255.0	182.0	185.0	199.0	155.0	191.0	192.0	203.0	168.0	227.0	175.0	272.0	178.0	260.0	250.0	262.0	204.0	289.0	219.0	302.0	218.0	368.0	184.0	1
72.0	200.0	67.0	214.0	97.0	198.0	159.0	162.0	141.0	178.0	174.0	213.0	170.0	236.0	160.0	254.0	180.0	183.0	204.0	156.0	200.0	197.0	210.0	169.0	228.0	174.0	267.0	177.0	257.0	252.0	266.0	206.0	287.0	220.0	300.0	220.0	366.0	185.0	1
72.0	200.0	68.0	216.0	96.0	198.0	159.0	162.0	142.0	178.0	175.0	214.0	171.0	237.0	161.0	254.0	182.0	185.0	201.0	156.0	196.0	196.0	207.0	168.0	227.0	174.0	267.0	176.0	257.0	251.0	266.0	206.0	288.0	220.0	301.0	219.0	371.0	185.0	1
76.0	201.0	73.0	217.0	98.0	199.0	155.0	163.0	141.0	178.0	173.0	212.0	170.0	236.0	164.0	253.0	180.0	185.0	199.0	157.0	198.0	197.0	204.0	169.0	226.0	175.0	270.0	178.0	257.0	249.0	261.0	204.0	287.0	220.0	303.0	221.0	370.0	184.0	1
73.0	201.0	69.0	216.0	97.0	199.0	157.0	162.0	141.0	178.0	171.0	214.0	170.0	237.0	162.0	253.0	179.0	185.0	201.0	156.0	196.0	197.0	205.0	169.0	225.0	174.0	271.0	177.0	257.0	250.0	270.0	209.0	288.0	220.0	300.0	219.0	370.0	184.0	1
76.0	201.0	72.0	217.0	96.0	198.0	155.0	162.0	139.0	179.0	173.0	213.0	170.0	236.0	163.0	253.0	180.0	185.0	201.0	156.0	196.0	196.0	206.0	169.0	226.0	174.0	268.0	178.0	253.0	249.0	263.0	206.0	284.0	221.0	298.0	220.0	365.0	186.0	1
74.0	201.0	68.0	216.0	98.0	199.0	158.0	163.0	142.0	179.0	175.0	214.0	173.0	237.0	164.0	253.0	182.0	185.0	202.0	157.0	198.0	196.0	207.0	170.0	226.0	176.0	264.0	178.0	256.0	251.0	262.0	206.0	284.0	220.0	297.0	219.0	368.0	185.0	1
76.0	201.0	72.0	217.0	98.0	198.0	158.0	161.0	141.0	177.0	174.0	213.0	171.0	236.0	162.0	255.0	180.0	184.0	202.0	155.0	200.0	197.0	206.0	167.0	225.0	173.0	263.0	176.0	256.0	250.0	261.0	206.0	286.0	221.0	298.0	221.0	367.0	187.0	1
73.0	200.0	67.0	215.0	97.0	197.0	159.0	163.0	142.0	177.0	172.0	214.0	167.0	237.0	159.0	253.0	181.0	185.0	203.0	157.0	197.0	197.0	205.0	169.0	226.0	175.0	265.0	178.0	254.0	250.0	261.0	206.0	285.0	222.0	297.0	221.0	368.0	187.0	1
76.0	202.0	72.0	215.0	96.0	199.0	157.0	162.0	140.0	178.0	173.0	213.0	169.0	237.0	162.0	253.0	183.0	186.0	199.0	157.0	198.0	197.0	204.0	169.0	224.0	174.0	266.0	178.0	256.0	250.0	263.0	207.0	285.0	220.0	296.0	219.0	366.0	188.0	1
75.0	201.0	73.0	218.0	96.0	198.0	157.0	162.0	137.0	180.0	172.0	213.0	171.0	238.0	161.0	253.0	179.0	186.0	196.0	156.0	194.0	196.0	201.0	169.0	223.0	174.0	267.0	176.0	258.0	250.0	265.0	205.0	286.0	218.0	301.0	219.0	373.0	187.0	1
74.0	200.0	71.0	216.0	97.0	198.0	158.0	162.0	142.0	178.0	176.0	213.0	172.0	237.0	162.0	253.0	182.0	185.0	201.0	156.0	198.0	197.0	205.0	170.0	227.0	176.0	265.0	178.0	255.0	250.0	267.0	208.0	286.0	220.0	298.0	220.0	365.0	185.0	1
71.0	200.0	66.0	216.0	94.0	197.0	152.0	162.0	136.0	176.0	173.0	212.0	171.0	236.0	163.0	255.0	179.0	183.0	202.0	154.0	199.0	196.0	205.0	166.0	227.0	172.0	268.0	175.0	257.0	250.0	267.0	206.0	289.0	220.0	303.0	220.0	374.0	183.0	1
76.0	200.0	72.0	216.0	95.0	198.0	157.0	162.0	141.0	177.0	173.0	214.0	170.0	237.0	161.0	253.0	178.0	184.0	202.0	155.0	196.0	196.0	206.0	167.0	225.0	172.0	270.0	177.0	256.0	251.0	267.0	208.0	287.0	220.0	299.0	220.0	368.0	186.0	1
77.0	201.0	72.0	216.0	94.0	198.0	154.0	163.0	140.0	178.0	174.0	214.0	170.0	238.0	163.0	255.0	180.0	185.0	202.0	156.0	198.0	198.0	207.0	168.0	228.0	175.0	268.0	178.0	254.0	250.0	264.0	206.0	284.0	220.0	298.0	220.0	369.0	187.0	1
76.0	198.0	72.0	214.0	98.0	196.0	160.0	161.0	142.0	177.0	174.0	213.0	171.0	235.0	163.0	253.0	180.0	183.0	204.0	155.0	198.0	195.0	207.0	167.0	229.0	174.0	267.0	176.0	256.0	250.0	263.0	206.0	285.0	220.0	297.0	220.0	364.0	182.0	1
77.0	201.0	72.0	215.0	97.0	199.0	159.0	163.0	142.0	179.0	174.0	212.0	170.0	235.0	162.0	251.0	183.0	186.0	200.0	157.0	199.0	197.0	206.0	170.0	226.0	176.0	269.0	178.0	259.0	247.0	262.0	204.0	289.0	221.0	300.0	221.0	368.0	188.0	1
72.0	201.0	68.0	215.0	99.0	198.0	157.0	163.0	142.0	177.0	175.0	213.0	172.0	236.0	160.0	253.0	181.0	185.0	201.0	157.0	198.0	197.0	206.0	169.0	225.0	174.0	268.0	178.0	255.0	251.0	262.0	205.0	286.0	220.0	300.0	221.0	370.0	184.0	1
74.0	201.0	70.0	217.0	98.0	197.0	159.0	163.0	143.0	178.0	173.0	213.0	169.0	236.0	161.0	252.0	180.0	185.0	201.0	157.0	195.0	196.0	205.0	169.0	223.0	174.0	267.0	177.0	257.0	248.0	265.0	206.0	286.0	220.0	299.0	220.0	368.0	186.0	1
73.0	198.0	69.0	214.0	93.0	195.0	152.0	161.0	134.0	176.0	168.0	209.0	167.0	233.0	160.0	249.0	178.0	182.0	200.0	155.0	198.0	194.0	202.0	166.0	225.0	173.0	265.0	175.0	256.0	246.0	262.0	204.0	286.0	219.0	298.0	218.0	365.0	183.0	1
75.0	197.0	71.0	213.0	98.0	195.0	159.0	161.0	141.0	176.0	172.0	211.0	170.0	234.0	161.0	250.0	181.0	184.0	202.0	156.0	194.0	194.0	205.0	168.0	224.0	173.0	267.0	177.0	256.0	249.0	264.0	206.0	284.0	219.0	297.0	219.0	367.0	186.0	1
77.0	202.0	73.0	217.0	93.0	199.0	156.0	163.0	139.0	179.0	174.0	212.0	171.0	235.0	162.0	252.0	178.0	183.0	200.0	157.0	197.0	195.0	204.0	168.0	226.0	175.0	267.0	177.0	259.0	248.0	266.0	206.0	287.0	219.0	300.0	219.0	368.0	187.0	1
73.0	200.0	69.0	216.0	98.0	197.0	156.0	160.0	140.0	176.0	172.0	213.0	170.0	236.0	162.0	254.0	181.0	184.0	199.0	153.0	199.0	196.0	204.0	165.0	228.0	172.0	269.0	176.0	258.0	249.0	267.0	206.0	289.0	220.0	303.0	219.0	375.0	185.0	1
76.0	201.0	74.0	217.0	94.0	198.0	155.0	162.0	138.0	177.0	171.0	212.0	170.0	236.0	164.0	254.0	181.0	185.0	198.0	156.0	196.0	195.0	203.0	168.0	226.0	174.0	263.0	176.0	256.0	249.0	265.0	206.0	288.0	220.0	299.0	219.0	370.0	184.0	1
76.0	201.0	71.0	217.0	98.0	198.0	155.0	161.0	138.0	177.0	173.0	213.0	173.0	237.0	164.0	254.0	181.0	185.0	199.0	155.0	196.0	196.0	202.0	167.0	226.0	173.0	270.0	177.0	257.0	250.0	266.0	205.0	290.0	220.0	304.0	220.0	370.0	183.0	1
77.0	201.0	73.0	215.0	96.0	198.0	158.0	164.0	143.0	179.0	171.0	213.0	169.0	234.0	161.0	250.0	181.0	186.0	201.0	159.0	196.0	197.0	205.0	172.0	226.0	177.0	265.0	178.0	254.0	247.0	262.0	207.0	282.0	220.0	296.0	221.0	367.0	186.0	1
74.0	201.0	68.0	216.0	97.0	198.0	158.0	162.0	143.0	178.0	174.0	212.0	170.0	235.0	159.0	253.0	178.0	183.0	204.0	156.0	198.0	196.0	207.0	167.0	228.0	173.0	264.0	176.0	256.0	250.0	263.0	205.0	286.0	221.0	300.0	221.0	369.0	189.0	1
73.0	200.0	69.0	217.0	95.0	198.0	157.0	159.0	139.0	175.0	174.0	214.0	171.0	239.0	160.0	257.0	178.0	182.0	200.0	152.0	199.0	196.0	204.0	165.0	226.0	172.0	269.0	177.0	254.0	252.0	264.0	206.0	287.0	221.0	299.0	221.0	370.0	186.0	1
78.0	202.0	72.0	216.0	98.0	199.0	157.0	164.0	141.0	179.0	174.0	213.0	171.0	236.0	165.0	252.0	178.0	185.0	201.0	159.0	198.0	197.0	204.0	169.0	225.0	175.0	262.0	176.0	256.0	249.0	263.0	205.0	287.0	221.0	301.0	220.0	371.0	185.0	1
73.0	199.0	70.0	216.0	97.0	196.0	159.0	161.0	142.0	176.0	173.0	213.0	170.0	237.0	161.0	255.0	186.0	184.0	203.0	155.0	202.0	196.0	210.0	169.0	232.0	175.0	267.0	178.0	256.0	251.0	263.0	207.0	286.0	221.0	298.0	221.0	366.0	186.0	1
75.0	201.0	71.0	217.0	99.0	199.0	156.0	162.0	140.0	178.0	176.0	213.0	174.0	237.0	165.0	253.0	183.0	186.0	199.0	156.0	197.0	196.0	205.0	170.0	229.0	176.0	266.0	177.0	259.0	248.0	265.0	206.0	287.0	220.0	300.0	219.0	366.0	185.0	1
73.0	201.0	68.0	216.0	97.0	198.0	158.0	161.0	142.0	178.0	174.0	214.0	170.0	238.0	161.0	255.0	181.0	184.0	202.0	155.0	197.0	195.0	207.0	168.0	227.0	173.0	263.0	177.0	255.0	250.0	264.0	206.0	286.0	221.0	297.0	220.0	367.0	188.0	1
70.0	202.0	66.0	218.0	91.0	199.0	153.0	162.0	136.0	179.0	172.0	215.0	168.0	238.0	161.0	257.0	179.0	185.0	200.0	155.0	195.0	197.0	205.0	168.0	226.0	174.0	275.0	178.0	263.0	250.0	268.0	206.0	294.0	221.0	308.0	221.0	376.0	186.0	1
74.0	200.0	69.0	215.0	98.0	197.0	157.0	160.0	138.0	177.0	173.0	212.0	170.0	236.0	159.0	254.0	180.0	184.0	202.0	155.0	200.0	196.0	207.0	169.0	228.0	175.0	267.0	177.0	255.0	249.0	266.0	207.0	286.0	220.0	300.0	220.0	370.0	184.0	1
75.0	201.0	71.0	216.0	98.0	198.0	156.0	163.0	139.0	180.0	175.0	214.0	172.0	237.0	165.0	254.0	182.0	185.0	199.0	157.0	200.0	197.0	204.0	169.0	227.0	175.0	269.0	178.0	258.0	248.0	266.0	206.0	287.0	220.0	301.0	220.0	369.0	186.0	1
74.0	202.0	71.0	217.0	95.0	199.0	155.0	163.0	140.0	179.0	174.0	213.0	170.0	237.0	162.0	254.0	179.0	185.0	199.0	157.0	194.0	196.0	204.0	170.0	224.0	175.0	267.0	177.0	256.0	251.0	263.0	206.0	288.0	220.0	299.0	220.0	366.0	185.0	1
73.0	201.0	69.0	219.0	93.0	199.0	156.0	160.0	140.0	176.0	173.0	213.0	171.0	238.0	160.0	256.0	179.0	183.0	202.0	153.0	197.0	195.0	206.0	167.0	227.0	173.0	264.0	176.0	256.0	251.0	264.0	206.0	289.0	221.0	301.0	221.0	373.0	186.0	1
71.0	198.0	67.0	214.0	93.0	195.0	153.0	160.0	138.0	176.0	171.0	209.0	168.0	233.0	160.0	251.0	179.0	184.0	198.0	155.0	198.0	196.0	203.0	167.0	229.0	175.0	265.0	177.0	258.0	248.0	264.0	204.0	289.0	219.0	300.0	219.0	366.0	183.0	1
79.0	201.0	74.0	216.0	100.0	199.0	158.0	163.0	141.0	179.0	173.0	213.0	172.0	237.0	166.0	253.0	182.0	186.0	200.0	157.0	193.0	196.0	207.0	170.0	226.0	175.0	269.0	178.0	257.0	249.0	263.0	206.0	286.0	220.0	299.0	220.0	368.0	187.0	1
75.0	202.0	71.0	217.0	96.0	199.0	156.0	163.0	137.0	180.0	174.0	213.0	172.0	237.0	165.0	253.0	179.0	185.0	200.0	156.0	198.0	197.0	205.0	170.0	226.0	175.0	266.0	178.0	260.0	248.0	266.0	205.0	288.0	219.0	301.0	219.0	373.0	187.0	1
75.0	201.0	69.0	216.0	98.0	198.0	158.0	162.0	141.0	178.0	173.0	214.0	171.0	237.0	163.0	254.0	181.0	185.0	203.0	157.0	199.0	198.0	207.0	169.0	227.0	175.0	265.0	178.0	257.0	250.0	264.0	206.0	287.0	221.0	299.0	220.0	365.0	186.0	1
71.0	199.0	67.0	215.0	94.0	197.0	156.0	161.0	139.0	177.0	172.0	212.0	168.0	236.0	157.0	254.0	178.0	183.0	199.0	155.0	198.0	196.0	204.0	167.0	226.0	173.0	267.0	176.0	258.0	251.0	265.0	205.0	287.0	220.0	300.0	220.0	371.0	183.0	1
73.0	201.0	68.0	216.0	93.0	198.0	155.0	161.0	139.0	177.0	172.0	213.0	169.0	238.0	162.0	255.0	182.0	184.0	201.0	155.0	199.0	197.0	206.0	169.0	227.0	174.0	269.0	178.0	256.0	250.0	265.0	206.0	287.0	221.0	301.0	221.0	368.0	186.0	1
74.0	200.0	68.0	215.0	96.0	197.0	157.0	162.0	139.0	178.0	170.0	212.0	167.0	236.0	159.0	253.0	183.0	187.0	202.0	156.0	195.0	196.0	207.0	169.0	227.0	174.0	268.0	176.0	256.0	251.0	265.0	207.0	287.0	221.0	300.0	221.0	368.0	184.0	1
72.0	201.0	67.0	215.0	93.0	198.0	157.0	163.0	139.0	178.0	172.0	213.0	167.0	236.0	156.0	253.0	178.0	183.0	201.0	156.0	195.0	197.0	206.0	168.0	227.0	174.0	267.0	176.0	257.0	252.0	262.0	206.0	288.0	222.0	300.0	222.0	372.0	186.0	1
76.0	200.0	73.0	216.0	97.0	198.0	160.0	162.0	142.0	177.0	175.0	215.0	170.0	238.0	162.0	255.0	180.0	183.0	203.0	157.0	200.0	197.0	207.0	168.0	228.0	175.0	268.0	178.0	256.0	254.0	266.0	208.0	287.0	222.0	301.0	222.0	371.0	191.0	1
81.0	202.0	77.0	216.0	98.0	199.0	157.0	165.0	139.0	180.0	172.0	213.0	170.0	236.0	162.0	253.0	177.0	184.0	201.0	158.0	194.0	195.0	203.0	170.0	222.0	175.0	264.0	178.0	253.0	246.0	262.0	207.0	280.0	219.0	294.0	220.0	363.0	189.0	1
72.0	201.0	69.0	215.0	96.0	199.0	155.0	164.0	138.0	179.0	171.0	213.0	171.0	236.0	164.0	252.0	181.0	186.0	200.0	159.0	196.0	197.0	204.0	170.0	227.0	175.0	270.0	177.0	259.0	247.0	268.0	206.0	289.0	219.0	301.0	218.0	368.0	186.0	1
74.0	202.0	71.0	217.0	96.0	199.0	153.0	162.0	138.0	178.0	174.0	214.0	170.0	237.0	162.0	254.0	179.0	184.0	201.0	156.0	199.0	197.0	205.0	168.0	227.0	174.0	266.0	177.0	256.0	251.0	263.0	206.0	286.0	221.0	300.0	220.0	369.0	187.0	1
75.0	201.0	71.0	216.0	96.0	198.0	156.0	162.0	140.0	177.0	172.0	214.0	170.0	237.0	163.0	255.0	181.0	184.0	201.0	156.0	199.0	196.0	204.0	168.0	228.0	174.0	267.0	178.0	256.0	250.0	264.0	204.0	286.0	219.0	300.0	219.0	368.0	185.0	1
70.0	200.0	66.0	216.0	95.0	197.0	155.0	162.0	138.0	177.0	173.0	214.0	170.0	238.0	161.0	256.0	180.0	184.0	198.0	156.0	199.0	197.0	203.0	168.0	227.0	175.0	270.0	177.0	259.0	252.0	267.0	208.0	289.0	222.0	303.0	221.0	371.0	182.0	1
80.0	200.0	75.0	214.0	98.0	198.0	159.0	163.0	141.0	178.0	174.0	212.0	173.0	235.0	165.0	252.0	181.0	185.0	203.0	157.0	197.0	197.0	205.0	169.0	226.0	174.0	266.0	178.0	254.0	248.0	261.0	204.0	286.0	219.0	299.0	219.0	367.0	186.0	1
73.0	201.0	68.0	216.0	93.0	199.0	156.0	163.0	139.0	178.0	174.0	213.0	172.0	237.0	162.0	253.0	181.0	186.0	200.0	157.0	196.0	196.0	204.0	169.0	225.0	175.0	268.0	177.0	256.0	249.0	266.0	207.0	286.0	219.0	299.0	219.0	369.0	185.0	1
73.0	201.0	70.0	218.0	96.0	197.0	158.0	161.0	140.0	176.0	173.0	213.0	171.0	237.0	164.0	254.0	182.0	184.0	204.0	154.0	200.0	197.0	209.0	167.0	230.0	173.0	269.0	177.0	258.0	251.0	266.0	206.0	289.0	221.0	301.0	221.0	367.0	186.0	1
78.0	201.0	74.0	217.0	97.0	199.0	156.0	164.0	139.0	180.0	175.0	212.0	174.0	235.0	165.0	252.0	181.0	186.0	201.0	159.0	199.0	198.0	204.0	170.0	224.0	175.0	264.0	177.0	256.0	246.0	264.0	207.0	282.0	219.0	297.0	219.0	364.0	187.0	1
75.0	201.0	72.0	216.0	98.0	197.0	156.0	163.0	140.0	177.0	172.0	212.0	169.0	235.0	160.0	251.0	179.0	185.0	200.0	159.0	197.0	197.0	204.0	170.0	226.0	175.0	269.0	178.0	255.0	249.0	266.0	207.0	287.0	219.0	298.0	218.0	364.0	185.0	1
74.0	200.0	69.0	215.0	95.0	198.0	158.0	161.0	141.0	179.0	173.0	214.0	171.0	238.0	164.0	254.0	182.0	185.0	202.0	157.0	199.0	197.0	208.0	169.0	228.0	175.0	268.0	178.0	259.0	249.0	262.0	205.0	287.0	221.0	299.0	221.0	370.0	187.0	1
78.0	200.0	72.0	216.0	95.0	198.0	159.0	161.0	138.0	178.0	172.0	213.0	170.0	237.0	164.0	255.0	180.0	185.0	202.0	155.0	193.0	195.0	207.0	169.0	226.0	174.0	267.0	177.0	253.0	250.0	263.0	207.0	284.0	222.0	297.0	221.0	369.0	187.0	1
76.0	202.0	71.0	216.0	94.0	199.0	155.0	162.0	138.0	179.0	174.0	214.0	174.0	236.0	167.0	253.0	180.0	184.0	200.0	157.0	197.0	196.0	203.0	168.0	224.0	174.0	269.0	178.0	253.0	246.0	261.0	205.0	281.0	219.0	297.0	220.0	364.0	188.0	1
74.0	201.0	69.0	215.0	95.0	199.0	159.0	162.0	143.0	177.0	175.0	214.0	173.0	237.0	164.0	253.0	182.0	184.0	198.0	156.0	199.0	197.0	204.0	170.0	226.0	176.0	266.0	178.0	255.0	250.0	264.0	207.0	286.0	221.0	300.0	221.0	367.0	183.0	1
70.0	200.0	67.0	215.0	93.0	198.0	159.0	163.0	143.0	178.0	174.0	213.0	170.0	237.0	161.0	254.0	182.0	185.0	202.0	156.0	199.0	195.0	207.0	169.0	227.0	174.0	268.0	177.0	259.0	251.0	267.0	206.0	288.0	221.0	300.0	220.0	373.0	186.0	1
71.0	201.0	67.0	216.0	99.0	198.0	156.0	163.0	139.0	179.0	174.0	213.0	172.0	237.0	161.0	254.0	180.0	186.0	199.0	156.0	196.0	197.0	206.0	169.0	226.0	175.0	265.0	176.0	258.0	251.0	264.0	205.0	290.0	221.0	302.0	220.0	367.0	182.0	1
65.0	201.0	62.0	218.0	89.0	198.0	152.0	159.0	132.0	176.0	171.0	214.0	169.0	240.0	159.0	257.0	175.0	182.0	199.0	152.0	197.0	196.0	204.0	166.0	226.0	172.0	272.0	176.0	261.0	253.0	270.0	207.0	293.0	222.0	306.0	222.0	382.0	184.0	1
73.0	199.0	68.0	216.0	94.0	197.0	157.0	161.0	139.0	177.0	171.0	213.0	170.0	237.0	162.0	256.0	182.0	184.0	202.0	154.0	197.0	196.0	207.0	167.0	228.0	173.0	274.0	177.0	259.0	251.0	269.0	207.0	291.0	221.0	302.0	221.0	374.0	186.0	1
72.0	200.0	65.0	215.0	95.0	198.0	157.0	162.0	142.0	177.0	173.0	212.0	171.0	237.0	162.0	254.0	182.0	184.0	203.0	156.0	198.0	196.0	208.0	168.0	228.0	174.0	267.0	176.0	256.0	250.0	264.0	205.0	286.0	220.0	300.0	220.0	369.0	187.0	1
74.0	201.0	69.0	216.0	97.0	198.0	158.0	161.0	140.0	177.0	174.0	214.0	172.0	238.0	163.0	255.0	180.0	184.0	199.0	156.0	197.0	196.0	203.0	168.0	225.0	174.0	268.0	178.0	257.0	250.0	266.0	207.0	287.0	220.0	298.0	220.0	367.0	187.0	1
66.0	200.0	63.0	216.0	90.0	198.0	154.0	161.0	137.0	176.0	171.0	214.0	169.0	239.0	157.0	257.0	179.0	184.0	201.0	154.0	198.0	197.0	206.0	168.0	228.0	174.0	270.0	177.0	259.0	253.0	267.0	207.0	290.0	221.0	305.0	220.0	375.0	185.0	1
67.0	200.0	62.0	216.0	91.0	199.0	154.0	161.0	136.0	177.0	173.0	214.0	170.0	238.0	160.0	256.0	179.0	184.0	202.0	154.0	198.0	196.0	207.0	166.0	228.0	172.0	272.0	176.0	262.0	252.0	269.0	206.0	291.0	222.0	305.0	221.0	380.0	184.0	1
71.0	198.0	66.0	215.0	96.0	196.0	157.0	161.0	138.0	177.0	172.0	213.0	169.0	237.0	157.0	256.0	180.0	183.0	203.0	155.0	198.0	196.0	208.0	167.0	228.0	173.0	271.0	177.0	257.0	253.0	266.0	206.0	290.0	220.0	302.0	220.0	373.0	185.0	1
74.0	201.0	69.0	215.0	95.0	198.0	156.0	162.0	139.0	179.0	174.0	212.0	171.0	235.0	161.0	251.0	180.0	185.0	200.0	157.0	197.0	196.0	205.0	169.0	228.0	176.0	267.0	178.0	253.0	247.0	265.0	207.0	284.0	220.0	299.0	220.0	367.0	186.0	1
75.0	202.0	72.0	215.0	98.0	199.0	155.0	165.0	141.0	180.0	176.0	213.0	173.0	235.0	166.0	252.0	182.0	186.0	199.0	158.0	198.0	197.0	204.0	170.0	227.0	176.0	266.0	178.0	259.0	248.0	261.0	204.0	287.0	220.0	301.0	218.0	366.0	184.0	1
76.0	202.0	72.0	216.0	98.0	199.0	156.0	163.0	140.0	179.0	175.0	214.0	172.0	237.0	162.0	254.0	177.0	184.0	201.0	156.0	198.0	197.0	205.0	167.0	225.0	173.0	267.0	176.0	260.0	250.0	267.0	207.0	288.0	220.0	301.0	219.0	371.0	185.0	1
78.0	199.0	72.0	213.0	100.0	197.0	160.0	164.0	142.0	180.0	177.0	213.0	175.0	235.0	165.0	252.0	184.0	186.0	202.0	158.0	197.0	196.0	206.0	170.0	225.0	174.0	263.0	178.0	255.0	248.0	262.0	206.0	283.0	219.0	297.0	218.0	364.0	184.0	1
80.0	200.0	75.0	215.0	99.0	198.0	161.0	163.0	145.0	179.0	176.0	213.0	172.0	235.0	164.0	251.0	183.0	185.0	204.0	157.0	200.0	196.0	208.0	170.0	225.0	175.0	264.0	178.0	258.0	249.0	262.0	206.0	285.0	220.0	298.0	219.0	365.0	186.0	1
76.0	200.0	72.0	216.0	99.0	198.0	158.0	163.0	139.0	178.0	174.0	211.0	173.0	235.0	166.0	252.0	180.0	184.0	202.0	158.0	200.0	197.0	206.0	169.0	226.0	174.0	264.0	176.0	258.0	247.0	261.0	202.0	287.0	218.0	299.0	218.0	366.0	187.0	1
63.0	200.0	59.0	216.0	93.0	197.0	156.0	162.0	140.0	176.0	171.0	213.0	169.0	236.0	159.0	254.0	180.0	185.0	200.0	156.0	194.0	196.0	205.0	169.0	227.0	175.0	274.0	178.0	259.0	250.0	267.0	207.0	290.0	220.0	303.0	219.0	375.0	186.0	1
72.0	198.0	67.0	213.0	98.0	195.0	157.0	160.0	141.0	175.0	172.0	211.0	171.0	234.0	163.0	251.0	181.0	183.0	201.0	156.0	197.0	195.0	204.0	167.0	227.0	174.0	271.0	177.0	255.0	246.0	264.0	205.0	285.0	217.0	297.0	217.0	367.0	186.0	1
73.0	201.0	69.0	216.0	95.0	198.0	157.0	163.0	139.0	179.0	174.0	213.0	170.0	235.0	161.0	253.0	181.0	185.0	201.0	157.0	200.0	197.0	206.0	170.0	227.0	175.0	266.0	178.0	256.0	248.0	267.0	208.0	284.0	220.0	298.0	219.0	369.0	188.0	1
79.0	201.0	72.0	215.0	102.0	200.0	159.0	164.0	144.0	178.0	176.0	213.0	172.0	235.0	163.0	251.0	186.0	186.0	204.0	157.0	198.0	196.0	208.0	170.0	228.0	175.0	262.0	178.0	252.0	249.0	262.0	206.0	284.0	221.0	296.0	220.0	364.0	189.0	1
73.0	201.0	69.0	216.0	93.0	198.0	154.0	162.0	137.0	177.0	173.0	213.0	172.0	238.0	164.0	256.0	180.0	184.0	201.0	155.0	195.0	195.0	205.0	167.0	229.0	174.0	270.0	177.0	257.0	250.0	264.0	205.0	289.0	221.0	301.0	221.0	374.0	184.0	1
77.0	202.0	73.0	218.0	99.0	199.0	156.0	162.0	139.0	179.0	173.0	214.0	171.0	237.0	161.0	253.0	179.0	185.0	198.0	156.0	197.0	197.0	204.0	169.0	226.0	175.0	270.0	177.0	260.0	248.0	265.0	206.0	287.0	220.0	300.0	219.0	367.0	187.0	1
70.0	200.0	67.0	216.0	94.0	197.0	158.0	163.0	141.0	177.0	173.0	213.0	170.0	235.0	160.0	253.0	181.0	185.0	200.0	157.0	195.0	195.0	204.0	169.0	226.0	175.0	269.0	178.0	257.0	248.0	265.0	206.0	286.0	220.0	300.0	220.0	367.0	185.0	1
73.0	200.0	67.0	216.0	96.0	197.0	155.0	163.0	138.0	178.0	173.0	214.0	170.0	238.0	161.0	256.0	179.0	185.0	200.0	157.0	197.0	197.0	204.0	169.0	226.0	174.0	270.0	177.0	257.0	251.0	264.0	206.0	289.0	221.0	302.0	220.0	372.0	186.0	1
76.0	202.0	70.0	216.0	101.0	199.0	158.0	163.0	141.0	179.0	175.0	214.0	172.0	236.0	164.0	253.0	181.0	186.0	200.0	157.0	199.0	198.0	204.0	169.0	225.0	175.0	265.0	178.0	257.0	249.0	264.0	207.0	287.0	221.0	300.0	221.0	364.0	186.0	1
71.0	200.0	67.0	217.0	94.0	197.0	156.0	162.0	140.0	177.0	174.0	213.0	170.0	237.0	160.0	255.0	182.0	185.0	201.0	156.0	199.0	197.0	206.0	169.0	227.0	175.0	265.0	178.0	256.0	250.0	264.0	207.0	287.0	221.0	300.0	221.0	370.0	184.0	1
78.0	200.0	75.0	217.0	99.0	198.0	155.0	162.0	138.0	178.0	174.0	212.0	172.0	235.0	164.0	253.0	177.0	182.0	199.0	155.0	196.0	194.0	204.0	167.0	221.0	173.0	264.0	176.0	257.0	250.0	262.0	204.0	288.0	219.0	300.0	219.0	364.0	184.0	1
69.0	200.0	68.0	217.0	91.0	197.0	154.0	160.0	136.0	175.0	173.0	214.0	168.0	237.0	157.0	256.0	182.0	183.0	201.0	152.0	199.0	194.0	206.0	165.0	228.0	171.0	270.0	175.0	262.0	254.0	267.0	205.0	293.0	221.0	307.0	221.0	375.0	183.0	1
77.0	201.0	74.0	216.0	101.0	198.0	158.0	164.0	142.0	178.0	175.0	213.0	172.0	234.0	163.0	251.0	182.0	185.0	198.0	159.0	197.0	197.0	203.0	170.0	223.0	175.0	266.0	178.0	254.0	248.0	260.0	203.0	286.0	219.0	299.0	219.0	360.0	186.0	1
72.0	202.0	71.0	217.0	98.0	199.0	156.0	163.0	142.0	178.0	174.0	210.0	173.0	235.0	164.0	251.0	184.0	186.0	200.0	158.0	194.0	195.0	205.0	170.0	226.0	175.0	273.0	179.0	257.0	248.0	263.0	204.0	288.0	219.0	299.0	218.0	364.0	188.0	1
75.0	201.0	71.0	215.0	100.0	197.0	158.0	164.0	143.0	179.0	172.0	212.0	169.0	234.0	161.0	250.0	185.0	187.0	197.0	159.0	198.0	197.0	204.0	172.0	226.0	177.0	264.0	179.0	256.0	246.0	262.0	207.0	282.0	219.0	295.0	219.0	364.0	185.0	1
70.0	199.0	64.0	215.0	95.0	197.0	156.0	160.0	137.0	179.0	172.0	215.0	169.0	238.0	158.0	256.0	181.0	185.0	200.0	154.0	197.0	197.0	205.0	168.0	225.0	173.0	264.0	176.0	257.0	253.0	268.0	206.0	290.0	221.0	303.0	221.0	375.0	184.0	1
65.0	199.0	62.0	215.0	92.0	196.0	158.0	158.0	139.0	176.0	173.0	214.0	172.0	238.0	158.0	256.0	181.0	184.0	202.0	152.0	200.0	197.0	208.0	166.0	228.0	172.0	269.0	176.0	253.0	253.0	267.0	208.0	287.0	221.0	301.0	222.0	376.0	184.0	1
70.0	201.0	67.0	219.0	93.0	197.0	154.0	161.0	135.0	176.0	173.0	212.0	171.0	237.0	163.0	255.0	178.0	183.0	203.0	153.0	199.0	195.0	205.0	165.0	227.0	171.0	268.0	174.0	258.0	251.0	270.0	205.0	292.0	220.0	306.0	220.0	375.0	184.0	1
75.0	202.0	71.0	215.0	94.0	200.0	156.0	163.0	140.0	177.0	174.0	213.0	171.0	237.0	163.0	252.0	177.0	185.0	199.0	158.0	197.0	197.0	204.0	170.0	224.0	175.0	269.0	178.0	257.0	248.0	266.0	206.0	287.0	220.0	299.0	220.0	367.0	186.0	1
60.0	200.0	56.0	217.0	86.0	197.0	153.0	158.0	134.0	174.0	168.0	212.0	165.0	239.0	155.0	258.0	178.0	182.0	202.0	152.0	196.0	195.0	207.0	164.0	232.0	171.0	276.0	175.0	262.0	253.0	272.0	206.0	294.0	221.0	310.0	222.0	384.0	185.0	1
73.0	201.0	69.0	216.0	98.0	198.0	156.0	162.0	140.0	178.0	175.0	214.0	173.0	238.0	165.0	254.0	181.0	184.0	202.0	156.0	201.0	197.0	207.0	169.0	226.0	174.0	265.0	177.0	256.0	250.0	265.0	205.0	287.0	220.0	302.0	220.0	370.0	185.0	1
79.0	201.0	74.0	218.0	99.0	198.0	158.0	163.0	140.0	179.0	173.0	213.0	171.0	237.0	165.0	254.0	180.0	185.0	201.0	156.0	196.0	196.0	205.0	169.0	225.0	175.0	264.0	178.0	254.0	250.0	260.0	205.0	285.0	220.0	297.0	220.0	364.0	186.0	1
72.0	200.0	68.0	216.0	98.0	197.0	156.0	164.0	141.0	179.0	174.0	213.0	171.0	236.0	160.0	252.0	182.0	186.0	199.0	157.0	199.0	198.0	205.0	170.0	226.0	175.0	268.0	178.0	256.0	250.0	263.0	205.0	285.0	220.0	300.0	220.0	369.0	184.0	1
71.0	202.0	69.0	216.0	95.0	199.0	156.0	164.0	139.0	179.0	174.0	213.0	171.0	236.0	163.0	252.0	182.0	185.0	200.0	157.0	196.0	195.0	204.0	169.0	225.0	174.0	267.0	178.0	258.0	248.0	265.0	206.0	289.0	220.0	299.0	219.0	372.0	186.0	1
75.0	202.0	71.0	215.0	95.0	199.0	157.0	164.0	141.0	179.0	172.0	213.0	171.0	237.0	161.0	253.0	181.0	185.0	198.0	157.0	196.0	196.0	203.0	170.0	222.0	175.0	264.0	178.0	255.0	248.0	263.0	206.0	286.0	220.0	297.0	219.0	364.0	187.0	1
73.0	201.0	69.0	216.0	99.0	198.0	155.0	163.0	140.0	177.0	175.0	213.0	173.0	236.0	162.0	253.0	178.0	183.0	199.0	156.0	198.0	196.0	205.0	169.0	225.0	175.0	271.0	178.0	259.0	249.0	264.0	204.0	290.0	219.0	302.0	219.0	369.0	184.0	1
67.0	200.0	65.0	217.0	87.0	198.0	153.0	159.0	133.0	177.0	170.0	214.0	168.0	239.0	158.0	257.0	179.0	184.0	201.0	152.0	195.0	196.0	208.0	166.0	228.0	172.0	271.0	176.0	259.0	254.0	270.0	207.0	294.0	222.0	306.0	221.0	381.0	185.0	1
76.0	202.0	72.0	216.0	95.0	199.0	156.0	163.0	142.0	179.0	174.0	213.0	172.0	237.0	164.0	253.0	180.0	185.0	199.0	157.0	197.0	197.0	205.0	170.0	224.0	175.0	266.0	178.0	258.0	249.0	263.0	206.0	286.0	220.0	298.0	219.0	365.0	187.0	1
74.0	199.0	71.0	214.0	95.0	196.0	159.0	162.0	142.0	177.0	172.0	213.0	169.0	236.0	161.0	253.0	181.0	186.0	200.0	158.0	195.0	196.0	205.0	170.0	223.0	175.0	266.0	178.0	257.0	248.0	261.0	205.0	284.0	219.0	298.0	218.0	369.0	185.0	1
77.0	202.0	72.0	217.0	97.0	199.0	157.0	161.0	139.0	177.0	174.0	214.0	172.0	238.0	164.0	255.0	185.0	185.0	199.0	156.0	198.0	196.0	204.0	169.0	226.0	175.0	266.0	178.0	257.0	252.0	261.0	205.0	287.0	221.0	298.0	221.0	369.0	186.0	1
76.0	200.0	72.0	216.0	100.0	198.0	158.0	163.0	143.0	177.0	174.0	214.0	171.0	236.0	161.0	254.0	181.0	184.0	203.0	156.0	200.0	198.0	209.0	169.0	227.0	175.0	267.0	178.0	255.0	249.0	261.0	204.0	284.0	221.0	297.0	220.0	366.0	188.0	1
74.0	201.0	70.0	216.0	98.0	198.0	158.0	162.0	141.0	177.0	172.0	213.0	169.0	237.0	159.0	253.0	179.0	185.0	200.0	157.0	194.0	196.0	204.0	169.0	224.0	175.0	267.0	178.0	256.0	249.0	264.0	207.0	285.0	220.0	298.0	220.0	364.0	186.0	1
70.0	201.0	65.0	218.0	92.0	198.0	153.0	162.0	136.0	177.0	171.0	213.0	169.0	237.0	161.0	256.0	177.0	183.0	200.0	156.0	195.0	195.0	204.0	168.0	227.0	174.0	269.0	176.0	260.0	250.0	268.0	205.0	290.0	220.0	303.0	220.0	381.0	188.0	1
74.0	198.0	70.0	214.0	94.0	197.0	156.0	162.0	138.0	178.0	172.0	213.0	170.0	239.0	160.0	256.0	180.0	185.0	202.0	155.0	198.0	197.0	207.0	168.0	227.0	173.0	275.0	179.0	256.0	251.0	266.0	207.0	288.0	221.0	301.0	220.0	372.0	183.0	1
75.0	201.0	71.0	216.0	96.0	199.0	157.0	164.0	141.0	179.0	172.0	214.0	170.0	236.0	163.0	252.0	179.0	185.0	201.0	158.0	197.0	197.0	205.0	170.0	226.0	176.0	264.0	178.0	258.0	249.0	262.0	205.0	284.0	219.0	296.0	219.0	368.0	187.0	1
64.0	200.0	59.0	216.0	89.0	197.0	152.0	160.0	136.0	176.0	172.0	215.0	169.0	239.0	157.0	256.0	180.0	184.0	201.0	153.0	196.0	196.0	205.0	165.0	230.0	172.0	274.0	175.0	261.0	256.0	271.0	207.0	295.0	223.0	308.0	222.0	379.0	184.0	1
75.0	200.0	72.0	217.0	98.0	197.0	157.0	161.0	140.0	177.0	173.0	213.0	171.0	236.0	162.0	253.0	182.0	185.0	203.0	155.0	198.0	197.0	206.0	168.0	229.0	175.0	266.0	177.0	255.0	251.0	262.0	206.0	284.0	220.0	297.0	220.0	368.0	184.0	1
70.0	199.0	66.0	214.0	97.0	196.0	156.0	160.0	137.0	175.0	172.0	210.0	168.0	235.0	159.0	253.0	181.0	184.0	202.0	154.0	198.0	194.0	206.0	166.0	229.0	173.0	272.0	176.0	258.0	250.0	267.0	205.0	290.0	219.0	301.0	219.0	372.0	185.0	1
73.0	200.0	70.0	217.0	95.0	198.0	158.0	161.0	141.0	176.0	172.0	212.0	168.0	237.0	159.0	255.0	179.0	183.0	202.0	155.0	199.0	197.0	207.0	167.0	228.0	174.0	268.0	178.0	252.0	250.0	262.0	207.0	284.0	221.0	299.0	221.0	371.0	187.0	1
77.0	202.0	71.0	216.0	96.0	199.0	156.0	164.0	140.0	179.0	175.0	213.0	173.0	235.0	164.0	252.0	180.0	185.0	201.0	159.0	195.0	195.0	206.0	170.0	227.0	175.0	267.0	178.0	260.0	247.0	267.0	206.0	286.0	219.0	299.0	218.0	367.0	187.0	1
75.0	203.0	70.0	215.0	95.0	200.0	156.0	165.0	140.0	180.0	172.0	211.0	171.0	235.0	164.0	251.0	181.0	186.0	198.0	160.0	196.0	196.0	202.0	171.0	223.0	176.0	261.0	178.0	257.0	245.0	265.0	206.0	284.0	218.0	298.0	219.0	364.0	185.0	1
74.0	201.0	70.0	216.0	94.0	199.0	156.0	161.0	138.0	178.0	174.0	214.0	171.0	238.0	163.0	255.0	181.0	185.0	201.0	156.0	196.0	196.0	206.0	169.0	225.0	175.0	264.0	177.0	257.0	251.0	261.0	205.0	287.0	221.0	300.0	220.0	365.0	184.0	1
71.0	199.0	66.0	215.0	96.0	197.0	156.0	162.0	139.0	178.0	172.0	213.0	169.0	235.0	159.0	253.0	182.0	185.0	200.0	157.0	196.0	196.0	205.0	169.0	226.0	176.0	266.0	178.0	253.0	248.0	267.0	207.0	285.0	220.0	298.0	220.0	368.0	185.0	1
73.0	200.0	68.0	215.0	91.0	198.0	158.0	163.0	142.0	178.0	173.0	213.0	172.0	237.0	164.0	254.0	182.0	186.0	202.0	158.0	200.0	197.0	206.0	170.0	226.0	175.0	268.0	177.0	261.0	249.0	265.0	205.0	289.0	220.0	302.0	219.0	369.0	186.0	1
74.0	200.0	70.0	216.0	98.0	198.0	158.0	163.0	140.0	179.0	175.0	213.0	171.0	237.0	161.0	252.0	183.0	186.0	201.0	157.0	199.0	197.0	206.0	170.0	226.0	175.0	268.0	177.0	259.0	250.0	265.0	207.0	288.0	221.0	300.0	220.0	367.0	183.0	1
74.0	201.0	69.0	216.0	94.0	199.0	154.0	163.0	139.0	177.0	173.0	213.0	169.0	237.0	163.0	253.0	180.0	185.0	202.0	156.0	196.0	197.0	206.0	169.0	224.0	173.0	269.0	176.0	261.0	250.0	264.0	205.0	291.0	221.0	303.0	220.0	369.0	182.0	1
72.0	199.0	67.0	214.0	94.0	198.0	155.0	162.0	136.0	178.0	173.0	213.0	169.0	237.0	160.0	254.0	179.0	184.0	203.0	155.0	196.0	196.0	205.0	167.0	228.0	174.0	266.0	177.0	254.0	252.0	265.0	207.0	287.0	221.0	302.0	222.0	373.0	186.0	1
71.0	200.0	67.0	216.0	96.0	198.0	155.0	161.0	138.0	177.0	170.0	212.0	172.0	237.0	161.0	257.0	181.0	184.0	201.0	154.0	196.0	195.0	208.0	168.0	228.0	173.0	267.0	177.0	254.0	251.0	267.0	206.0	288.0	220.0	300.0	220.0	372.0	186.0	1
72.0	202.0	68.0	217.0	95.0	198.0	155.0	162.0	135.0	179.0	171.0	213.0	169.0	236.0	161.0	253.0	182.0	186.0	201.0	155.0	193.0	195.0	206.0	168.0	227.0	175.0	267.0	178.0	256.0	249.0	263.0	205.0	285.0	219.0	299.0	220.0	368.0	187.0	1
74.0	202.0	70.0	217.0	97.0	198.0	156.0	162.0	138.0	178.0	172.0	213.0	170.0	236.0	163.0	254.0	182.0	185.0	200.0	156.0	197.0	196.0	204.0	167.0	226.0	174.0	265.0	176.0	258.0	250.0	264.0	205.0	287.0	220.0	300.0	220.0	366.0	183.0	1
72.0	199.0	68.0	214.0	99.0	197.0	160.0	162.0	143.0	177.0	174.0	214.0	173.0	237.0	162.0	253.0	183.0	185.0	202.0	156.0	198.0	196.0	207.0	168.0	228.0	174.0	271.0	178.0	254.0	250.0	266.0	207.0	286.0	220.0	298.0	220.0	371.0	185.0	1
74.0	201.0	69.0	217.0	95.0	198.0	156.0	164.0	140.0	179.0	172.0	213.0	170.0	236.0	164.0	254.0	179.0	185.0	201.0	157.0	195.0	196.0	205.0	169.0	225.0	174.0	267.0	177.0	260.0	248.0	266.0	206.0	287.0	219.0	300.0	219.0	369.0	187.0	1
74.0	202.0	68.0	217.0	98.0	199.0	158.0	161.0	142.0	177.0	174.0	213.0	170.0	236.0	162.0	254.0	181.0	184.0	200.0	155.0	197.0	196.0	205.0	169.0	225.0	174.0	265.0	177.0	252.0	250.0	263.0	206.0	284.0	220.0	298.0	221.0	367.0	187.0	1
72.0	202.0	70.0	218.0	95.0	199.0	154.0	161.0	137.0	177.0	173.0	213.0	170.0	237.0	161.0	256.0	179.0	184.0	199.0	154.0	197.0	196.0	205.0	167.0	225.0	172.0	269.0	175.0	258.0	252.0	266.0	206.0	289.0	221.0	301.0	220.0	369.0	187.0	1
71.0	201.0	68.0	217.0	90.0	198.0	154.0	160.0	138.0	177.0	172.0	213.0	170.0	238.0	160.0	255.0	180.0	183.0	202.0	153.0	199.0	197.0	207.0	166.0	229.0	173.0	270.0	177.0	253.0	251.0	265.0	207.0	286.0	223.0	302.0	224.0	372.0	187.0	1
70.0	202.0	65.0	216.0	93.0	199.0	157.0	162.0	138.0	178.0	174.0	212.0	171.0	236.0	162.0	253.0	185.0	185.0	199.0	156.0	197.0	195.0	204.0	169.0	228.0	174.0	268.0	178.0	255.0	249.0	269.0	207.0	288.0	219.0	302.0	219.0	376.0	187.0	1
69.0	199.0	62.0	215.0	92.0	197.0	158.0	160.0	141.0	176.0	175.0	213.0	171.0	237.0	159.0	255.0	181.0	183.0	203.0	154.0	199.0	195.0	207.0	166.0	229.0	172.0	272.0	177.0	257.0	252.0	267.0	206.0	292.0	222.0	304.0	221.0	375.0	186.0	1
76.0	201.0	72.0	216.0	97.0	198.0	159.0	163.0	141.0	179.0	172.0	213.0	169.0	237.0	163.0	253.0	187.0	186.0	199.0	157.0	196.0	195.0	205.0	171.0	223.0	175.0	272.0	179.0	256.0	248.0	264.0	206.0	285.0	220.0	299.0	220.0	371.0	189.0	1
73.0	202.0	70.0	218.0	93.0	198.0	155.0	162.0	138.0	177.0	170.0	212.0	169.0	238.0	161.0	255.0	180.0	184.0	198.0	156.0	191.0	193.0	202.0	168.0	223.0	174.0	269.0	178.0	255.0	250.0	265.0	206.0	287.0	221.0	300.0	221.0	370.0	186.0	1
72.0	200.0	68.0	215.0	94.0	198.0	153.0	161.0	137.0	177.0	170.0	214.0	168.0	238.0	159.0	256.0	178.0	185.0	200.0	154.0	197.0	197.0	206.0	168.0	227.0	174.0	269.0	177.0	257.0	254.0	266.0	208.0	289.0	222.0	303.0	221.0	375.0	186.0	1
73.0	202.0	68.0	217.0	95.0	199.0	156.0	164.0	140.0	179.0	171.0	212.0	170.0	235.0	159.0	251.0	181.0	187.0	200.0	157.0	194.0	196.0	204.0	171.0	224.0	176.0	269.0	179.0	254.0	249.0	266.0	208.0	285.0	221.0	300.0	221.0	368.0	185.0	1
73.0	201.0	69.0	216.0	96.0	198.0	158.0	162.0	143.0	177.0	174.0	212.0	169.0	235.0	160.0	252.0	181.0	185.0	201.0	155.0	196.0	197.0	206.0	168.0	228.0	175.0	266.0	178.0	252.0	250.0	263.0	207.0	284.0	221.0	298.0	221.0	367.0	186.0	1
71.0	200.0	67.0	215.0	94.0	198.0	156.0	162.0	138.0	178.0	172.0	213.0	169.0	237.0	160.0	253.0	178.0	184.0	199.0	155.0	197.0	197.0	205.0	168.0	226.0	173.0	266.0	175.0	260.0	251.0	265.0	206.0	290.0	221.0	301.0	221.0	369.0	184.0	1
75.0	202.0	71.0	215.0	97.0	198.0	158.0	162.0	139.0	180.0	172.0	213.0	172.0	236.0	163.0	252.0	181.0	186.0	201.0	158.0	197.0	197.0	206.0	171.0	226.0	175.0	268.0	178.0	255.0	250.0	267.0	207.0	284.0	219.0	299.0	219.0	367.0	187.0	1
76.0	200.0	73.0	218.0	92.0	198.0	155.0	162.0	139.0	176.0	174.0	213.0	169.0	238.0	160.0	256.0	182.0	184.0	202.0	155.0	197.0	194.0	206.0	167.0	227.0	173.0	270.0	177.0	256.0	253.0	260.0	204.0	289.0	223.0	301.0	222.0	366.0	182.0	1
71.0	201.0	67.0	216.0	96.0	199.0	157.0	163.0	141.0	178.0	173.0	212.0	172.0	236.0	163.0	254.0	182.0	185.0	200.0	157.0	196.0	196.0	206.0	170.0	226.0	175.0	271.0	178.0	257.0	248.0	264.0	205.0	288.0	219.0	300.0	219.0	369.0	188.0	1
77.0	203.0	74.0	215.0	97.0	199.0	155.0	163.0	136.0	180.0	171.0	212.0	169.0	236.0	162.0	252.0	177.0	185.0	200.0	158.0	196.0	197.0	203.0	170.0	223.0	175.0	267.0	178.0	257.0	248.0	261.0	205.0	285.0	220.0	298.0	219.0	371.0	186.0	1
73.0	198.0	70.0	214.0	99.0	195.0	153.0	161.0	136.0	177.0	171.0	210.0	169.0	235.0	162.0	253.0	180.0	184.0	202.0	155.0	195.0	194.0	205.0	166.0	226.0	173.0	267.0	175.0	256.0	250.0	266.0	206.0	288.0	219.0	300.0	219.0	367.0	183.0	1
73.0	200.0	70.0	217.0	97.0	199.0	158.0	161.0	140.0	178.0	174.0	213.0	171.0	237.0	165.0	255.0	180.0	184.0	201.0	155.0	199.0	197.0	206.0	168.0	227.0	174.0	264.0	177.0	257.0	250.0	263.0	205.0	284.0	219.0	297.0	219.0	367.0	185.0	1
76.0	201.0	74.0	216.0	98.0	198.0	156.0	163.0	139.0	178.0	173.0	213.0	171.0	236.0	164.0	252.0	181.0	185.0	201.0	157.0	197.0	197.0	204.0	169.0	227.0	176.0	268.0	178.0	257.0	248.0	266.0	208.0	284.0	220.0	299.0	220.0	365.0	183.0	1
76.0	197.0	74.0	214.0	98.0	194.0	157.0	158.0	139.0	175.0	173.0	209.0	168.0	232.0	161.0	249.0	182.0	182.0	202.0	153.0	196.0	193.0	207.0	166.0	226.0	172.0	264.0	176.0	252.0	247.0	260.0	203.0	282.0	219.0	294.0	219.0	364.0	189.0	1
68.0	200.0	64.0	215.0	93.0	197.0	157.0	163.0	139.0	178.0	171.0	212.0	169.0	236.0	162.0	254.0	179.0	185.0	200.0	157.0	195.0	196.0	205.0	170.0	226.0	175.0	272.0	177.0	260.0	249.0	266.0	206.0	289.0	220.0	301.0	219.0	372.0	185.0	1
71.0	200.0	65.0	216.0	96.0	197.0	157.0	160.0	140.0	176.0	171.0	213.0	170.0	237.0	159.0	255.0	180.0	183.0	201.0	154.0	197.0	195.0	207.0	167.0	226.0	172.0	266.0	177.0	253.0	252.0	267.0	208.0	287.0	222.0	302.0	222.0	372.0	187.0	1
72.0	201.0	67.0	216.0	93.0	199.0	156.0	162.0	138.0	178.0	173.0	214.0	171.0	236.0	161.0	254.0	178.0	184.0	201.0	154.0	198.0	196.0	204.0	167.0	229.0	174.0	270.0	176.0	259.0	252.0	267.0	206.0	290.0	221.0	302.0	221.0	373.0	183.0	1
71.0	200.0	67.0	216.0	95.0	197.0	158.0	161.0	141.0	176.0	171.0	214.0	167.0	235.0	155.0	252.0	182.0	185.0	200.0	156.0	196.0	195.0	206.0	168.0	230.0	175.0	271.0	179.0	256.0	253.0	264.0	207.0	288.0	222.0	302.0	222.0	370.0	184.0	1
76.0	202.0	71.0	217.0	97.0	199.0	156.0	163.0	140.0	178.0	173.0	213.0	170.0	237.0	162.0	253.0	178.0	184.0	200.0	157.0	197.0	197.0	204.0	169.0	224.0	175.0	269.0	177.0	255.0	249.0	264.0	206.0	287.0	220.0	301.0	220.0	367.0	185.0	1
72.0	201.0	69.0	217.0	94.0	199.0	153.0	163.0	136.0	179.0	172.0	213.0	168.0	236.0	158.0	252.0	176.0	184.0	201.0	155.0	196.0	197.0	205.0	168.0	224.0	173.0	268.0	177.0	255.0	251.0	261.0	206.0	286.0	222.0	299.0	221.0	373.0	186.0	1
73.0	199.0	67.0	215.0	95.0	197.0	157.0	162.0	141.0	177.0	172.0	213.0	170.0	236.0	159.0	253.0	181.0	185.0	203.0	155.0	198.0	197.0	208.0	168.0	230.0	175.0	265.0	178.0	258.0	250.0	264.0	206.0	287.0	220.0	300.0	220.0	370.0	186.0	1
71.0	200.0	68.0	214.0	98.0	197.0	159.0	163.0	142.0	178.0	172.0	212.0	168.0	233.0	157.0	250.0	182.0	186.0	201.0	157.0	197.0	197.0	206.0	169.0	230.0	176.0	273.0	178.0	254.0	249.0	266.0	207.0	285.0	220.0	301.0	220.0	367.0	187.0	1
72.0	200.0	67.0	217.0	96.0	198.0	158.0	162.0	141.0	176.0	172.0	213.0	168.0	235.0	157.0	252.0	178.0	183.0	203.0	156.0	199.0	197.0	206.0	168.0	225.0	174.0	270.0	177.0	260.0	251.0	266.0	207.0	289.0	222.0	302.0	221.0	373.0	185.0	1
70.0	201.0	67.0	216.0	94.0	199.0	155.0	162.0	138.0	177.0	173.0	213.0	170.0	237.0	160.0	254.0	179.0	184.0	201.0	154.0	198.0	197.0	206.0	167.0	227.0	174.0	269.0	178.0	254.0	249.0	265.0	206.0	287.0	221.0	300.0	221.0	370.0	186.0	1
76.0	201.0	72.0	216.0	98.0	199.0	157.0	164.0	143.0	178.0	176.0	214.0	171.0	237.0	164.0	253.0	182.0	185.0	199.0	158.0	199.0	197.0	203.0	170.0	224.0	175.0	264.0	177.0	258.0	250.0	265.0	206.0	287.0	221.0	300.0	220.0	363.0	184.0	1
78.0	202.0	74.0	217.0	97.0	199.0	157.0	164.0	140.0	179.0	172.0	213.0	171.0	237.0	165.0	254.0	179.0	185.0	199.0	158.0	192.0	195.0	203.0	170.0	225.0	175.0	267.0	179.0	255.0	248.0	263.0	205.0	286.0	219.0	298.0	218.0	367.0	190.0	1
75.0	201.0	71.0	216.0	97.0	198.0	155.0	163.0	139.0	178.0	175.0	213.0	171.0	236.0	161.0	253.0	175.0	183.0	198.0	157.0	199.0	197.0	202.0	168.0	224.0	174.0	266.0	176.0	260.0	249.0	266.0	206.0	287.0	219.0	300.0	218.0	369.0	184.0	1
77.0	201.0	73.0	215.0	99.0	199.0	155.0	163.0	140.0	179.0	175.0	213.0	171.0	235.0	163.0	251.0	180.0	185.0	199.0	157.0	199.0	198.0	204.0	170.0	226.0	175.0	267.0	178.0	255.0	249.0	260.0	204.0	284.0	220.0	297.0	220.0	367.0	187.0	1
74.0	196.0	70.0	212.0	97.0	194.0	156.0	159.0	140.0	174.0	173.0	208.0	170.0	231.0	161.0	249.0	180.0	181.0	202.0	154.0	197.0	193.0	206.0	167.0	225.0	173.0	266.0	177.0	252.0	244.0	258.0	203.0	281.0	218.0	295.0	217.0	363.0	187.0	1
77.0	199.0	73.0	215.0	97.0	197.0	162.0	160.0	144.0	176.0	174.0	213.0	170.0	236.0	161.0	252.0	180.0	184.0	204.0	155.0	200.0	197.0	207.0	167.0	226.0	174.0	262.0	176.0	254.0	251.0	263.0	206.0	285.0	220.0	297.0	220.0	368.0	185.0	1
76.0	202.0	74.0	217.0	98.0	199.0	157.0	163.0	140.0	178.0	174.0	212.0	172.0	235.0	164.0	251.0	178.0	184.0	201.0	157.0	199.0	198.0	205.0	169.0	227.0	175.0	266.0	178.0	259.0	248.0	263.0	207.0	284.0	221.0	297.0	220.0	367.0	185.0	1
69.0	198.0	66.0	215.0	92.0	195.0	158.0	159.0	139.0	174.0	173.0	211.0	168.0	235.0	160.0	252.0	178.0	181.0	204.0	152.0	195.0	193.0	207.0	165.0	227.0	172.0	269.0	176.0	259.0	252.0	264.0	204.0	290.0	221.0	302.0	221.0	373.0	184.0	1
69.0	199.0	66.0	215.0	93.0	197.0	157.0	160.0	139.0	175.0	173.0	213.0	171.0	236.0	163.0	253.0	180.0	184.0	200.0	155.0	195.0	195.0	203.0	166.0	226.0	173.0	269.0	176.0	257.0	248.0	266.0	207.0	286.0	219.0	300.0	219.0	369.0	184.0	1
70.0	202.0	67.0	218.0	93.0	200.0	155.0	162.0	137.0	179.0	173.0	213.0	171.0	237.0	162.0	254.0	180.0	185.0	199.0	156.0	198.0	196.0	204.0	169.0	226.0	175.0	271.0	177.0	261.0	251.0	269.0	207.0	291.0	221.0	304.0	220.0	368.0	185.0	1
77.0	201.0	73.0	216.0	97.0	198.0	154.0	162.0	139.0	177.0	175.0	214.0	172.0	238.0	164.0	254.0	184.0	185.0	201.0	156.0	201.0	197.0	205.0	168.0	227.0	175.0	265.0	178.0	256.0	249.0	262.0	206.0	283.0	220.0	297.0	220.0	366.0	185.0	1
72.0	200.0	70.0	216.0	98.0	197.0	159.0	161.0	140.0	177.0	173.0	212.0	170.0	236.0	161.0	252.0	180.0	184.0	201.0	156.0	198.0	196.0	204.0	168.0	226.0	175.0	267.0	177.0	256.0	249.0	267.0	207.0	288.0	219.0	300.0	218.0	369.0	185.0	1
65.0	199.0	61.0	217.0	92.0	197.0	154.0	159.0	133.0	177.0	172.0	214.0	169.0	239.0	159.0	259.0	180.0	184.0	203.0	153.0	197.0	196.0	208.0	166.0	228.0	172.0	275.0	176.0	262.0	256.0	267.0	206.0	294.0	222.0	306.0	221.0	380.0	184.0	1
76.0	201.0	74.0	217.0	100.0	198.0	153.0	162.0	137.0	179.0	173.0	212.0	173.0	237.0	163.0	255.0	178.0	184.0	199.0	155.0	199.0	196.0	204.0	167.0	227.0	173.0	266.0	176.0	256.0	251.0	265.0	206.0	287.0	220.0	300.0	220.0	373.0	183.0	1
73.0	202.0	67.0	216.0	95.0	199.0	158.0	162.0	140.0	178.0	173.0	213.0	171.0	238.0	162.0	254.0	182.0	186.0	200.0	157.0	196.0	196.0	204.0	169.0	226.0	174.0	271.0	178.0	260.0	249.0	266.0	206.0	289.0	220.0	303.0	219.0	370.0	187.0	1
74.0	202.0	70.0	216.0	96.0	198.0	157.0	163.0	140.0	178.0	175.0	212.0	173.0	235.0	164.0	253.0	180.0	184.0	201.0	157.0	199.0	196.0	205.0	169.0	230.0	176.0	267.0	178.0	258.0	249.0	265.0	206.0	285.0	218.0	298.0	218.0	366.0	186.0	1
76.0	201.0	72.0	216.0	98.0	198.0	157.0	165.0	141.0	180.0	173.0	212.0	172.0	235.0	162.0	251.0	179.0	185.0	201.0	158.0	199.0	197.0	205.0	170.0	228.0	176.0	268.0	178.0	255.0	249.0	261.0	204.0	284.0	220.0	298.0	219.0	368.0	188.0	1
77.0	202.0	71.0	218.0	97.0	199.0	158.0	161.0	141.0	176.0	173.0	214.0	171.0	238.0	163.0	256.0	178.0	184.0	201.0	155.0	195.0	196.0	205.0	167.0	227.0	174.0	268.0	178.0	259.0	252.0	264.0	207.0	287.0	221.0	299.0	220.0	370.0	185.0	1
70.0	200.0	67.0	215.0	97.0	197.0	158.0	162.0	141.0	177.0	171.0	212.0	169.0	234.0	159.0	253.0	181.0	185.0	199.0	157.0	197.0	197.0	206.0	169.0	228.0	175.0	269.0	179.0	258.0	249.0	267.0	207.0	287.0	219.0	300.0	219.0	369.0	185.0	1
77.0	202.0	73.0	218.0	98.0	199.0	158.0	161.0	139.0	178.0	174.0	213.0	171.0	236.0	161.0	254.0	179.0	184.0	198.0	154.0	198.0	196.0	204.0	167.0	225.0	173.0	267.0	177.0	258.0	251.0	263.0	205.0	288.0	220.0	300.0	219.0	367.0	185.0	1
74.0	200.0	69.0	216.0	97.0	198.0	158.0	160.0	141.0	176.0	171.0	213.0	171.0	238.0	161.0	256.0	181.0	185.0	204.0	154.0	194.0	195.0	209.0	167.0	229.0	173.0	270.0	178.0	254.0	253.0	266.0	206.0	290.0	221.0	301.0	221.0	375.0	186.0	1
78.0	202.0	73.0	218.0	100.0	199.0	156.0	163.0	140.0	178.0	174.0	212.0	173.0	236.0	165.0	252.0	182.0	186.0	197.0	158.0	196.0	196.0	201.0	169.0	223.0	175.0	268.0	178.0	257.0	245.0	263.0	204.0	285.0	219.0	298.0	219.0	362.0	189.0	1
75.0	202.0	71.0	217.0	93.0	199.0	157.0	161.0	140.0	178.0	174.0	214.0	173.0	238.0	166.0	255.0	180.0	185.0	202.0	156.0	199.0	196.0	206.0	169.0	225.0	174.0	264.0	176.0	260.0	250.0	264.0	206.0	290.0	221.0	300.0	221.0	367.0	184.0	1
78.0	202.0	75.0	218.0	83.0	183.0	159.0	163.0	144.0	179.0	174.0	237.0	178.0	215.0	167.0	254.0	100.0	200.0	205.0	163.0	185.0	186.0	201.0	198.0	230.0	175.0	267.0	177.0	260.0	250.0	264.0	204.0	289.0	221.0	302.0	220.0	370.0	184.0	1
68.0	199.0	63.0	214.0	91.0	197.0	154.0	163.0	139.0	177.0	172.0	212.0	167.0	234.0	157.0	252.0	179.0	185.0	199.0	157.0	196.0	196.0	205.0	169.0	224.0	174.0	266.0	176.0	258.0	250.0	264.0	205.0	287.0	220.0	301.0	219.0	371.0	184.0	1
74.0	197.0	73.0	215.0	96.0	194.0	157.0	157.0	141.0	174.0	171.0	209.0	168.0	232.0	160.0	250.0	182.0	182.0	204.0	154.0	197.0	193.0	208.0	166.0	227.0	172.0	268.0	176.0	254.0	248.0	262.0	203.0	284.0	219.0	297.0	220.0	366.0	188.0	1
77.0	200.0	72.0	216.0	100.0	197.0	160.0	162.0	145.0	176.0	171.0	213.0	167.0	236.0	159.0	253.0	182.0	185.0	202.0	156.0	197.0	196.0	207.0	170.0	226.0	176.0	265.0	179.0	253.0	251.0	259.0	207.0	281.0	222.0	294.0	221.0	363.0	188.0	1
76.0	199.0	71.0	214.0	100.0	196.0	163.0	160.0	147.0	176.0	176.0	212.0	174.0	234.0	164.0	251.0	186.0	184.0	204.0	155.0	200.0	195.0	208.0	168.0	227.0	173.0	268.0	176.0	257.0	249.0	264.0	205.0	287.0	219.0	298.0	218.0	362.0	183.0	1
77.0	202.0	72.0	217.0	95.0	199.0	157.0	162.0	138.0	179.0	175.0	214.0	175.0	239.0	167.0	256.0	179.0	183.0	201.0	155.0	197.0	197.0	204.0	167.0	224.0	174.0	265.0	176.0	258.0	250.0	264.0	204.0	290.0	220.0	303.0	220.0	368.0	184.0	1
77.0	200.0	71.0	215.0	98.0	197.0	158.0	163.0	141.0	178.0	173.0	212.0	169.0	234.0	159.0	250.0	180.0	184.0	202.0	158.0	198.0	197.0	207.0	169.0	228.0	175.0	265.0	177.0	258.0	249.0	263.0	206.0	286.0	220.0	298.0	220.0	368.0	186.0	1
74.0	201.0	68.0	217.0	99.0	197.0	155.0	163.0	140.0	178.0	175.0	214.0	171.0	237.0	163.0	255.0	179.0	184.0	201.0	156.0	198.0	196.0	205.0	169.0	228.0	175.0	267.0	178.0	255.0	250.0	264.0	206.0	286.0	221.0	299.0	220.0	368.0	185.0	1
69.0	200.0	63.0	216.0	91.0	197.0	155.0	160.0	137.0	177.0	172.0	213.0	169.0	237.0	158.0	255.0	180.0	184.0	203.0	154.0	199.0	197.0	209.0	167.0	229.0	173.0	266.0	176.0	256.0	251.0	265.0	207.0	288.0	222.0	301.0	222.0	371.0	185.0	1
71.0	201.0	66.0	216.0	92.0	199.0	155.0	161.0	137.0	177.0	175.0	213.0	173.0	237.0	162.0	256.0	180.0	184.0	202.0	153.0	198.0	195.0	207.0	167.0	228.0	172.0	268.0	175.0	258.0	252.0	268.0	205.0	290.0	220.0	304.0	220.0	373.0	183.0	1
76.0	201.0	71.0	216.0	99.0	198.0	158.0	163.0	141.0	179.0	174.0	212.0	171.0	235.0	161.0	252.0	182.0	186.0	200.0	157.0	196.0	196.0	205.0	170.0	227.0	176.0	268.0	178.0	256.0	248.0	266.0	207.0	285.0	220.0	298.0	220.0	369.0	186.0	1
72.0	200.0	68.0	215.0	97.0	198.0	157.0	161.0	140.0	178.0	174.0	213.0	168.0	235.0	158.0	253.0	181.0	184.0	202.0	156.0	198.0	196.0	206.0	168.0	226.0	174.0	264.0	176.0	257.0	250.0	264.0	205.0	286.0	220.0	298.0	220.0	367.0	185.0	1
76.0	201.0	73.0	217.0	97.0	197.0	156.0	160.0	137.0	177.0	173.0	213.0	170.0	236.0	163.0	254.0	179.0	183.0	203.0	155.0	198.0	196.0	208.0	168.0	228.0	174.0	269.0	177.0	255.0	249.0	263.0	206.0	284.0	220.0	298.0	220.0	366.0	186.0	1
70.0	200.0	67.0	216.0	94.0	198.0	153.0	162.0	136.0	178.0	172.0	212.0	170.0	236.0	163.0	255.0	180.0	184.0	201.0	154.0	199.0	197.0	206.0	168.0	227.0	174.0	269.0	178.0	260.0	250.0	262.0	205.0	289.0	220.0	302.0	219.0	370.0	184.0	1
69.0	200.0	64.0	217.0	93.0	197.0	153.0	160.0	137.0	176.0	171.0	213.0	168.0	237.0	158.0	257.0	180.0	184.0	200.0	155.0	200.0	198.0	205.0	168.0	223.0	173.0	268.0	176.0	257.0	254.0	268.0	208.0	290.0	222.0	304.0	221.0	372.0	182.0	1
75.0	201.0	71.0	218.0	96.0	198.0	155.0	161.0	137.0	178.0	173.0	214.0	170.0	237.0	162.0	255.0	181.0	184.0	202.0	155.0	199.0	197.0	205.0	167.0	227.0	173.0	270.0	177.0	257.0	251.0	262.0	204.0	288.0	221.0	301.0	221.0	370.0	187.0	1
66.0	200.0	61.0	216.0	87.0	197.0	154.0	161.0	135.0	177.0	172.0	214.0	169.0	239.0	160.0	256.0	183.0	184.0	200.0	155.0	199.0	197.0	205.0	169.0	227.0	175.0	274.0	178.0	260.0	253.0	269.0	208.0	291.0	221.0	306.0	221.0	378.0	183.0	1
73.0	201.0	70.0	217.0	95.0	198.0	157.0	163.0	140.0	179.0	174.0	214.0	171.0	238.0	163.0	254.0	182.0	186.0	199.0	157.0	199.0	197.0	205.0	170.0	225.0	175.0	270.0	178.0	261.0	250.0	269.0	208.0	288.0	221.0	302.0	221.0	372.0	185.0	1
71.0	200.0	67.0	216.0	94.0	197.0	159.0	161.0	141.0	177.0	172.0	213.0	170.0	237.0	161.0	254.0	179.0	184.0	201.0	156.0	197.0	196.0	205.0	168.0	226.0	174.0	270.0	177.0	259.0	251.0	269.0	208.0	289.0	220.0	301.0	219.0	372.0	184.0	1
78.0	201.0	75.0	216.0	100.0	199.0	157.0	163.0	141.0	179.0	175.0	214.0	172.0	237.0	165.0	254.0	180.0	186.0	198.0	157.0	198.0	197.0	203.0	170.0	225.0	175.0	262.0	177.0	255.0	249.0	260.0	204.0	285.0	220.0	298.0	220.0	364.0	185.0	1
69.0	200.0	64.0	215.0	92.0	198.0	155.0	160.0	138.0	176.0	172.0	213.0	169.0	237.0	158.0	256.0	179.0	183.0	201.0	154.0	197.0	195.0	207.0	166.0	230.0	173.0	273.0	177.0	260.0	254.0	266.0	204.0	290.0	219.0	302.0	219.0	373.0	186.0	1
82.0	201.0	77.0	215.0	100.0	198.0	160.0	162.0	142.0	179.0	177.0	212.0	175.0	235.0	166.0	251.0	183.0	185.0	202.0	157.0	198.0	197.0	206.0	170.0	225.0	176.0	262.0	179.0	254.0	248.0	257.0	205.0	280.0	220.0	293.0	220.0	360.0	186.0	1
70.0	201.0	67.0	216.0	94.0	198.0	155.0	161.0	138.0	175.0	175.0	213.0	173.0	238.0	163.0	255.0	179.0	184.0	201.0	155.0	199.0	197.0	205.0	166.0	228.0	173.0	273.0	178.0	258.0	251.0	263.0	205.0	286.0	220.0	301.0	221.0	373.0	185.0	1
71.0	201.0	69.0	215.0	94.0	198.0	155.0	162.0	137.0	178.0	173.0	213.0	170.0	238.0	160.0	254.0	180.0	185.0	199.0	155.0	198.0	198.0	204.0	168.0	228.0	174.0	266.0	177.0	258.0	250.0	265.0	207.0	285.0	220.0	298.0	220.0	369.0	184.0	1
74.0	201.0	70.0	216.0	95.0	198.0	158.0	163.0	140.0	178.0	175.0	213.0	171.0	236.0	162.0	252.0	183.0	185.0	201.0	157.0	199.0	197.0	206.0	168.0	228.0	175.0	267.0	177.0	257.0	250.0	263.0	206.0	285.0	219.0	297.0	220.0	366.0	187.0	1
77.0	200.0	73.0	215.0	96.0	198.0	159.0	164.0	142.0	179.0	174.0	212.0	170.0	236.0	163.0	253.0	185.0	185.0	200.0	158.0	197.0	195.0	204.0	170.0	225.0	176.0	265.0	179.0	257.0	247.0	263.0	207.0	283.0	219.0	296.0	219.0	364.0	188.0	1
76.0	202.0	72.0	217.0	96.0	199.0	155.0	162.0	138.0	178.0	174.0	214.0	170.0	237.0	163.0	254.0	182.0	186.0	200.0	155.0	198.0	197.0	205.0	168.0	227.0	174.0	270.0	177.0	255.0	250.0	265.0	207.0	286.0	221.0	299.0	221.0	366.0	187.0	1
66.0	200.0	61.0	215.0	90.0	199.0	153.0	160.0	135.0	178.0	171.0	213.0	169.0	239.0	157.0	258.0	178.0	184.0	199.0	153.0	195.0	196.0	205.0	167.0	225.0	172.0	270.0	175.0	259.0	256.0	272.0	209.0	294.0	222.0	307.0	221.0	376.0	179.0	1
75.0	202.0	71.0	217.0	99.0	199.0	154.0	163.0	139.0	178.0	175.0	212.0	172.0	236.0	163.0	254.0	181.0	186.0	200.0	156.0	196.0	195.0	204.0	169.0	226.0	174.0	276.0	179.0	257.0	250.0	264.0	206.0	288.0	220.0	300.0	219.0	366.0	188.0	1
75.0	201.0	70.0	216.0	95.0	198.0	156.0	163.0	141.0	179.0	173.0	214.0	172.0	237.0	165.0	253.0	182.0	185.0	201.0	157.0	197.0	196.0	206.0	170.0	226.0	175.0	267.0	178.0	257.0	248.0	263.0	206.0	285.0	220.0	300.0	221.0	366.0	184.0	1
73.0	202.0	66.0	216.0	96.0	198.0	157.0	162.0	140.0	177.0	173.0	213.0	170.0	236.0	162.0	254.0	180.0	184.0	198.0	156.0	197.0	197.0	203.0	169.0	224.0	174.0	267.0	177.0	259.0	250.0	264.0	206.0	288.0	221.0	302.0	220.0	367.0	184.0	1
75.0	201.0	72.0	214.0	96.0	199.0	157.0	163.0	140.0	179.0	174.0	213.0	172.0	235.0	162.0	252.0	178.0	185.0	198.0	156.0	197.0	196.0	203.0	168.0	225.0	174.0	267.0	177.0	256.0	249.0	267.0	207.0	286.0	219.0	298.0	219.0	366.0	185.0	1
74.0	200.0	70.0	214.0	98.0	197.0	156.0	161.0	140.0	177.0	172.0	210.0	170.0	233.0	162.0	250.0	180.0	183.0	198.0	158.0	197.0	194.0	202.0	168.0	225.0	175.0	271.0	177.0	257.0	246.0	266.0	204.0	284.0	216.0	297.0	216.0	367.0	186.0	1
75.0	201.0	71.0	217.0	91.0	199.0	156.0	161.0	138.0	178.0	172.0	215.0	171.0	240.0	163.0	259.0	182.0	185.0	204.0	155.0	197.0	197.0	207.0	167.0	227.0	173.0	268.0	176.0	258.0	254.0	263.0	207.0	289.0	223.0	304.0	223.0	372.0	185.0	1
74.0	203.0	70.0	218.0	96.0	199.0	155.0	160.0	137.0	177.0	173.0	212.0	172.0	236.0	162.0	255.0	182.0	184.0	200.0	154.0	198.0	196.0	206.0	168.0	227.0	174.0	265.0	177.0	256.0	250.0	264.0	205.0	288.0	220.0	301.0	220.0	372.0	187.0	1
71.0	199.0	67.0	216.0	91.0	198.0	156.0	160.0	140.0	175.0	172.0	214.0	167.0	237.0	155.0	255.0	181.0	184.0	202.0	153.0	199.0	198.0	206.0	166.0	227.0	172.0	270.0	176.0	256.0	255.0	268.0	207.0	291.0	222.0	305.0	222.0	373.0	184.0	1
72.0	200.0	68.0	218.0	94.0	198.0	157.0	159.0	140.0	175.0	175.0	214.0	172.0	239.0	162.0	258.0	179.0	183.0	201.0	153.0	200.0	197.0	206.0	166.0	226.0	173.0	265.0	176.0	257.0	252.0	264.0	206.0	287.0	221.0	300.0	220.0	373.0	187.0	1
69.0	199.0	64.0	215.0	92.0	196.0	158.0	158.0	136.0	176.0	170.0	213.0	166.0	238.0	156.0	257.0	178.0	183.0	204.0	152.0	197.0	197.0	209.0	165.0	228.0	171.0	268.0	175.0	254.0	255.0	266.0	208.0	288.0	222.0	300.0	223.0	377.0	185.0	1
76.0	201.0	70.0	215.0	98.0	199.0	162.0	162.0	144.0	178.0	177.0	215.0	172.0	237.0	165.0	254.0	182.0	185.0	202.0	157.0	198.0	196.0	207.0	170.0	226.0	175.0	266.0	178.0	256.0	251.0	261.0	205.0	287.0	220.0	300.0	220.0	369.0	187.0	1
75.0	199.0	70.0	215.0	99.0	197.0	155.0	161.0	136.0	178.0	171.0	213.0	171.0	237.0	160.0	255.0	179.0	185.0	200.0	154.0	198.0	197.0	206.0	167.0	226.0	173.0	267.0	177.0	254.0	252.0	266.0	207.0	287.0	220.0	302.0	220.0	372.0	185.0	1
74.0	200.0	69.0	214.0	95.0	198.0	158.0	163.0	142.0	178.0	177.0	214.0	171.0	235.0	161.0	252.0	180.0	184.0	200.0	157.0	200.0	197.0	204.0	169.0	223.0	173.0	262.0	176.0	257.0	250.0	264.0	207.0	287.0	220.0	299.0	219.0	365.0	182.0	1
74.0	200.0	70.0	215.0	96.0	198.0	157.0	160.0	142.0	177.0	172.0	214.0	170.0	238.0	160.0	255.0	179.0	183.0	202.0	155.0	199.0	196.0	205.0	168.0	226.0	174.0	267.0	176.0	255.0	253.0	264.0	206.0	288.0	221.0	300.0	221.0	367.0	184.0	1
74.0	200.0	70.0	216.0	98.0	198.0	158.0	161.0	141.0	176.0	174.0	213.0	172.0	237.0	163.0	254.0	183.0	185.0	200.0	155.0	197.0	196.0	205.0	169.0	226.0	174.0	268.0	178.0	256.0	250.0	265.0	207.0	286.0	221.0	298.0	221.0	363.0	185.0	1
73.0	202.0	69.0	218.0	95.0	199.0	156.0	164.0	140.0	179.0	174.0	213.0	169.0	235.0	160.0	251.0	185.0	187.0	197.0	157.0	197.0	196.0	204.0	170.0	223.0	175.0	267.0	177.0	258.0	250.0	266.0	207.0	287.0	220.0	302.0	220.0	371.0	185.0	1
71.0	199.0	67.0	216.0	96.0	197.0	156.0	163.0	141.0	177.0	174.0	213.0	170.0	236.0	159.0	253.0	181.0	184.0	203.0	155.0	200.0	197.0	206.0	168.0	227.0	175.0	269.0	178.0	257.0	249.0	266.0	207.0	287.0	221.0	301.0	221.0	373.0	185.0	1
73.0	202.0	71.0	217.0	95.0	198.0	153.0	162.0	136.0	178.0	174.0	214.0	170.0	238.0	161.0	255.0	177.0	183.0	201.0	155.0	199.0	197.0	204.0	167.0	227.0	174.0	267.0	176.0	258.0	252.0	262.0	204.0	290.0	222.0	303.0	221.0	373.0	184.0	1
77.0	201.0	74.0	216.0	101.0	198.0	159.0	163.0	141.0	179.0	173.0	212.0	171.0	235.0	164.0	251.0	180.0	186.0	200.0	158.0	194.0	196.0	205.0	170.0	227.0	176.0	268.0	178.0	255.0	248.0	265.0	207.0	285.0	220.0	298.0	219.0	366.0	185.0	1
72.0	201.0	67.0	215.0	95.0	199.0	154.0	162.0	139.0	177.0	173.0	214.0	172.0	238.0	161.0	254.0	180.0	185.0	199.0	156.0	197.0	196.0	204.0	168.0	226.0	173.0	270.0	176.0	258.0	252.0	268.0	206.0	290.0	220.0	303.0	220.0	370.0	182.0	1
73.0	201.0	69.0	216.0	95.0	198.0	159.0	163.0	142.0	179.0	173.0	213.0	171.0	237.0	163.0	255.0	183.0	186.0	201.0	157.0	195.0	195.0	206.0	170.0	226.0	176.0	268.0	179.0	256.0	248.0	262.0	205.0	286.0	220.0	298.0	220.0	368.0	188.0	1
75.0	202.0	71.0	217.0	99.0	198.0	158.0	163.0	141.0	178.0	174.0	212.0	173.0	235.0	165.0	252.0	182.0	185.0	201.0	158.0	197.0	196.0	207.0	171.0	225.0	176.0	266.0	178.0	257.0	248.0	261.0	204.0	287.0	220.0	299.0	219.0	365.0	188.0	1
74.0	202.0	69.0	217.0	97.0	199.0	157.0	162.0	139.0	177.0	174.0	212.0	170.0	235.0	162.0	252.0	179.0	183.0	201.0	155.0	198.0	196.0	206.0	167.0	226.0	173.0	269.0	177.0	254.0	249.0	262.0	204.0	284.0	219.0	299.0	220.0	369.0	190.0	1
72.0	202.0	68.0	217.0	95.0	199.0	156.0	163.0	140.0	179.0	174.0	213.0	171.0	236.0	162.0	253.0	181.0	185.0	202.0	156.0	199.0	196.0	205.0	169.0	228.0	176.0	269.0	178.0	259.0	248.0	266.0	207.0	288.0	221.0	300.0	220.0	366.0	185.0	1
78.0	202.0	75.0	219.0	96.0	199.0	155.0	163.0	137.0	178.0	173.0	212.0	170.0	237.0	163.0	253.0	178.0	184.0	200.0	157.0	196.0	196.0	203.0	168.0	226.0	175.0	264.0	177.0	258.0	250.0	264.0	205.0	288.0	220.0	299.0	220.0	368.0	186.0	1
74.0	202.0	70.0	219.0	95.0	199.0	154.0	161.0	134.0	177.0	173.0	214.0	171.0	239.0	161.0	255.0	179.0	184.0	202.0	154.0	195.0	196.0	205.0	166.0	230.0	174.0	271.0	178.0	257.0	251.0	264.0	207.0	287.0	222.0	300.0	221.0	368.0	186.0	1
71.0	201.0	66.0	217.0	96.0	198.0	155.0	162.0	140.0	179.0	173.0	214.0	173.0	238.0	163.0	255.0	181.0	185.0	200.0	156.0	195.0	195.0	205.0	169.0	225.0	174.0	270.0	178.0	257.0	249.0	266.0	206.0	288.0	221.0	301.0	221.0	370.0	183.0	1
75.0	201.0	71.0	216.0	95.0	198.0	156.0	163.0	140.0	177.0	173.0	214.0	171.0	236.0	162.0	253.0	180.0	185.0	200.0	157.0	197.0	196.0	204.0	169.0	225.0	175.0	269.0	179.0	259.0	247.0	265.0	206.0	286.0	219.0	300.0	219.0	369.0	186.0	1
77.0	200.0	76.0	215.0	96.0	199.0	158.0	164.0	142.0	178.0	175.0	213.0	173.0	237.0	164.0	253.0	181.0	186.0	202.0	157.0	200.0	198.0	206.0	169.0	228.0	175.0	266.0	177.0	256.0	250.0	264.0	207.0	285.0	220.0	299.0	219.0	363.0	184.0	1
72.0	200.0	68.0	217.0	94.0	198.0	157.0	159.0	139.0	175.0	172.0	213.0	170.0	239.0	158.0	255.0	180.0	183.0	201.0	152.0	197.0	196.0	207.0	166.0	231.0	173.0	273.0	178.0	253.0	252.0	265.0	206.0	288.0	221.0	300.0	221.0	375.0	186.0	1
76.0	201.0	73.0	216.0	95.0	198.0	160.0	162.0	143.0	178.0	174.0	211.0	171.0	235.0	164.0	252.0	180.0	183.0	206.0	156.0	198.0	196.0	211.0	169.0	231.0	176.0	262.0	178.0	256.0	249.0	261.0	206.0	283.0	220.0	295.0	221.0	367.0	187.0	1
75.0	202.0	70.0	218.0	96.0	199.0	156.0	161.0	139.0	178.0	173.0	214.0	171.0	239.0	163.0	257.0	181.0	184.0	200.0	154.0	197.0	196.0	205.0	167.0	226.0	173.0	267.0	176.0	256.0	252.0	263.0	206.0	287.0	221.0	301.0	221.0	371.0	186.0	1
76.0	201.0	71.0	217.0	98.0	199.0	157.0	161.0	141.0	176.0	174.0	213.0	173.0	238.0	162.0	256.0	181.0	184.0	199.0	154.0	196.0	194.0	204.0	167.0	226.0	174.0	267.0	177.0	254.0	250.0	262.0	205.0	286.0	221.0	299.0	221.0	368.0	187.0	1
75.0	202.0	72.0	217.0	95.0	198.0	156.0	163.0	140.0	178.0	172.0	213.0	169.0	236.0	161.0	253.0	176.0	184.0	198.0	155.0	196.0	197.0	204.0	168.0	225.0	174.0	266.0	176.0	258.0	252.0	260.0	205.0	288.0	220.0	300.0	219.0	368.0	182.0	1
67.0	201.0	61.0	217.0	92.0	198.0	153.0	160.0	138.0	175.0	171.0	213.0	169.0	238.0	156.0	255.0	178.0	182.0	200.0	153.0	198.0	195.0	206.0	167.0	228.0	173.0	268.0	175.0	258.0	253.0	265.0	205.0	292.0	222.0	305.0	222.0	379.0	186.0	1
73.0	202.0	71.0	217.0	94.0	199.0	153.0	162.0	136.0	178.0	173.0	213.0	171.0	238.0	161.0	254.0	176.0	183.0	199.0	155.0	198.0	197.0	204.0	167.0	226.0	173.0	267.0	177.0	255.0	251.0	268.0	207.0	288.0	221.0	300.0	221.0	372.0	186.0	1
77.0	202.0	74.0	216.0	96.0	199.0	156.0	164.0	140.0	180.0	173.0	212.0	172.0	235.0	163.0	251.0	181.0	185.0	199.0	158.0	195.0	194.0	203.0	170.0	222.0	175.0	266.0	177.0	255.0	247.0	262.0	204.0	287.0	219.0	298.0	219.0	364.0	188.0	1
69.0	200.0	66.0	216.0	94.0	196.0	154.0	162.0	139.0	177.0	172.0	213.0	169.0	236.0	160.0	253.0	185.0	186.0	200.0	157.0	197.0	196.0	205.0	169.0	227.0	175.0	267.0	177.0	255.0	251.0	266.0	207.0	287.0	220.0	301.0	220.0	370.0	185.0	1
74.0	200.0	70.0	215.0	94.0	197.0	160.0	162.0	143.0	176.0	172.0	214.0	168.0	235.0	157.0	252.0	180.0	184.0	203.0	156.0	196.0	196.0	206.0	168.0	222.0	173.0	263.0	176.0	257.0	251.0	261.0	207.0	285.0	222.0	297.0	221.0	367.0	184.0	1
71.0	200.0	65.0	217.0	91.0	197.0	158.0	162.0	141.0	176.0	173.0	213.0	170.0	237.0	161.0	256.0	181.0	184.0	202.0	156.0	197.0	195.0	204.0	168.0	227.0	174.0	268.0	177.0	259.0	250.0	267.0	206.0	289.0	221.0	301.0	220.0	372.0	186.0	1
70.0	201.0	66.0	217.0	90.0	199.0	156.0	161.0	138.0	177.0	173.0	215.0	171.0	239.0	164.0	256.0	180.0	184.0	200.0	155.0	201.0	197.0	204.0	168.0	226.0	173.0	268.0	176.0	266.0	250.0	267.0	205.0	294.0	221.0	306.0	220.0	373.0	183.0	1
75.0	202.0	72.0	217.0	99.0	199.0	155.0	162.0	139.0	178.0	175.0	214.0	173.0	237.0	165.0	253.0	183.0	186.0	201.0	157.0	198.0	197.0	206.0	169.0	226.0	174.0	267.0	177.0	259.0	250.0	264.0	206.0	288.0	221.0	302.0	220.0	369.0	185.0	1
76.0	201.0	71.0	215.0	95.0	199.0	157.0	163.0	140.0	178.0	172.0	213.0	169.0	236.0	160.0	252.0	177.0	185.0	200.0	157.0	197.0	198.0	205.0	170.0	226.0	176.0	265.0	178.0	254.0	249.0	263.0	207.0	283.0	220.0	295.0	220.0	367.0	187.0	1
75.0	202.0	72.0	219.0	97.0	199.0	156.0	160.0	139.0	177.0	173.0	214.0	170.0	238.0	162.0	257.0	177.0	182.0	199.0	154.0	197.0	195.0	202.0	166.0	225.0	173.0	269.0	176.0	256.0	252.0	266.0	207.0	288.0	221.0	302.0	222.0	372.0	185.0	1
74.0	202.0	70.0	216.0	98.0	200.0	156.0	163.0	139.0	179.0	174.0	213.0	171.0	237.0	163.0	253.0	183.0	186.0	199.0	158.0	198.0	197.0	204.0	169.0	224.0	175.0	267.0	177.0	256.0	248.0	265.0	206.0	285.0	219.0	299.0	219.0	369.0	186.0	1
72.0	200.0	67.0	216.0	93.0	197.0	157.0	160.0	139.0	176.0	174.0	214.0	171.0	237.0	161.0	254.0	179.0	183.0	203.0	154.0	198.0	196.0	208.0	166.0	227.0	172.0	269.0	176.0	258.0	251.0	266.0	206.0	289.0	221.0	301.0	221.0	373.0	185.0	1
75.0	201.0	72.0	216.0	95.0	198.0	156.0	164.0	139.0	179.0	172.0	214.0	169.0	237.0	162.0	253.0	181.0	186.0	200.0	158.0	196.0	197.0	204.0	171.0	225.0	176.0	267.0	178.0	260.0	250.0	263.0	206.0	288.0	221.0	301.0	220.0	367.0	183.0	1
76.0	199.0	72.0	214.0	97.0	197.0	157.0	162.0	141.0	177.0	172.0	212.0	168.0	235.0	159.0	252.0	183.0	185.0	202.0	156.0	197.0	196.0	206.0	169.0	228.0	175.0	269.0	179.0	254.0	250.0	261.0	205.0	286.0	220.0	298.0	220.0	368.0	185.0	1
75.0	201.0	72.0	215.0	100.0	199.0	157.0	163.0	140.0	180.0	174.0	213.0	172.0	235.0	162.0	252.0	179.0	185.0	200.0	157.0	196.0	197.0	205.0	169.0	226.0	175.0	265.0	177.0	255.0	248.0	265.0	207.0	285.0	220.0	298.0	220.0	368.0	186.0	1
77.0	201.0	71.0	216.0	101.0	198.0	159.0	162.0	143.0	178.0	174.0	213.0	171.0	236.0	162.0	254.0	182.0	184.0	200.0	157.0	198.0	195.0	205.0	169.0	225.0	174.0	273.0	178.0	253.0	250.0	266.0	207.0	287.0	221.0	300.0	220.0	365.0	186.0	1
75.0	201.0	71.0	218.0	96.0	198.0	156.0	161.0	141.0	176.0	173.0	213.0	170.0	236.0	161.0	254.0	177.0	183.0	200.0	155.0	196.0	194.0	205.0	167.0	225.0	172.0	267.0	176.0	257.0	249.0	263.0	205.0	286.0	220.0	300.0	220.0	369.0	187.0	1
74.0	201.0	70.0	218.0	97.0	198.0	157.0	162.0	142.0	177.0	173.0	214.0	171.0	238.0	162.0	255.0	180.0	185.0	198.0	156.0	194.0	195.0	201.0	169.0	224.0	173.0	263.0	176.0	257.0	249.0	265.0	207.0	285.0	219.0	299.0	219.0	367.0	186.0	1
73.0	202.0	70.0	216.0	97.0	199.0	156.0	163.0	141.0	178.0	173.0	213.0	170.0	235.0	162.0	251.0	178.0	184.0	200.0	157.0	196.0	196.0	203.0	168.0	225.0	175.0	266.0	177.0	256.0	248.0	266.0	208.0	286.0	220.0	297.0	219.0	366.0	187.0	1
72.0	203.0	70.0	217.0	90.0	200.0	155.0	163.0	139.0	178.0	174.0	212.0	174.0	236.0	166.0	254.0	180.0	184.0	202.0	155.0	197.0	195.0	207.0	169.0	228.0	174.0	263.0	177.0	260.0	249.0	264.0	205.0	287.0	220.0	300.0	220.0	369.0	186.0	1
54.0	200.0	49.0	219.0	80.0	197.0	150.0	158.0	129.0	175.0	169.0	215.0	167.0	243.0	155.0	263.0	181.0	183.0	199.0	150.0	196.0	195.0	207.0	165.0	232.0	171.0	279.0	174.0	268.0	258.0	273.0	206.0	305.0	224.0	320.0	224.0	395.0	182.0	1
74.0	202.0	70.0	215.0	98.0	199.0	156.0	162.0	138.0	178.0	175.0	213.0	174.0	237.0	165.0	254.0	178.0	184.0	201.0	157.0	196.0	197.0	206.0	169.0	229.0	175.0	267.0	178.0	255.0	248.0	260.0	205.0	282.0	220.0	297.0	220.0	369.0	186.0	1
72.0	201.0	68.0	217.0	96.0	198.0	154.0	162.0	139.0	177.0	174.0	215.0	171.0	238.0	161.0	256.0	179.0	185.0	201.0	155.0	199.0	197.0	204.0	169.0	227.0	174.0	270.0	177.0	256.0	254.0	265.0	206.0	289.0	222.0	302.0	221.0	371.0	183.0	1
58.0	201.0	54.0	217.0	80.0	198.0	152.0	157.0	133.0	174.0	171.0	215.0	169.0	241.0	160.0	261.0	181.0	183.0	198.0	152.0	196.0	196.0	205.0	166.0	226.0	171.0	272.0	175.0	263.0	256.0	265.0	204.0	297.0	224.0	311.0	223.0	383.0	185.0	1
73.0	200.0	67.0	216.0	94.0	198.0	157.0	162.0	139.0	178.0	172.0	213.0	171.0	237.0	162.0	256.0	183.0	187.0	200.0	156.0	199.0	198.0	205.0	170.0	225.0	175.0	265.0	177.0	260.0	250.0	265.0	207.0	285.0	220.0	300.0	220.0	371.0	184.0	1
76.0	202.0	71.0	216.0	99.0	199.0	159.0	164.0	143.0	179.0	173.0	214.0	173.0	236.0	166.0	254.0	180.0	186.0	201.0	158.0	198.0	198.0	205.0	170.0	226.0	175.0	262.0	178.0	258.0	248.0	265.0	206.0	287.0	220.0	300.0	219.0	371.0	186.0	1
77.0	200.0	72.0	214.0	99.0	198.0	158.0	162.0	142.0	178.0	176.0	214.0	172.0	238.0	164.0	253.0	179.0	184.0	201.0	157.0	199.0	196.0	205.0	169.0	227.0	175.0	265.0	178.0	255.0	250.0	263.0	205.0	285.0	219.0	296.0	219.0	363.0	187.0	1
75.0	203.0	71.0	217.0	96.0	199.0	157.0	163.0	140.0	178.0	174.0	213.0	171.0	235.0	163.0	251.0	183.0	186.0	200.0	158.0	194.0	195.0	205.0	170.0	226.0	176.0	268.0	179.0	256.0	247.0	262.0	205.0	284.0	219.0	296.0	219.0	366.0	189.0	1
72.0	202.0	68.0	217.0	95.0	199.0	156.0	162.0	140.0	178.0	174.0	213.0	171.0	238.0	163.0	254.0	179.0	185.0	202.0	157.0	197.0	197.0	205.0	169.0	226.0	175.0	269.0	178.0	259.0	249.0	267.0	208.0	287.0	221.0	301.0	221.0	368.0	185.0	1
75.0	202.0	71.0	217.0	96.0	199.0	156.0	163.0	140.0	178.0	174.0	215.0	171.0	237.0	164.0	254.0	181.0	185.0	199.0	156.0	200.0	197.0	204.0	169.0	225.0	175.0	264.0	177.0	258.0	250.0	264.0	205.0	289.0	220.0	301.0	219.0	370.0	188.0	1
75.0	201.0	71.0	216.0	98.0	198.0	155.0	163.0	138.0	179.0	173.0	213.0	171.0	237.0	163.0	254.0	178.0	185.0	199.0	158.0	194.0	196.0	203.0	169.0	223.0	174.0	265.0	177.0	258.0	250.0	265.0	206.0	288.0	220.0	298.0	219.0	366.0	182.0	1
69.0	198.0	65.0	216.0	92.0	196.0	157.0	158.0	137.0	175.0	170.0	215.0	167.0	239.0	155.0	259.0	178.0	182.0	203.0	152.0	197.0	195.0	207.0	165.0	227.0	171.0	270.0	174.0	254.0	255.0	268.0	207.0	292.0	222.0	304.0	222.0	380.0	185.0	1
76.0	201.0	74.0	217.0	97.0	199.0	156.0	163.0	140.0	178.0	175.0	213.0	173.0	237.0	167.0	253.0	183.0	185.0	201.0	157.0	199.0	197.0	206.0	170.0	228.0	176.0	267.0	179.0	259.0	248.0	263.0	205.0	284.0	219.0	297.0	218.0	367.0	186.0	1
70.0	201.0	66.0	215.0	97.0	198.0	155.0	164.0	138.0	178.0	172.0	213.0	170.0	235.0	163.0	252.0	181.0	186.0	197.0	158.0	197.0	197.0	203.0	170.0	225.0	176.0	270.0	178.0	258.0	248.0	267.0	207.0	286.0	218.0	300.0	218.0	372.0	184.0	1
70.0	201.0	66.0	217.0	92.0	198.0	157.0	161.0	139.0	177.0	173.0	214.0	170.0	238.0	163.0	257.0	182.0	184.0	201.0	155.0	196.0	195.0	206.0	168.0	226.0	174.0	265.0	177.0	259.0	252.0	262.0	206.0	287.0	222.0	301.0	221.0	373.0	187.0	1
74.0	201.0	71.0	215.0	100.0	198.0	158.0	164.0	142.0	179.0	174.0	212.0	171.0	234.0	161.0	250.0	184.0	186.0	204.0	157.0	200.0	197.0	209.0	170.0	227.0	175.0	267.0	179.0	257.0	249.0	264.0	205.0	288.0	221.0	298.0	220.0	367.0	186.0	1
73.0	201.0	67.0	215.0	96.0	198.0	151.0	162.0	136.0	178.0	173.0	212.0	171.0	236.0	159.0	254.0	182.0	185.0	201.0	155.0	197.0	196.0	206.0	168.0	226.0	174.0	266.0	177.0	256.0	251.0	265.0	205.0	289.0	221.0	303.0	221.0	370.0	183.0	1
74.0	202.0	70.0	217.0	100.0	198.0	155.0	164.0	140.0	180.0	172.0	214.0	169.0	236.0	162.0	253.0	182.0	187.0	199.0	157.0	197.0	198.0	205.0	170.0	227.0	176.0	263.0	178.0	256.0	249.0	266.0	208.0	286.0	221.0	297.0	220.0	365.0	183.0	1
67.0	202.0	65.0	218.0	91.0	199.0	153.0	161.0	134.0	179.0	173.0	213.0	169.0	237.0	161.0	255.0	179.0	185.0	198.0	155.0	198.0	197.0	203.0	168.0	227.0	174.0	270.0	176.0	259.0	250.0	267.0	205.0	289.0	221.0	303.0	221.0	374.0	186.0	1
74.0	201.0	72.0	217.0	95.0	198.0	157.0	163.0	140.0	178.0	171.0	212.0	169.0	235.0	163.0	249.0	179.0	185.0	200.0	159.0	194.0	196.0	204.0	170.0	223.0	175.0	265.0	178.0	257.0	247.0	263.0	204.0	287.0	219.0	301.0	219.0	372.0	187.0	1
70.0	200.0	67.0	216.0	93.0	197.0	156.0	162.0	140.0	177.0	172.0	213.0	166.0	236.0	159.0	253.0	181.0	184.0	204.0	156.0	200.0	196.0	208.0	169.0	230.0	176.0	270.0	179.0	255.0	249.0	267.0	207.0	288.0	221.0	300.0	222.0	366.0	186.0	1
76.0	201.0	72.0	215.0	96.0	199.0	156.0	162.0	138.0	178.0	175.0	214.0	175.0	237.0	167.0	254.0	179.0	185.0	198.0	157.0	198.0	198.0	201.0	169.0	222.0	174.0	261.0	177.0	261.0	249.0	264.0	205.0	289.0	219.0	301.0	218.0	368.0	183.0	1
73.0	201.0	70.0	218.0	95.0	198.0	157.0	162.0	141.0	177.0	175.0	212.0	171.0	237.0	161.0	254.0	179.0	184.0	200.0	155.0	197.0	196.0	205.0	168.0	223.0	173.0	264.0	176.0	257.0	250.0	264.0	206.0	286.0	220.0	299.0	220.0	369.0	185.0	1
77.0	202.0	72.0	215.0	99.0	199.0	157.0	163.0	142.0	177.0	174.0	213.0	170.0	235.0	163.0	251.0	183.0	185.0	203.0	157.0	197.0	197.0	207.0	169.0	229.0	176.0	264.0	179.0	253.0	248.0	260.0	206.0	282.0	221.0	295.0	221.0	363.0	189.0	1
74.0	201.0	70.0	215.0	94.0	198.0	158.0	162.0	141.0	178.0	173.0	213.0	170.0	238.0	163.0	254.0	182.0	186.0	202.0	157.0	198.0	197.0	206.0	169.0	225.0	174.0	267.0	177.0	260.0	250.0	267.0	207.0	291.0	221.0	302.0	220.0	370.0	185.0	1
76.0	202.0	73.0	217.0	99.0	199.0	158.0	163.0	143.0	178.0	172.0	215.0	172.0	237.0	165.0	253.0	178.0	184.0	201.0	157.0	195.0	196.0	205.0	169.0	226.0	175.0	267.0	178.0	253.0	250.0	263.0	207.0	285.0	221.0	298.0	221.0	363.0	186.0	1
75.0	200.0	41.0	208.0	71.0	217.0	161.0	160.0	145.0	175.0	175.0	239.0	179.0	214.0	167.0	255.0	97.0	198.0	207.0	153.0	183.0	182.0	203.0	196.0	211.0	167.0	232.0	173.0	272.0	176.0	267.0	253.0	273.0	207.0	302.0	222.0	387.0	188.0	1
78.0	201.0	74.0	217.0	99.0	198.0	158.0	161.0	140.0	178.0	173.0	213.0	170.0	236.0	160.0	252.0	182.0	184.0	201.0	155.0	200.0	196.0	206.0	168.0	228.0	175.0	263.0	177.0	254.0	249.0	262.0	205.0	284.0	219.0	297.0	219.0	365.0	187.0	1
74.0	200.0	70.0	216.0	96.0	198.0	154.0	162.0	139.0	178.0	172.0	214.0	170.0	237.0	160.0	254.0	181.0	185.0	201.0	156.0	197.0	196.0	206.0	169.0	226.0	174.0	272.0	178.0	255.0	249.0	264.0	205.0	288.0	219.0	300.0	219.0	376.0	187.0	1
76.0	200.0	72.0	215.0	96.0	198.0	157.0	164.0	139.0	181.0	174.0	213.0	173.0	236.0	166.0	252.0	179.0	185.0	201.0	158.0	199.0	197.0	206.0	170.0	224.0	175.0	260.0	177.0	254.0	249.0	261.0	205.0	285.0	220.0	297.0	220.0	365.0	186.0	1
75.0	201.0	72.0	216.0	98.0	198.0	159.0	161.0	142.0	176.0	172.0	213.0	168.0	236.0	160.0	254.0	180.0	183.0	204.0	155.0	198.0	195.0	207.0	167.0	230.0	174.0	270.0	177.0	255.0	250.0	266.0	207.0	286.0	221.0	299.0	221.0	371.0	187.0	1
74.0	202.0	71.0	216.0	95.0	199.0	155.0	164.0	138.0	179.0	173.0	213.0	171.0	237.0	164.0	253.0	181.0	186.0	199.0	158.0	198.0	197.0	203.0	170.0	223.0	175.0	272.0	178.0	257.0	247.0	267.0	207.0	285.0	219.0	298.0	218.0	367.0	187.0	1
66.0	199.0	63.0	216.0	89.0	197.0	154.0	161.0	140.0	176.0	171.0	213.0	167.0	237.0	157.0	256.0	179.0	184.0	201.0	155.0	198.0	196.0	205.0	167.0	225.0	172.0	269.0	176.0	259.0	253.0	268.0	207.0	293.0	222.0	305.0	221.0	374.0	184.0	1
70.0	200.0	67.0	216.0	96.0	197.0	157.0	161.0	141.0	177.0	171.0	213.0	169.0	237.0	160.0	254.0	184.0	186.0	202.0	155.0	197.0	196.0	206.0	168.0	226.0	174.0	271.0	177.0	256.0	251.0	266.0	208.0	287.0	221.0	301.0	221.0	370.0	185.0	1
73.0	200.0	67.0	215.0	97.0	197.0	160.0	162.0	141.0	178.0	172.0	214.0	168.0	237.0	159.0	254.0	182.0	185.0	203.0	157.0	199.0	197.0	208.0	170.0	230.0	176.0	271.0	179.0	255.0	252.0	265.0	210.0	283.0	222.0	297.0	223.0	369.0	186.0	1
72.0	200.0	69.0	217.0	94.0	197.0	159.0	162.0	142.0	177.0	174.0	214.0	170.0	238.0	160.0	255.0	180.0	184.0	200.0	156.0	200.0	197.0	205.0	168.0	228.0	174.0	266.0	176.0	256.0	251.0	265.0	207.0	286.0	221.0	300.0	221.0	369.0	186.0	1
71.0	201.0	67.0	216.0	96.0	198.0	157.0	162.0	140.0	178.0	173.0	212.0	171.0	234.0	163.0	252.0	179.0	184.0	199.0	157.0	198.0	197.0	204.0	168.0	229.0	175.0	270.0	177.0	257.0	249.0	268.0	207.0	288.0	220.0	301.0	220.0	374.0	184.0	1
73.0	201.0	69.0	216.0	97.0	198.0	158.0	161.0	142.0	177.0	174.0	214.0	172.0	237.0	164.0	255.0	178.0	184.0	199.0	156.0	195.0	195.0	204.0	168.0	222.0	172.0	267.0	176.0	257.0	250.0	264.0	206.0	286.0	220.0	301.0	219.0	366.0	183.0	1
73.0	199.0	68.0	216.0	96.0	197.0	158.0	160.0	140.0	177.0	174.0	213.0	172.0	238.0	161.0	256.0	181.0	183.0	201.0	154.0	200.0	197.0	208.0	167.0	227.0	173.0	270.0	178.0	256.0	251.0	263.0	206.0	287.0	221.0	299.0	221.0	372.0	186.0	1
69.0	198.0	65.0	214.0	93.0	196.0	159.0	160.0	139.0	176.0	172.0	212.0	169.0	237.0	159.0	254.0	180.0	183.0	203.0	153.0	199.0	197.0	207.0	166.0	228.0	173.0	273.0	176.0	258.0	252.0	271.0	209.0	289.0	220.0	303.0	220.0	376.0	182.0	1
75.0	202.0	70.0	217.0	95.0	199.0	155.0	163.0	138.0	179.0	174.0	214.0	172.0	237.0	161.0	254.0	178.0	185.0	199.0	156.0	195.0	197.0	203.0	169.0	225.0	175.0	267.0	177.0	256.0	252.0	265.0	207.0	288.0	221.0	301.0	221.0	368.0	184.0	1
66.0	199.0	61.0	216.0	90.0	197.0	155.0	162.0	139.0	177.0	171.0	213.0	168.0	237.0	159.0	255.0	177.0	184.0	201.0	156.0	197.0	197.0	204.0	167.0	229.0	174.0	270.0	176.0	262.0	252.0	266.0	206.0	292.0	221.0	305.0	221.0	375.0	183.0	1
75.0	200.0	70.0	214.0	99.0	198.0	159.0	162.0	143.0	179.0	173.0	211.0	173.0	235.0	163.0	252.0	181.0	185.0	203.0	156.0	196.0	196.0	208.0	169.0	228.0	175.0	267.0	179.0	253.0	249.0	261.0	206.0	284.0	219.0	297.0	219.0	365.0	187.0	1
75.0	199.0	38.0	206.0	71.0	215.0	158.0	161.0	144.0	177.0	173.0	235.0	176.0	212.0	164.0	253.0	97.0	197.0	207.0	161.0	181.0	183.0	202.0	195.0	231.0	173.0	275.0	177.0	264.0	251.0	272.0	206.0	293.0	220.0	307.0	220.0	379.0	184.0	1
70.0	201.0	64.0	216.0	95.0	199.0	158.0	162.0	142.0	178.0	172.0	213.0	170.0	237.0	161.0	256.0	185.0	186.0	200.0	156.0	196.0	196.0	205.0	170.0	226.0	175.0	266.0	178.0	258.0	250.0	268.0	207.0	289.0	220.0	301.0	220.0	373.0	187.0	1
69.0	201.0	66.0	216.0	95.0	198.0	157.0	162.0	140.0	177.0	170.0	212.0	168.0	236.0	160.0	253.0	179.0	185.0	197.0	157.0	196.0	196.0	203.0	169.0	226.0	175.0	270.0	177.0	260.0	249.0	267.0	207.0	288.0	220.0	300.0	220.0	372.0	185.0	1
75.0	201.0	71.0	217.0	95.0	199.0	158.0	163.0	141.0	177.0	172.0	213.0	170.0	238.0	161.0	253.0	179.0	185.0	201.0	158.0	198.0	197.0	205.0	170.0	227.0	176.0	266.0	178.0	260.0	248.0	262.0	204.0	285.0	219.0	298.0	218.0	371.0	188.0	1
71.0	200.0	68.0	216.0	94.0	198.0	156.0	161.0	138.0	177.0	174.0	214.0	171.0	236.0	161.0	255.0	182.0	184.0	203.0	154.0	201.0	197.0	206.0	167.0	229.0	174.0	269.0	177.0	260.0	252.0	263.0	206.0	288.0	220.0	302.0	220.0	374.0	185.0	1
74.0	202.0	70.0	216.0	97.0	199.0	157.0	162.0	138.0	178.0	172.0	214.0	169.0	237.0	161.0	253.0	180.0	184.0	201.0	156.0	200.0	197.0	205.0	168.0	226.0	174.0	268.0	177.0	255.0	250.0	264.0	205.0	287.0	221.0	302.0	221.0	370.0	188.0	1
72.0	200.0	70.0	217.0	97.0	197.0	159.0	161.0	143.0	176.0	174.0	213.0	171.0	235.0	161.0	252.0	185.0	185.0	202.0	155.0	198.0	196.0	205.0	167.0	227.0	173.0	273.0	177.0	255.0	249.0	267.0	208.0	285.0	220.0	301.0	220.0	370.0	186.0	1
69.0	202.0	66.0	217.0	94.0	199.0	155.0	161.0	139.0	177.0	173.0	213.0	170.0	238.0	162.0	256.0	183.0	184.0	201.0	154.0	198.0	196.0	206.0	167.0	227.0	173.0	268.0	177.0	257.0	252.0	262.0	205.0	289.0	221.0	300.0	220.0	374.0	188.0	1
72.0	202.0	69.0	218.0	95.0	198.0	155.0	163.0	140.0	177.0	173.0	214.0	169.0	237.0	160.0	255.0	179.0	184.0	201.0	155.0	199.0	198.0	204.0	167.0	226.0	174.0	267.0	176.0	257.0	251.0	266.0	207.0	288.0	221.0	299.0	221.0	370.0	186.0	1
74.0	202.0	69.0	217.0	100.0	198.0	155.0	161.0	141.0	176.0	173.0	212.0	171.0	236.0	163.0	254.0	180.0	185.0	199.0	155.0	195.0	196.0	203.0	168.0	228.0	175.0	270.0	178.0	256.0	249.0	263.0	205.0	286.0	220.0	301.0	220.0	369.0	187.0	1
73.0	202.0	70.0	217.0	94.0	199.0	157.0	162.0	140.0	178.0	172.0	213.0	169.0	236.0	160.0	253.0	181.0	185.0	199.0	157.0	195.0	196.0	204.0	169.0	225.0	174.0	270.0	177.0	260.0	249.0	268.0	206.0	291.0	220.0	304.0	219.0	372.0	186.0	1
78.0	201.0	73.0	217.0	97.0	198.0	156.0	161.0	135.0	179.0	172.0	214.0	172.0	238.0	163.0	256.0	174.0	183.0	198.0	154.0	197.0	196.0	204.0	167.0	224.0	172.0	269.0	175.0	258.0	251.0	267.0	206.0	292.0	221.0	304.0	221.0	376.0	184.0	1
71.0	202.0	68.0	218.0	94.0	199.0	154.0	161.0	137.0	180.0	173.0	215.0	170.0	238.0	161.0	255.0	176.0	185.0	199.0	155.0	197.0	198.0	203.0	168.0	225.0	174.0	268.0	176.0	255.0	252.0	266.0	209.0	286.0	221.0	300.0	222.0	370.0	184.0	1
72.0	203.0	69.0	218.0	93.0	200.0	155.0	161.0	138.0	177.0	174.0	212.0	173.0	237.0	164.0	255.0	181.0	183.0	199.0	154.0	198.0	196.0	203.0	166.0	227.0	173.0	265.0	176.0	259.0	250.0	266.0	205.0	290.0	220.0	302.0	221.0	374.0	188.0	1
76.0	201.0	72.0	216.0	97.0	198.0	157.0	163.0	142.0	179.0	172.0	212.0	170.0	236.0	160.0	253.0	179.0	185.0	198.0	157.0	195.0	195.0	204.0	170.0	224.0	175.0	262.0	178.0	254.0	248.0	262.0	206.0	283.0	220.0	294.0	220.0	361.0	187.0	1
80.0	201.0	76.0	216.0	100.0	198.0	160.0	163.0	144.0	179.0	175.0	214.0	173.0	236.0	164.0	253.0	181.0	186.0	201.0	158.0	197.0	197.0	205.0	169.0	225.0	175.0	263.0	178.0	255.0	248.0	265.0	208.0	282.0	219.0	296.0	219.0	364.0	186.0	1
71.0	197.0	68.0	214.0	92.0	194.0	151.0	160.0	133.0	175.0	170.0	210.0	168.0	233.0	160.0	251.0	179.0	182.0	201.0	152.0	195.0	193.0	205.0	165.0	226.0	171.0	267.0	175.0	258.0	248.0	263.0	203.0	286.0	219.0	299.0	219.0	370.0	184.0	1
78.0	201.0	75.0	215.0	99.0	198.0	158.0	162.0	142.0	177.0	174.0	213.0	171.0	238.0	163.0	255.0	181.0	184.0	201.0	156.0	199.0	197.0	205.0	168.0	226.0	174.0	265.0	177.0	256.0	250.0	263.0	206.0	284.0	219.0	296.0	219.0	366.0	186.0	1
74.0	201.0	69.0	217.0	97.0	197.0	154.0	160.0	133.0	178.0	172.0	213.0	170.0	237.0	162.0	254.0	178.0	183.0	201.0	153.0	196.0	195.0	205.0	165.0	227.0	172.0	267.0	175.0	260.0	250.0	266.0	205.0	287.0	220.0	302.0	220.0	371.0	184.0	1
73.0	202.0	68.0	218.0	93.0	199.0	154.0	161.0	139.0	177.0	172.0	213.0	170.0	238.0	162.0	256.0	178.0	183.0	203.0	153.0	197.0	196.0	206.0	167.0	226.0	173.0	268.0	176.0	258.0	253.0	267.0	206.0	291.0	222.0	305.0	222.0	373.0	184.0	1
72.0	201.0	69.0	216.0	96.0	198.0	157.0	163.0	140.0	179.0	174.0	212.0	172.0	236.0	163.0	252.0	179.0	186.0	200.0	157.0	197.0	197.0	204.0	170.0	226.0	175.0	269.0	177.0	257.0	248.0	266.0	206.0	288.0	221.0	302.0	221.0	367.0	186.0	1
72.0	201.0	69.0	216.0	94.0	198.0	156.0	162.0	139.0	178.0	173.0	214.0	170.0	236.0	160.0	253.0	178.0	185.0	201.0	155.0	194.0	196.0	206.0	167.0	227.0	173.0	266.0	176.0	256.0	251.0	265.0	206.0	287.0	220.0	301.0	220.0	369.0	185.0	1
72.0	200.0	68.0	216.0	95.0	198.0	157.0	163.0	140.0	177.0	174.0	214.0	172.0	237.0	162.0	255.0	179.0	184.0	199.0	156.0	199.0	197.0	203.0	168.0	225.0	175.0	264.0	177.0	258.0	251.0	266.0	206.0	289.0	221.0	302.0	220.0	370.0	184.0	1
75.0	202.0	72.0	216.0	98.0	198.0	158.0	162.0	142.0	178.0	175.0	212.0	172.0	236.0	163.0	252.0	184.0	186.0	200.0	157.0	196.0	196.0	204.0	171.0	225.0	176.0	269.0	180.0	254.0	248.0	263.0	205.0	285.0	220.0	298.0	220.0	366.0	186.0	1
74.0	202.0	71.0	218.0	94.0	199.0	159.0	163.0	141.0	178.0	174.0	213.0	173.0	236.0	165.0	253.0	183.0	186.0	198.0	157.0	194.0	195.0	203.0	170.0	224.0	175.0	271.0	178.0	256.0	248.0	266.0	205.0	286.0	219.0	300.0	220.0	370.0	188.0	1
73.0	201.0	70.0	216.0	97.0	199.0	159.0	163.0	143.0	178.0	173.0	212.0	171.0	236.0	164.0	253.0	184.0	186.0	201.0	158.0	198.0	196.0	208.0	171.0	225.0	176.0	268.0	179.0	258.0	249.0	264.0	205.0	287.0	219.0	298.0	218.0	366.0	187.0	1
77.0	203.0	73.0	217.0	97.0	200.0	156.0	163.0	142.0	178.0	173.0	213.0	169.0	236.0	162.0	253.0	179.0	184.0	198.0	157.0	197.0	196.0	203.0	169.0	227.0	176.0	265.0	179.0	256.0	249.0	262.0	206.0	285.0	220.0	299.0	220.0	363.0	186.0	1
72.0	200.0	69.0	216.0	96.0	198.0	156.0	162.0	137.0	178.0	172.0	213.0	170.0	237.0	162.0	253.0	179.0	185.0	200.0	155.0	196.0	197.0	203.0	168.0	222.0	173.0	269.0	176.0	259.0	250.0	269.0	208.0	289.0	220.0	301.0	218.0	369.0	182.0	1
67.0	201.0	64.0	217.0	88.0	197.0	156.0	160.0	136.0	176.0	171.0	213.0	168.0	238.0	161.0	256.0	180.0	183.0	202.0	153.0	198.0	196.0	205.0	165.0	227.0	170.0	265.0	174.0	263.0	252.0	268.0	206.0	293.0	221.0	305.0	220.0	378.0	186.0	1
74.0	200.0	70.0	215.0	95.0	198.0	156.0	162.0	140.0	177.0	172.0	213.0	169.0	236.0	161.0	253.0	181.0	184.0	203.0	154.0	197.0	196.0	206.0	167.0	229.0	175.0	272.0	178.0	256.0	250.0	263.0	206.0	288.0	221.0	300.0	221.0	371.0	185.0	1
73.0	200.0	67.0	215.0	96.0	197.0	156.0	161.0	139.0	177.0	172.0	212.0	170.0	236.0	159.0	254.0	181.0	184.0	202.0	155.0	199.0	196.0	207.0	167.0	230.0	175.0	272.0	179.0	254.0	251.0	262.0	206.0	283.0	220.0	297.0	221.0	371.0	187.0	1
76.0	202.0	73.0	216.0	96.0	200.0	158.0	164.0	141.0	179.0	174.0	213.0	171.0	236.0	162.0	252.0	176.0	185.0	200.0	158.0	196.0	196.0	204.0	171.0	223.0	175.0	265.0	178.0	258.0	248.0	262.0	205.0	288.0	220.0	300.0	219.0	369.0	187.0	1
70.0	200.0	66.0	217.0	97.0	198.0	154.0	161.0	137.0	178.0	172.0	215.0	171.0	238.0	160.0	256.0	181.0	185.0	201.0	154.0	197.0	196.0	207.0	167.0	226.0	172.0	267.0	176.0	256.0	250.0	267.0	207.0	289.0	221.0	301.0	220.0	374.0	187.0	1
68.0	200.0	64.0	216.0	90.0	197.0	157.0	161.0	139.0	176.0	173.0	215.0	169.0	238.0	159.0	255.0	183.0	186.0	198.0	156.0	196.0	197.0	205.0	169.0	225.0	174.0	268.0	177.0	257.0	253.0	268.0	207.0	291.0	222.0	303.0	221.0	372.0	184.0	1
78.0	202.0	74.0	216.0	97.0	199.0	158.0	163.0	141.0	180.0	174.0	214.0	171.0	237.0	164.0	252.0	180.0	185.0	201.0	157.0	198.0	197.0	206.0	169.0	227.0	175.0	266.0	178.0	257.0	249.0	262.0	205.0	287.0	220.0	301.0	220.0	368.0	187.0	1
76.0	202.0	69.0	215.0	100.0	199.0	155.0	163.0	140.0	179.0	174.0	213.0	173.0	236.0	164.0	252.0	181.0	185.0	201.0	157.0	201.0	198.0	206.0	170.0	227.0	176.0	266.0	179.0	255.0	248.0	263.0	205.0	285.0	220.0	299.0	220.0	364.0	186.0	1
73.0	202.0	69.0	218.0	94.0	199.0	157.0	162.0	138.0	178.0	171.0	213.0	170.0	237.0	162.0	255.0	182.0	185.0	199.0	156.0	194.0	194.0	205.0	169.0	225.0	174.0	266.0	178.0	257.0	251.0	264.0	205.0	287.0	220.0	299.0	220.0	372.0	188.0	1
76.0	202.0	73.0	219.0	97.0	199.0	155.0	162.0	141.0	178.0	173.0	214.0	170.0	238.0	163.0	255.0	180.0	185.0	201.0	155.0	198.0	197.0	205.0	168.0	228.0	174.0	267.0	177.0	256.0	250.0	265.0	207.0	284.0	221.0	297.0	221.0	363.0	186.0	1
72.0	200.0	68.0	215.0	95.0	198.0	159.0	162.0	142.0	178.0	173.0	212.0	170.0	236.0	161.0	255.0	180.0	184.0	200.0	156.0	199.0	197.0	205.0	168.0	227.0	175.0	265.0	177.0	255.0	249.0	261.0	205.0	285.0	221.0	298.0	221.0	368.0	187.0	1
75.0	200.0	70.0	216.0	95.0	198.0	156.0	162.0	141.0	178.0	174.0	214.0	172.0	237.0	165.0	254.0	180.0	185.0	203.0	156.0	198.0	197.0	208.0	169.0	228.0	175.0	267.0	178.0	256.0	251.0	264.0	207.0	287.0	222.0	299.0	221.0	366.0	185.0	1
68.0	200.0	64.0	216.0	92.0	197.0	151.0	162.0	136.0	177.0	173.0	213.0	170.0	239.0	162.0	255.0	177.0	184.0	201.0	155.0	196.0	198.0	206.0	167.0	225.0	173.0	266.0	176.0	262.0	250.0	265.0	205.0	289.0	219.0	303.0	219.0	374.0	183.0	1
75.0	201.0	71.0	216.0	98.0	198.0	159.0	160.0	141.0	176.0	173.0	213.0	168.0	236.0	159.0	254.0	182.0	185.0	201.0	154.0	198.0	197.0	207.0	168.0	227.0	174.0	268.0	178.0	254.0	250.0	262.0	206.0	285.0	221.0	299.0	221.0	363.0	187.0	1
76.0	201.0	71.0	217.0	98.0	199.0	159.0	164.0	142.0	180.0	172.0	213.0	170.0	235.0	163.0	253.0	181.0	187.0	201.0	159.0	195.0	197.0	205.0	171.0	224.0	176.0	262.0	179.0	254.0	248.0	261.0	206.0	282.0	220.0	295.0	220.0	366.0	187.0	1
72.0	202.0	68.0	216.0	92.0	199.0	155.0	163.0	137.0	178.0	172.0	212.0	170.0	236.0	163.0	252.0	182.0	186.0	199.0	157.0	195.0	196.0	204.0	169.0	225.0	175.0	266.0	177.0	258.0	248.0	266.0	207.0	288.0	220.0	300.0	219.0	366.0	186.0	1
71.0	200.0	68.0	218.0	92.0	197.0	155.0	160.0	135.0	176.0	171.0	214.0	168.0	237.0	158.0	257.0	177.0	183.0	199.0	153.0	197.0	196.0	204.0	167.0	224.0	173.0	266.0	175.0	258.0	254.0	267.0	207.0	289.0	220.0	302.0	220.0	376.0	184.0	1
76.0	200.0	72.0	215.0	96.0	198.0	159.0	163.0	141.0	178.0	174.0	213.0	169.0	235.0	162.0	252.0	183.0	185.0	203.0	157.0	199.0	197.0	208.0	170.0	228.0	176.0	270.0	178.0	253.0	250.0	264.0	207.0	283.0	220.0	298.0	221.0	366.0	187.0	1
80.0	202.0	74.0	216.0	100.0	199.0	158.0	163.0	139.0	179.0	177.0	214.0	175.0	237.0	169.0	255.0	182.0	185.0	200.0	157.0	197.0	196.0	205.0	170.0	223.0	174.0	260.0	177.0	258.0	249.0	259.0	204.0	285.0	220.0	298.0	220.0	364.0	184.0	1
68.0	200.0	64.0	216.0	94.0	197.0	156.0	162.0	138.0	177.0	171.0	213.0	170.0	237.0	162.0	253.0	181.0	185.0	201.0	155.0	196.0	197.0	206.0	169.0	230.0	175.0	270.0	178.0	258.0	250.0	267.0	207.0	287.0	219.0	300.0	219.0	373.0	184.0	1
76.0	201.0	73.0	214.0	97.0	199.0	158.0	164.0	141.0	179.0	173.0	213.0	171.0	236.0	162.0	252.0	183.0	186.0	200.0	159.0	199.0	197.0	204.0	171.0	225.0	176.0	266.0	178.0	260.0	248.0	265.0	205.0	286.0	219.0	298.0	218.0	363.0	184.0	1
71.0	200.0	67.0	216.0	93.0	197.0	156.0	161.0	140.0	176.0	172.0	213.0	168.0	237.0	159.0	254.0	180.0	184.0	201.0	155.0	197.0	196.0	206.0	168.0	226.0	173.0	271.0	177.0	257.0	253.0	268.0	208.0	288.0	221.0	304.0	220.0	370.0	183.0	1
75.0	202.0	71.0	217.0	97.0	199.0	157.0	161.0	138.0	179.0	174.0	212.0	173.0	236.0	164.0	252.0	182.0	185.0	200.0	155.0	198.0	197.0	204.0	168.0	225.0	174.0	266.0	176.0	255.0	247.0	265.0	205.0	286.0	219.0	300.0	219.0	369.0	186.0	1
63.0	199.0	57.0	216.0	86.0	197.0	154.0	159.0	135.0	175.0	169.0	214.0	167.0	238.0	157.0	258.0	177.0	183.0	201.0	153.0	195.0	197.0	207.0	166.0	230.0	173.0	273.0	176.0	260.0	254.0	268.0	205.0	294.0	221.0	308.0	221.0	380.0	185.0	1
73.0	201.0	71.0	217.0	94.0	199.0	154.0	162.0	135.0	178.0	174.0	212.0	172.0	236.0	163.0	253.0	177.0	184.0	199.0	156.0	196.0	196.0	203.0	168.0	225.0	174.0	270.0	177.0	257.0	251.0	261.0	204.0	288.0	220.0	303.0	220.0	373.0	184.0	1
70.0	200.0	66.0	214.0	91.0	198.0	156.0	163.0	139.0	178.0	173.0	213.0	170.0	237.0	161.0	253.0	182.0	186.0	200.0	157.0	197.0	197.0	206.0	170.0	227.0	176.0	265.0	178.0	256.0	248.0	263.0	206.0	285.0	221.0	298.0	220.0	367.0	185.0	1
72.0	200.0	68.0	216.0	95.0	197.0	158.0	159.0	141.0	177.0	173.0	213.0	173.0	239.0	162.0	258.0	181.0	184.0	201.0	152.0	199.0	195.0	206.0	166.0	229.0	173.0	273.0	178.0	254.0	253.0	261.0	205.0	286.0	221.0	299.0	221.0	368.0	186.0	1
74.0	201.0	69.0	216.0	99.0	198.0	157.0	162.0	140.0	178.0	173.0	213.0	171.0	236.0	162.0	253.0	181.0	184.0	202.0	156.0	198.0	197.0	206.0	168.0	229.0	175.0	266.0	178.0	256.0	250.0	263.0	206.0	285.0	221.0	296.0	221.0	364.0	185.0	1
72.0	201.0	69.0	218.0	93.0	198.0	153.0	161.0	134.0	177.0	172.0	214.0	169.0	237.0	159.0	255.0	180.0	184.0	200.0	154.0	197.0	196.0	206.0	168.0	227.0	174.0	267.0	177.0	258.0	251.0	265.0	206.0	290.0	221.0	304.0	220.0	372.0	183.0	1
75.0	199.0	70.0	215.0	94.0	197.0	159.0	160.0	142.0	175.0	170.0	212.0	169.0	237.0	158.0	255.0	183.0	184.0	202.0	156.0	198.0	196.0	206.0	168.0	228.0	174.0	271.0	178.0	252.0	252.0	264.0	206.0	286.0	221.0	300.0	220.0	370.0	186.0	1
78.0	202.0	76.0	217.0	102.0	199.0	160.0	164.0	144.0	179.0	175.0	212.0	173.0	236.0	165.0	251.0	182.0	186.0	201.0	158.0	197.0	197.0	206.0	171.0	225.0	176.0	263.0	179.0	255.0	246.0	259.0	204.0	282.0	220.0	295.0	220.0	365.0	189.0	1
74.0	201.0	69.0	217.0	94.0	198.0	155.0	163.0	140.0	177.0	173.0	213.0	171.0	237.0	161.0	255.0	181.0	184.0	200.0	157.0	198.0	195.0	203.0	169.0	224.0	175.0	264.0	177.0	258.0	249.0	265.0	207.0	285.0	220.0	299.0	220.0	365.0	186.0	1
72.0	200.0	68.0	214.0	98.0	197.0	157.0	161.0	139.0	177.0	172.0	211.0	171.0	236.0	164.0	252.0	182.0	184.0	200.0	155.0	196.0	195.0	205.0	168.0	224.0	174.0	268.0	177.0	257.0	247.0	264.0	204.0	288.0	218.0	301.0	217.0	369.0	183.0	1
76.0	201.0	71.0	217.0	97.0	198.0	156.0	164.0	139.0	179.0	173.0	213.0	171.0	237.0	163.0	254.0	179.0	185.0	201.0	156.0	196.0	197.0	204.0	169.0	225.0	175.0	266.0	177.0	257.0	249.0	267.0	207.0	286.0	219.0	300.0	220.0	370.0	187.0	1
75.0	200.0	72.0	215.0	100.0	197.0	156.0	164.0	141.0	179.0	173.0	212.0	170.0	235.0	162.0	252.0	182.0	186.0	201.0	157.0	200.0	198.0	206.0	170.0	226.0	175.0	261.0	177.0	254.0	249.0	262.0	206.0	284.0	221.0	296.0	220.0	365.0	185.0	1
72.0	200.0	69.0	217.0	91.0	198.0	157.0	160.0	138.0	178.0	171.0	214.0	170.0	239.0	163.0	257.0	178.0	185.0	202.0	154.0	194.0	196.0	207.0	167.0	225.0	172.0	268.0	175.0	255.0	252.0	268.0	209.0	286.0	221.0	299.0	221.0	371.0	185.0	1
72.0	201.0	69.0	217.0	95.0	198.0	156.0	162.0	139.0	177.0	173.0	213.0	171.0	237.0	164.0	256.0	183.0	185.0	201.0	155.0	198.0	196.0	204.0	169.0	224.0	174.0	265.0	178.0	256.0	251.0	264.0	205.0	287.0	221.0	300.0	220.0	370.0	186.0	1
71.0	200.0	66.0	216.0	96.0	197.0	159.0	163.0	140.0	179.0	174.0	213.0	171.0	236.0	162.0	253.0	179.0	184.0	201.0	156.0	198.0	196.0	206.0	169.0	225.0	175.0	269.0	177.0	259.0	252.0	266.0	206.0	289.0	221.0	304.0	221.0	372.0	184.0	1
70.0	201.0	67.0	216.0	93.0	199.0	154.0	162.0	137.0	179.0	173.0	214.0	170.0	237.0	162.0	255.0	179.0	184.0	201.0	156.0	198.0	196.0	204.0	168.0	226.0	174.0	268.0	176.0	258.0	251.0	267.0	208.0	287.0	221.0	301.0	222.0	370.0	185.0	1
75.0	202.0	72.0	217.0	98.0	198.0	155.0	164.0	139.0	180.0	174.0	213.0	171.0	236.0	163.0	251.0	180.0	185.0	201.0	158.0	198.0	197.0	206.0	171.0	224.0	176.0	263.0	178.0	257.0	250.0	261.0	205.0	287.0	221.0	300.0	220.0	365.0	186.0	1
77.0	203.0	72.0	216.0	101.0	200.0	154.0	164.0	140.0	179.0	175.0	213.0	172.0	236.0	164.0	252.0	180.0	185.0	199.0	157.0	198.0	197.0	204.0	169.0	223.0	174.0	265.0	177.0	254.0	247.0	263.0	205.0	285.0	219.0	297.0	219.0	364.0	186.0	1
74.0	200.0	70.0	215.0	96.0	197.0	159.0	162.0	143.0	177.0	172.0	213.0	168.0	235.0	160.0	252.0	181.0	184.0	203.0	155.0	199.0	196.0	207.0	167.0	230.0	175.0	265.0	177.0	256.0	249.0	266.0	207.0	286.0	220.0	298.0	220.0	369.0	186.0	1
75.0	201.0	70.0	216.0	98.0	198.0	158.0	162.0	143.0	177.0	175.0	213.0	171.0	237.0	163.0	254.0	183.0	185.0	202.0	157.0	196.0	195.0	206.0	169.0	225.0	175.0	265.0	178.0	256.0	252.0	263.0	206.0	287.0	221.0	298.0	220.0	363.0	185.0	1
73.0	201.0	69.0	216.0	98.0	198.0	156.0	162.0	139.0	179.0	173.0	214.0	169.0	237.0	163.0	256.0	180.0	185.0	201.0	155.0	198.0	197.0	205.0	168.0	225.0	174.0	265.0	177.0	259.0	248.0	264.0	206.0	286.0	221.0	300.0	220.0	367.0	186.0	1
71.0	202.0	67.0	218.0	93.0	199.0	155.0	161.0	137.0	178.0	172.0	213.0	171.0	239.0	162.0	257.0	179.0	185.0	198.0	154.0	197.0	196.0	204.0	167.0	223.0	173.0	269.0	176.0	258.0	251.0	267.0	206.0	290.0	220.0	304.0	220.0	374.0	187.0	1
77.0	200.0	71.0	215.0	98.0	197.0	161.0	163.0	144.0	178.0	173.0	212.0	170.0	235.0	162.0	252.0	180.0	185.0	205.0	157.0	196.0	195.0	208.0	169.0	228.0	174.0	268.0	178.0	256.0	250.0	261.0	205.0	286.0	221.0	300.0	221.0	367.0	185.0	1
71.0	201.0	66.0	216.0	92.0	198.0	154.0	161.0	139.0	177.0	171.0	213.0	166.0	236.0	156.0	255.0	178.0	184.0	200.0	154.0	197.0	197.0	207.0	168.0	225.0	173.0	266.0	176.0	258.0	253.0	265.0	207.0	289.0	221.0	303.0	221.0	370.0	186.0	1
75.0	201.0	71.0	217.0	99.0	197.0	156.0	163.0	139.0	178.0	173.0	213.0	170.0	236.0	163.0	253.0	181.0	185.0	201.0	156.0	197.0	196.0	204.0	169.0	226.0	175.0	266.0	178.0	257.0	249.0	264.0	205.0	285.0	220.0	300.0	219.0	367.0	185.0	1
72.0	201.0	68.0	217.0	95.0	198.0	157.0	162.0	140.0	178.0	173.0	212.0	169.0	236.0	161.0	254.0	181.0	184.0	203.0	156.0	197.0	195.0	207.0	168.0	226.0	173.0	269.0	178.0	258.0	249.0	264.0	205.0	287.0	220.0	300.0	220.0	372.0	188.0	1
79.0	201.0	74.0	215.0	97.0	198.0	158.0	162.0	139.0	179.0	175.0	214.0	173.0	236.0	166.0	254.0	182.0	185.0	201.0	157.0	195.0	196.0	204.0	169.0	222.0	174.0	261.0	177.0	260.0	249.0	257.0	204.0	284.0	219.0	297.0	219.0	368.0	184.0	1
75.0	200.0	71.0	216.0	96.0	198.0	158.0	161.0	141.0	177.0	173.0	213.0	172.0	237.0	165.0	254.0	180.0	183.0	203.0	156.0	197.0	195.0	207.0	168.0	229.0	175.0	266.0	177.0	258.0	248.0	264.0	205.0	288.0	220.0	300.0	220.0	365.0	184.0	1
74.0	202.0	70.0	217.0	92.0	200.0	153.0	163.0	137.0	179.0	174.0	213.0	172.0	237.0	165.0	252.0	181.0	185.0	201.0	157.0	197.0	197.0	205.0	169.0	225.0	175.0	267.0	178.0	259.0	249.0	262.0	204.0	288.0	220.0	300.0	220.0	367.0	188.0	1
74.0	201.0	70.0	218.0	94.0	198.0	153.0	162.0	133.0	178.0	172.0	214.0	169.0	236.0	160.0	255.0	177.0	184.0	198.0	154.0	196.0	196.0	204.0	167.0	228.0	174.0	270.0	177.0	260.0	250.0	268.0	205.0	292.0	220.0	306.0	219.0	370.0	183.0	1
74.0	202.0	71.0	217.0	95.0	199.0	155.0	163.0	139.0	180.0	172.0	213.0	171.0	236.0	163.0	252.0	179.0	185.0	198.0	157.0	196.0	196.0	203.0	169.0	225.0	175.0	265.0	177.0	258.0	248.0	264.0	205.0	287.0	220.0	300.0	219.0	368.0	187.0	1
72.0	201.0	66.0	216.0	96.0	198.0	156.0	163.0	141.0	178.0	171.0	214.0	168.0	237.0	160.0	254.0	178.0	185.0	202.0	156.0	195.0	197.0	206.0	169.0	226.0	175.0	264.0	179.0	251.0	250.0	262.0	208.0	281.0	222.0	295.0	222.0	363.0	190.0	1
68.0	202.0	64.0	217.0	87.0	199.0	155.0	162.0	137.0	178.0	172.0	213.0	170.0	237.0	162.0	254.0	179.0	184.0	201.0	156.0	198.0	196.0	205.0	168.0	228.0	174.0	271.0	178.0	260.0	250.0	266.0	206.0	289.0	221.0	300.0	220.0	373.0	188.0	1
72.0	200.0	68.0	216.0	94.0	198.0	156.0	161.0	140.0	177.0	172.0	212.0	170.0	236.0	160.0	254.0	180.0	184.0	202.0	156.0	198.0	196.0	208.0	170.0	230.0	175.0	269.0	178.0	257.0	251.0	265.0	206.0	287.0	220.0	301.0	221.0	371.0	186.0	1
75.0	201.0	71.0	217.0	97.0	199.0	158.0	163.0	139.0	179.0	174.0	212.0	173.0	237.0	164.0	253.0	181.0	186.0	201.0	157.0	200.0	198.0	207.0	171.0	228.0	176.0	267.0	178.0	255.0	249.0	266.0	206.0	288.0	221.0	300.0	221.0	368.0	187.0	1
79.0	201.0	73.0	217.0	99.0	197.0	156.0	162.0	139.0	179.0	177.0	213.0	173.0	237.0	165.0	255.0	179.0	184.0	198.0	156.0	199.0	197.0	202.0	168.0	223.0	174.0	267.0	177.0	257.0	249.0	265.0	206.0	288.0	220.0	302.0	220.0	368.0	185.0	1
71.0	200.0	67.0	215.0	94.0	197.0	155.0	161.0	137.0	178.0	173.0	214.0	170.0	237.0	161.0	256.0	179.0	184.0	203.0	155.0	199.0	197.0	207.0	167.0	228.0	173.0	269.0	177.0	256.0	251.0	265.0	206.0	288.0	220.0	301.0	220.0	368.0	185.0	1
76.0	201.0	71.0	216.0	99.0	198.0	156.0	163.0	138.0	180.0	172.0	213.0	170.0	236.0	162.0	252.0	178.0	184.0	201.0	156.0	195.0	196.0	205.0	168.0	226.0	174.0	262.0	177.0	258.0	251.0	261.0	205.0	285.0	220.0	298.0	219.0	365.0	183.0	1
75.0	202.0	71.0	218.0	94.0	199.0	156.0	161.0	140.0	178.0	174.0	213.0	173.0	238.0	164.0	253.0	183.0	185.0	202.0	156.0	199.0	197.0	206.0	169.0	228.0	175.0	268.0	177.0	260.0	249.0	267.0	205.0	289.0	220.0	302.0	220.0	371.0	187.0	1
76.0	199.0	72.0	215.0	100.0	198.0	156.0	162.0	139.0	179.0	172.0	213.0	170.0	236.0	161.0	253.0	180.0	186.0	201.0	157.0	198.0	197.0	207.0	170.0	226.0	175.0	265.0	178.0	254.0	249.0	262.0	206.0	284.0	220.0	300.0	219.0	367.0	184.0	1
75.0	201.0	70.0	217.0	98.0	198.0	160.0	162.0	145.0	176.0	171.0	213.0	168.0	236.0	158.0	252.0	182.0	184.0	202.0	157.0	196.0	195.0	207.0	169.0	226.0	175.0	268.0	179.0	254.0	251.0	259.0	206.0	283.0	223.0	296.0	222.0	365.0	186.0	1
75.0	201.0	72.0	217.0	98.0	198.0	158.0	163.0	144.0	177.0	174.0	213.0	169.0	235.0	160.0	252.0	180.0	183.0	202.0	157.0	200.0	196.0	207.0	169.0	227.0	175.0	264.0	178.0	257.0	248.0	260.0	205.0	283.0	219.0	295.0	219.0	365.0	188.0	1
77.0	202.0	73.0	216.0	99.0	199.0	158.0	164.0	141.0	180.0	175.0	212.0	172.0	234.0	164.0	249.0	179.0	185.0	200.0	159.0	197.0	197.0	204.0	171.0	225.0	176.0	267.0	179.0	253.0	246.0	261.0	205.0	282.0	219.0	293.0	219.0	362.0	191.0	1
73.0	201.0	70.0	215.0	99.0	198.0	157.0	164.0	141.0	179.0	173.0	212.0	170.0	235.0	163.0	252.0	184.0	186.0	200.0	159.0	195.0	195.0	205.0	170.0	228.0	176.0	266.0	178.0	258.0	248.0	264.0	205.0	285.0	219.0	298.0	219.0	366.0	185.0	1
76.0	201.0	72.0	216.0	94.0	199.0	156.0	164.0	142.0	178.0	173.0	214.0	171.0	237.0	163.0	253.0	178.0	185.0	198.0	158.0	196.0	197.0	202.0	170.0	222.0	174.0	265.0	177.0	257.0	248.0	264.0	205.0	287.0	218.0	299.0	217.0	367.0	186.0	1
71.0	200.0	67.0	216.0	94.0	199.0	153.0	162.0	137.0	178.0	170.0	214.0	168.0	238.0	159.0	255.0	178.0	184.0	200.0	155.0	196.0	197.0	207.0	168.0	226.0	174.0	270.0	178.0	256.0	252.0	263.0	206.0	287.0	221.0	302.0	221.0	376.0	186.0	1
72.0	202.0	69.0	215.0	95.0	198.0	156.0	161.0	137.0	178.0	173.0	213.0	170.0	238.0	161.0	256.0	178.0	184.0	200.0	154.0	197.0	196.0	204.0	167.0	226.0	173.0	271.0	176.0	255.0	250.0	263.0	206.0	289.0	221.0	300.0	220.0	368.0	186.0	1
73.0	200.0	69.0	216.0	96.0	197.0	156.0	162.0	141.0	176.0	173.0	212.0	170.0	236.0	160.0	253.0	180.0	184.0	201.0	157.0	197.0	197.0	205.0	169.0	224.0	174.0	268.0	177.0	255.0	250.0	266.0	207.0	285.0	220.0	299.0	220.0	373.0	185.0	1
72.0	201.0	68.0	216.0	94.0	198.0	157.0	161.0	138.0	178.0	173.0	215.0	170.0	239.0	161.0	256.0	179.0	184.0	201.0	155.0	200.0	199.0	206.0	169.0	226.0	174.0	270.0	177.0	261.0	251.0	268.0	207.0	291.0	220.0	303.0	220.0	373.0	184.0	1
76.0	202.0	72.0	218.0	95.0	201.0	156.0	162.0	139.0	178.0	174.0	212.0	175.0	237.0	166.0	255.0	180.0	184.0	198.0	156.0	196.0	196.0	202.0	168.0	222.0	173.0	263.0	177.0	260.0	251.0	263.0	205.0	288.0	219.0	302.0	218.0	371.0	185.0	1
78.0	201.0	74.0	216.0	98.0	199.0	154.0	165.0	139.0	179.0	173.0	212.0	171.0	235.0	162.0	252.0	178.0	185.0	200.0	158.0	195.0	195.0	202.0	170.0	224.0	175.0	265.0	178.0	256.0	246.0	264.0	206.0	284.0	219.0	298.0	219.0	365.0	186.0	1
76.0	202.0	72.0	216.0	97.0	199.0	157.0	162.0	140.0	179.0	174.0	210.0	173.0	235.0	164.0	253.0	180.0	184.0	202.0	156.0	197.0	196.0	206.0	168.0	229.0	175.0	270.0	178.0	257.0	248.0	264.0	205.0	287.0	220.0	299.0	220.0	364.0	187.0	1
73.0	202.0	69.0	217.0	95.0	199.0	157.0	162.0	139.0	179.0	173.0	213.0	172.0	237.0	164.0	254.0	176.0	184.0	200.0	156.0	195.0	196.0	203.0	169.0	223.0	175.0	264.0	176.0	260.0	248.0	265.0	205.0	287.0	218.0	301.0	219.0	368.0	188.0	1
71.0	197.0	66.0	214.0	93.0	194.0	157.0	159.0	140.0	174.0	171.0	210.0	167.0	234.0	156.0	253.0	181.0	183.0	203.0	152.0	197.0	195.0	207.0	166.0	230.0	172.0	270.0	175.0	257.0	251.0	268.0	206.0	290.0	221.0	303.0	221.0	373.0	185.0	1
78.0	201.0	71.0	216.0	95.0	198.0	159.0	160.0	139.0	176.0	174.0	214.0	173.0	239.0	165.0	257.0	183.0	184.0	204.0	154.0	197.0	195.0	208.0	168.0	225.0	172.0	260.0	176.0	257.0	252.0	260.0	205.0	287.0	222.0	300.0	222.0	366.0	185.0	1
78.0	200.0	73.0	215.0	101.0	197.0	160.0	163.0	142.0	177.0	173.0	212.0	170.0	236.0	161.0	252.0	181.0	185.0	201.0	157.0	195.0	195.0	205.0	169.0	226.0	175.0	269.0	179.0	254.0	249.0	260.0	205.0	283.0	220.0	296.0	219.0	360.0	185.0	1
74.0	202.0	70.0	217.0	94.0	199.0	155.0	163.0	138.0	179.0	174.0	214.0	175.0	238.0	168.0	256.0	182.0	185.0	199.0	157.0	197.0	195.0	204.0	169.0	226.0	175.0	267.0	177.0	261.0	249.0	262.0	204.0	287.0	219.0	301.0	219.0	370.0	187.0	1
76.0	202.0	72.0	216.0	95.0	200.0	158.0	163.0	142.0	178.0	175.0	213.0	173.0	236.0	165.0	252.0	184.0	186.0	202.0	158.0	197.0	196.0	208.0	172.0	224.0	176.0	267.0	178.0	259.0	248.0	264.0	206.0	286.0	220.0	298.0	220.0	370.0	187.0	1
69.0	201.0	67.0	216.0	91.0	198.0	155.0	160.0	137.0	177.0	171.0	214.0	169.0	238.0	160.0	255.0	181.0	183.0	201.0	154.0	198.0	196.0	207.0	166.0	231.0	173.0	270.0	177.0	254.0	252.0	264.0	206.0	288.0	222.0	302.0	222.0	376.0	188.0	1
71.0	200.0	67.0	215.0	95.0	197.0	157.0	162.0	141.0	177.0	171.0	213.0	167.0	236.0	158.0	252.0	181.0	184.0	200.0	156.0	195.0	196.0	205.0	169.0	224.0	174.0	271.0	178.0	257.0	248.0	265.0	207.0	287.0	220.0	300.0	220.0	371.0	186.0	1
75.0	201.0	72.0	216.0	102.0	198.0	157.0	163.0	142.0	179.0	173.0	213.0	171.0	235.0	161.0	253.0	182.0	186.0	200.0	157.0	197.0	196.0	205.0	170.0	226.0	175.0	264.0	178.0	256.0	249.0	262.0	205.0	283.0	220.0	296.0	220.0	366.0	187.0	1
74.0	201.0	71.0	217.0	97.0	199.0	157.0	162.0	144.0	177.0	175.0	214.0	174.0	238.0	166.0	256.0	179.0	184.0	201.0	155.0	197.0	196.0	206.0	169.0	227.0	175.0	264.0	177.0	257.0	251.0	265.0	206.0	287.0	221.0	302.0	220.0	370.0	184.0	1
71.0	202.0	67.0	215.0	95.0	199.0	158.0	162.0	141.0	178.0	174.0	214.0	171.0	237.0	164.0	255.0	180.0	185.0	203.0	157.0	199.0	197.0	207.0	169.0	228.0	175.0	270.0	178.0	261.0	248.0	265.0	206.0	287.0	219.0	300.0	219.0	370.0	189.0	1
78.0	202.0	73.0	215.0	104.0	199.0	156.0	164.0	142.0	179.0	171.0	213.0	170.0	235.0	161.0	250.0	181.0	187.0	198.0	159.0	194.0	197.0	204.0	171.0	223.0	175.0	267.0	179.0	255.0	248.0	261.0	206.0	284.0	220.0	296.0	219.0	364.0	187.0	1
67.0	201.0	64.0	216.0	95.0	198.0	156.0	162.0	139.0	177.0	173.0	214.0	170.0	236.0	162.0	255.0	178.0	184.0	200.0	156.0	197.0	196.0	206.0	169.0	225.0	174.0	268.0	177.0	260.0	251.0	265.0	207.0	288.0	221.0	301.0	220.0	370.0	184.0	1
73.0	201.0	71.0	216.0	98.0	198.0	156.0	162.0	141.0	177.0	174.0	214.0	170.0	238.0	163.0	256.0	183.0	185.0	200.0	155.0	195.0	195.0	204.0	168.0	226.0	174.0	272.0	178.0	255.0	252.0	263.0	205.0	287.0	221.0	300.0	221.0	370.0	186.0	1
75.0	202.0	70.0	217.0	101.0	198.0	156.0	163.0	140.0	179.0	173.0	213.0	170.0	235.0	163.0	252.0	180.0	184.0	199.0	157.0	198.0	198.0	204.0	170.0	226.0	175.0	266.0	178.0	254.0	248.0	262.0	206.0	284.0	221.0	299.0	221.0	367.0	187.0	1
70.0	200.0	67.0	215.0	96.0	197.0	156.0	163.0	140.0	177.0	173.0	212.0	172.0	236.0	161.0	252.0	184.0	185.0	199.0	158.0	194.0	195.0	203.0	170.0	227.0	176.0	269.0	178.0	256.0	248.0	266.0	207.0	285.0	218.0	299.0	218.0	369.0	185.0	1
73.0	199.0	68.0	216.0	96.0	197.0	156.0	162.0	138.0	178.0	175.0	212.0	171.0	237.0	164.0	254.0	181.0	184.0	203.0	155.0	200.0	196.0	206.0	167.0	230.0	174.0	265.0	176.0	257.0	251.0	268.0	205.0	293.0	221.0	305.0	221.0	373.0	183.0	1
73.0	199.0	68.0	214.0	95.0	197.0	158.0	162.0	141.0	177.0	173.0	212.0	170.0	236.0	161.0	253.0	180.0	183.0	202.0	157.0	201.0	197.0	209.0	169.0	230.0	175.0	267.0	178.0	257.0	249.0	265.0	206.0	286.0	219.0	299.0	219.0	367.0	184.0	1
76.0	200.0	70.0	214.0	98.0	197.0	158.0	163.0	142.0	179.0	173.0	213.0	170.0	236.0	160.0	252.0	179.0	185.0	199.0	156.0	199.0	197.0	204.0	169.0	224.0	175.0	265.0	176.0	259.0	248.0	266.0	207.0	287.0	220.0	299.0	220.0	369.0	186.0	1
71.0	200.0	67.0	217.0	91.0	197.0	156.0	160.0	139.0	175.0	172.0	214.0	169.0	238.0	163.0	257.0	180.0	183.0	203.0	155.0	195.0	194.0	207.0	168.0	229.0	173.0	272.0	178.0	256.0	251.0	264.0	206.0	289.0	221.0	303.0	220.0	374.0	189.0	1
75.0	201.0	71.0	216.0	97.0	199.0	157.0	163.0	138.0	179.0	174.0	213.0	173.0	236.0	165.0	254.0	179.0	185.0	200.0	157.0	197.0	196.0	205.0	169.0	223.0	173.0	265.0	176.0	260.0	249.0	266.0	206.0	290.0	220.0	301.0	220.0	368.0	184.0	1
76.0	201.0	71.0	215.0	98.0	198.0	158.0	163.0	141.0	178.0	174.0	213.0	169.0	235.0	160.0	251.0	181.0	186.0	202.0	157.0	199.0	198.0	206.0	169.0	225.0	175.0	266.0	177.0	257.0	250.0	261.0	206.0	285.0	221.0	297.0	220.0	363.0	185.0	1
73.0	199.0	71.0	216.0	94.0	197.0	157.0	161.0	139.0	177.0	174.0	213.0	171.0	238.0	160.0	256.0	183.0	184.0	201.0	155.0	198.0	195.0	205.0	167.0	227.0	173.0	270.0	178.0	254.0	252.0	265.0	208.0	285.0	221.0	298.0	222.0	368.0	186.0	1
69.0	200.0	66.0	216.0	94.0	197.0	155.0	162.0	139.0	176.0	170.0	212.0	168.0	236.0	159.0	254.0	180.0	185.0	200.0	156.0	196.0	195.0	204.0	168.0	227.0	174.0	268.0	177.0	258.0	250.0	268.0	207.0	290.0	221.0	304.0	221.0	373.0	183.0	1
73.0	201.0	70.0	216.0	97.0	198.0	159.0	163.0	143.0	178.0	172.0	213.0	168.0	236.0	162.0	252.0	182.0	186.0	200.0	158.0	196.0	196.0	204.0	170.0	225.0	175.0	272.0	178.0	257.0	248.0	269.0	209.0	286.0	219.0	298.0	219.0	370.0	185.0	1
74.0	201.0	69.0	217.0	97.0	198.0	159.0	162.0	141.0	177.0	171.0	213.0	168.0	237.0	159.0	253.0	182.0	185.0	205.0	155.0	198.0	196.0	210.0	169.0	227.0	174.0	267.0	177.0	255.0	252.0	266.0	208.0	287.0	221.0	300.0	222.0	369.0	186.0	1
75.0	201.0	72.0	217.0	95.0	199.0	159.0	163.0	143.0	177.0	173.0	213.0	170.0	235.0	162.0	252.0	179.0	184.0	202.0	156.0	197.0	196.0	206.0	168.0	227.0	174.0	269.0	178.0	256.0	250.0	262.0	206.0	286.0	220.0	297.0	219.0	366.0	187.0	1
78.0	201.0	74.0	216.0	97.0	199.0	155.0	163.0	139.0	179.0	175.0	212.0	172.0	235.0	165.0	251.0	180.0	184.0	201.0	157.0	199.0	196.0	206.0	168.0	227.0	174.0	267.0	178.0	258.0	246.0	263.0	205.0	285.0	219.0	299.0	219.0	366.0	187.0	1
64.0	201.0	57.0	218.0	90.0	198.0	154.0	160.0	137.0	176.0	173.0	215.0	168.0	239.0	158.0	259.0	178.0	183.0	203.0	153.0	198.0	196.0	205.0	166.0	227.0	172.0	271.0	175.0	259.0	254.0	269.0	207.0	295.0	224.0	309.0	224.0	378.0	185.0	1
74.0	201.0	68.0	215.0	97.0	198.0	155.0	162.0	138.0	179.0	173.0	213.0	169.0	236.0	160.0	252.0	181.0	184.0	202.0	155.0	199.0	196.0	207.0	168.0	228.0	173.0	268.0	178.0	257.0	251.0	267.0	208.0	285.0	220.0	300.0	220.0	368.0	183.0	1
71.0	200.0	64.0	217.0	95.0	197.0	154.0	161.0	136.0	178.0	171.0	214.0	169.0	238.0	161.0	256.0	177.0	184.0	201.0	155.0	197.0	197.0	206.0	168.0	227.0	174.0	269.0	177.0	258.0	252.0	264.0	205.0	289.0	222.0	304.0	222.0	376.0	185.0	1
75.0	202.0	72.0	215.0	98.0	199.0	157.0	164.0	140.0	179.0	174.0	213.0	172.0	236.0	165.0	251.0	180.0	185.0	200.0	158.0	199.0	198.0	204.0	169.0	224.0	174.0	264.0	177.0	257.0	250.0	264.0	205.0	290.0	220.0	302.0	220.0	371.0	185.0	1
76.0	201.0	73.0	215.0	100.0	197.0	158.0	163.0	141.0	179.0	173.0	213.0	171.0	236.0	162.0	252.0	182.0	186.0	201.0	158.0	197.0	198.0	205.0	170.0	226.0	176.0	267.0	179.0	253.0	248.0	262.0	207.0	283.0	219.0	296.0	219.0	363.0	186.0	1
69.0	201.0	65.0	217.0	93.0	197.0	156.0	161.0	138.0	177.0	173.0	212.0	170.0	236.0	161.0	254.0	179.0	184.0	200.0	156.0	197.0	195.0	204.0	167.0	227.0	173.0	269.0	176.0	257.0	250.0	271.0	208.0	288.0	220.0	301.0	220.0	371.0	185.0	1
80.0	200.0	76.0	214.0	99.0	198.0	161.0	164.0	145.0	177.0	175.0	211.0	172.0	234.0	163.0	250.0	181.0	184.0	202.0	159.0	197.0	196.0	208.0	170.0	225.0	175.0	265.0	179.0	255.0	247.0	262.0	205.0	286.0	220.0	298.0	220.0	363.0	185.0	1
75.0	202.0	70.0	217.0	97.0	199.0	156.0	162.0	140.0	178.0	174.0	213.0	170.0	236.0	162.0	253.0	182.0	185.0	200.0	156.0	199.0	197.0	205.0	169.0	226.0	174.0	271.0	178.0	256.0	249.0	265.0	206.0	286.0	221.0	300.0	221.0	365.0	187.0	1
74.0	200.0	68.0	214.0	98.0	197.0	156.0	163.0	138.0	179.0	173.0	212.0	171.0	235.0	163.0	253.0	179.0	185.0	204.0	156.0	196.0	197.0	208.0	169.0	228.0	176.0	266.0	178.0	257.0	250.0	262.0	205.0	286.0	220.0	299.0	221.0	363.0	183.0	1
73.0	201.0	68.0	217.0	97.0	198.0	156.0	162.0	139.0	179.0	175.0	214.0	171.0	236.0	162.0	254.0	182.0	186.0	200.0	155.0	197.0	195.0	206.0	168.0	228.0	174.0	265.0	176.0	260.0	251.0	267.0	207.0	288.0	220.0	301.0	221.0	369.0	185.0	1
76.0	202.0	73.0	217.0	99.0	198.0	160.0	162.0	143.0	177.0	174.0	212.0	170.0	235.0	162.0	250.0	182.0	185.0	201.0	157.0	196.0	195.0	205.0	169.0	227.0	175.0	266.0	177.0	254.0	248.0	266.0	207.0	286.0	221.0	298.0	221.0	367.0	187.0	1
71.0	199.0	69.0	216.0	95.0	196.0	158.0	161.0	141.0	176.0	172.0	213.0	170.0	237.0	159.0	253.0	182.0	185.0	200.0	156.0	196.0	197.0	204.0	168.0	227.0	174.0	268.0	177.0	256.0	250.0	266.0	207.0	288.0	221.0	300.0	220.0	370.0	184.0	1
74.0	200.0	71.0	216.0	92.0	198.0	156.0	162.0	140.0	178.0	174.0	214.0	172.0	239.0	163.0	254.0	178.0	184.0	200.0	156.0	196.0	195.0	204.0	168.0	222.0	173.0	261.0	176.0	253.0	251.0	262.0	206.0	287.0	221.0	301.0	221.0	364.0	182.0	1
71.0	200.0	66.0	215.0	97.0	197.0	160.0	163.0	143.0	178.0	173.0	213.0	171.0	235.0	160.0	252.0	181.0	185.0	202.0	157.0	197.0	197.0	207.0	169.0	228.0	175.0	271.0	178.0	254.0	248.0	266.0	209.0	283.0	220.0	299.0	220.0	366.0	186.0	1
66.0	200.0	61.0	214.0	94.0	197.0	156.0	163.0	140.0	178.0	175.0	213.0	173.0	236.0	162.0	252.0	178.0	185.0	202.0	157.0	198.0	197.0	206.0	169.0	227.0	175.0	269.0	177.0	261.0	249.0	266.0	205.0	289.0	219.0	303.0	218.0	371.0	185.0	1
74.0	199.0	71.0	215.0	98.0	197.0	157.0	163.0	139.0	178.0	174.0	214.0	170.0	238.0	160.0	254.0	181.0	185.0	203.0	156.0	199.0	197.0	204.0	167.0	226.0	174.0	265.0	177.0	257.0	251.0	267.0	208.0	287.0	221.0	300.0	221.0	371.0	184.0	1
71.0	200.0	68.0	216.0	100.0	197.0	157.0	163.0	141.0	179.0	172.0	212.0	172.0	237.0	163.0	253.0	183.0	186.0	198.0	158.0	195.0	196.0	204.0	170.0	225.0	175.0	268.0	178.0	256.0	249.0	267.0	207.0	287.0	220.0	300.0	220.0	366.0	183.0	1
69.0	200.0	66.0	216.0	97.0	197.0	154.0	162.0	139.0	178.0	173.0	214.0	170.0	238.0	162.0	254.0	182.0	186.0	198.0	156.0	196.0	197.0	203.0	169.0	228.0	176.0	270.0	178.0	259.0	250.0	269.0	207.0	289.0	220.0	302.0	219.0	373.0	183.0	1
73.0	201.0	70.0	216.0	95.0	198.0	158.0	163.0	139.0	180.0	175.0	213.0	173.0	236.0	164.0	253.0	178.0	186.0	200.0	158.0	199.0	197.0	204.0	169.0	227.0	175.0	269.0	178.0	260.0	247.0	266.0	205.0	287.0	219.0	299.0	219.0	370.0	186.0	1
77.0	201.0	71.0	216.0	101.0	198.0	159.0	163.0	142.0	179.0	175.0	214.0	173.0	237.0	166.0	253.0	183.0	186.0	202.0	157.0	198.0	197.0	206.0	170.0	225.0	175.0	263.0	178.0	256.0	250.0	261.0	205.0	285.0	221.0	298.0	220.0	370.0	185.0	1
76.0	201.0	73.0	216.0	100.0	199.0	158.0	163.0	144.0	178.0	172.0	213.0	170.0	236.0	161.0	251.0	182.0	185.0	202.0	157.0	196.0	196.0	207.0	170.0	227.0	175.0	266.0	178.0	256.0	249.0	261.0	207.0	282.0	221.0	296.0	221.0	362.0	186.0	1
74.0	200.0	69.0	215.0	94.0	197.0	156.0	161.0	138.0	177.0	173.0	213.0	170.0	235.0	162.0	252.0	179.0	183.0	203.0	155.0	200.0	197.0	206.0	168.0	229.0	174.0	269.0	178.0	255.0	251.0	264.0	205.0	287.0	219.0	300.0	219.0	370.0	186.0	1
73.0	202.0	69.0	216.0	93.0	199.0	158.0	161.0	143.0	177.0	173.0	213.0	170.0	236.0	163.0	253.0	184.0	184.0	199.0	156.0	196.0	194.0	204.0	169.0	225.0	174.0	267.0	177.0	256.0	248.0	262.0	205.0	286.0	221.0	300.0	221.0	369.0	186.0	1
70.0	201.0	65.0	217.0	89.0	199.0	153.0	162.0	136.0	177.0	171.0	215.0	169.0	239.0	162.0	256.0	179.0	185.0	198.0	155.0	197.0	196.0	202.0	168.0	225.0	174.0	268.0	177.0	263.0	251.0	265.0	206.0	292.0	221.0	304.0	220.0	371.0	183.0	1
68.0	200.0	64.0	218.0	89.0	198.0	154.0	159.0	134.0	175.0	172.0	214.0	169.0	239.0	159.0	259.0	181.0	183.0	201.0	153.0	200.0	196.0	206.0	165.0	229.0	172.0	273.0	176.0	259.0	255.0	269.0	206.0	295.0	222.0	306.0	221.0	378.0	185.0	1
74.0	201.0	69.0	216.0	95.0	198.0	156.0	163.0	139.0	178.0	175.0	213.0	171.0	237.0	160.0	254.0	178.0	183.0	202.0	156.0	200.0	197.0	204.0	168.0	225.0	174.0	263.0	176.0	258.0	251.0	263.0	206.0	286.0	220.0	300.0	221.0	371.0	184.0	1
74.0	201.0	70.0	215.0	99.0	198.0	156.0	164.0	139.0	179.0	172.0	212.0	171.0	234.0	164.0	252.0	181.0	185.0	201.0	157.0	197.0	196.0	205.0	169.0	225.0	175.0	268.0	177.0	256.0	248.0	269.0	207.0	288.0	219.0	300.0	219.0	370.0	185.0	1
75.0	202.0	71.0	216.0	95.0	199.0	156.0	164.0	139.0	180.0	175.0	213.0	171.0	236.0	165.0	252.0	180.0	186.0	199.0	158.0	199.0	198.0	204.0	171.0	223.0	176.0	261.0	178.0	255.0	248.0	260.0	205.0	282.0	220.0	296.0	219.0	364.0	186.0	1
72.0	200.0	70.0	215.0	96.0	197.0	158.0	162.0	143.0	177.0	174.0	212.0	170.0	235.0	160.0	251.0	179.0	183.0	202.0	157.0	198.0	198.0	206.0	169.0	228.0	175.0	268.0	178.0	257.0	249.0	265.0	207.0	287.0	221.0	299.0	220.0	368.0	185.0	1
71.0	200.0	67.0	215.0	96.0	197.0	156.0	161.0	140.0	177.0	173.0	212.0	169.0	236.0	160.0	254.0	183.0	184.0	201.0	155.0	196.0	194.0	206.0	168.0	228.0	175.0	270.0	178.0	254.0	251.0	259.0	203.0	285.0	220.0	299.0	221.0	368.0	187.0	1
73.0	201.0	68.0	216.0	95.0	198.0	154.0	164.0	139.0	179.0	173.0	214.0	172.0	237.0	164.0	253.0	178.0	186.0	201.0	158.0	199.0	197.0	205.0	171.0	226.0	175.0	271.0	178.0	258.0	248.0	267.0	207.0	287.0	220.0	299.0	219.0	364.0	187.0	1
68.0	201.0	66.0	218.0	89.0	198.0	153.0	160.0	134.0	176.0	173.0	213.0	169.0	238.0	162.0	256.0	179.0	183.0	201.0	152.0	197.0	195.0	205.0	165.0	226.0	171.0	271.0	176.0	260.0	250.0	268.0	205.0	291.0	219.0	304.0	218.0	379.0	186.0	1
73.0	202.0	70.0	217.0	96.0	199.0	157.0	163.0	139.0	179.0	172.0	212.0	169.0	235.0	161.0	251.0	182.0	186.0	200.0	156.0	195.0	196.0	206.0	169.0	226.0	174.0	269.0	177.0	258.0	250.0	264.0	206.0	288.0	220.0	302.0	220.0	370.0	186.0	1
70.0	200.0	68.0	217.0	95.0	197.0	155.0	162.0	138.0	177.0	172.0	212.0	171.0	236.0	163.0	254.0	180.0	185.0	200.0	157.0	197.0	196.0	204.0	169.0	225.0	174.0	268.0	177.0	258.0	249.0	266.0	207.0	287.0	219.0	299.0	218.0	366.0	184.0	1
72.0	200.0	67.0	216.0	92.0	198.0	156.0	162.0	138.0	177.0	172.0	213.0	171.0	237.0	159.0	254.0	179.0	184.0	199.0	156.0	195.0	196.0	204.0	168.0	226.0	174.0	269.0	177.0	253.0	251.0	265.0	207.0	286.0	221.0	300.0	220.0	371.0	185.0	1
71.0	201.0	67.0	215.0	94.0	197.0	156.0	162.0	141.0	178.0	172.0	213.0	169.0	237.0	159.0	254.0	180.0	186.0	201.0	157.0	198.0	197.0	206.0	169.0	227.0	175.0	264.0	177.0	257.0	251.0	262.0	206.0	285.0	220.0	299.0	220.0	368.0	185.0	1
73.0	201.0	67.0	217.0	96.0	198.0	159.0	162.0	143.0	177.0	174.0	213.0	172.0	237.0	163.0	256.0	183.0	184.0	201.0	156.0	200.0	197.0	205.0	170.0	227.0	175.0	266.0	178.0	259.0	252.0	264.0	205.0	291.0	221.0	303.0	221.0	368.0	184.0	1
77.0	203.0	73.0	218.0	98.0	200.0	158.0	162.0	140.0	179.0	175.0	214.0	173.0	238.0	166.0	255.0	179.0	184.0	201.0	156.0	198.0	197.0	204.0	168.0	224.0	174.0	265.0	177.0	256.0	249.0	262.0	206.0	284.0	221.0	298.0	221.0	364.0	186.0	1
75.0	202.0	69.0	216.0	96.0	200.0	158.0	163.0	141.0	180.0	173.0	214.0	172.0	238.0	165.0	254.0	179.0	185.0	201.0	157.0	198.0	196.0	205.0	170.0	222.0	174.0	265.0	177.0	263.0	249.0	266.0	205.0	292.0	220.0	303.0	220.0	368.0	185.0	1
69.0	200.0	65.0	217.0	92.0	197.0	156.0	159.0	138.0	176.0	172.0	214.0	168.0	238.0	158.0	257.0	178.0	182.0	204.0	153.0	199.0	196.0	207.0	166.0	229.0	172.0	272.0	175.0	258.0	253.0	268.0	206.0	290.0	221.0	304.0	221.0	376.0	187.0	1
70.0	199.0	65.0	216.0	90.0	197.0	154.0	160.0	138.0	176.0	175.0	214.0	171.0	236.0	161.0	255.0	182.0	183.0	204.0	153.0	197.0	194.0	206.0	165.0	227.0	172.0	266.0	174.0	263.0	252.0	266.0	205.0	292.0	220.0	304.0	219.0	371.0	181.0	1
74.0	200.0	71.0	216.0	97.0	198.0	159.0	161.0	143.0	177.0	175.0	213.0	173.0	238.0	162.0	254.0	179.0	184.0	201.0	155.0	198.0	197.0	206.0	169.0	225.0	174.0	267.0	177.0	254.0	250.0	263.0	207.0	287.0	221.0	299.0	220.0	368.0	184.0	1
76.0	201.0	72.0	215.0	98.0	198.0	158.0	161.0	141.0	179.0	173.0	214.0	170.0	236.0	163.0	253.0	181.0	185.0	199.0	155.0	198.0	197.0	205.0	169.0	226.0	175.0	265.0	177.0	255.0	251.0	261.0	205.0	284.0	220.0	298.0	220.0	370.0	187.0	1
74.0	201.0	70.0	215.0	97.0	198.0	157.0	164.0	143.0	178.0	174.0	212.0	171.0	236.0	162.0	253.0	181.0	185.0	201.0	157.0	196.0	196.0	204.0	170.0	225.0	175.0	264.0	177.0	255.0	249.0	263.0	206.0	285.0	221.0	297.0	220.0	363.0	187.0	1
70.0	201.0	65.0	217.0	91.0	198.0	155.0	159.0	139.0	175.0	173.0	214.0	170.0	238.0	160.0	255.0	181.0	183.0	201.0	154.0	196.0	195.0	207.0	166.0	229.0	173.0	272.0	177.0	257.0	252.0	268.0	208.0	288.0	220.0	302.0	219.0	371.0	186.0	1
73.0	199.0	67.0	214.0	94.0	196.0	159.0	162.0	141.0	177.0	173.0	212.0	169.0	235.0	160.0	251.0	181.0	184.0	203.0	157.0	198.0	197.0	206.0	168.0	229.0	175.0	270.0	179.0	256.0	249.0	264.0	206.0	287.0	221.0	299.0	220.0	368.0	184.0	1
71.0	200.0	67.0	216.0	95.0	197.0	156.0	161.0	140.0	177.0	172.0	213.0	170.0	237.0	160.0	254.0	180.0	184.0	199.0	156.0	196.0	195.0	205.0	168.0	225.0	174.0	269.0	177.0	254.0	250.0	262.0	205.0	288.0	220.0	301.0	220.0	371.0	187.0	1
73.0	200.0	69.0	215.0	98.0	198.0	155.0	162.0	139.0	178.0	172.0	213.0	171.0	238.0	162.0	256.0	179.0	184.0	201.0	156.0	198.0	197.0	206.0	169.0	226.0	174.0	266.0	177.0	257.0	251.0	264.0	206.0	288.0	220.0	301.0	220.0	374.0	184.0	1
74.0	200.0	69.0	215.0	100.0	198.0	161.0	162.0	145.0	178.0	176.0	212.0	173.0	235.0	163.0	252.0	183.0	185.0	203.0	156.0	197.0	196.0	209.0	170.0	227.0	175.0	263.0	178.0	255.0	249.0	262.0	206.0	284.0	220.0	296.0	221.0	366.0	187.0	1
71.0	201.0	67.0	217.0	92.0	198.0	153.0	162.0	135.0	179.0	172.0	212.0	171.0	238.0	162.0	255.0	179.0	185.0	198.0	156.0	194.0	196.0	204.0	169.0	224.0	174.0	268.0	176.0	258.0	250.0	266.0	206.0	287.0	219.0	300.0	219.0	374.0	186.0	1
73.0	202.0	67.0	217.0	93.0	199.0	153.0	162.0	138.0	178.0	174.0	213.0	173.0	237.0	164.0	254.0	181.0	184.0	199.0	156.0	196.0	196.0	205.0	169.0	225.0	175.0	268.0	178.0	261.0	251.0	263.0	204.0	290.0	220.0	304.0	219.0	368.0	184.0	1
73.0	201.0	69.0	216.0	99.0	198.0	158.0	162.0	140.0	180.0	172.0	213.0	169.0	236.0	159.0	253.0	183.0	186.0	199.0	157.0	199.0	198.0	205.0	170.0	226.0	175.0	263.0	177.0	257.0	248.0	265.0	207.0	285.0	220.0	297.0	219.0	369.0	187.0	1
75.0	202.0	71.0	218.0	101.0	199.0	159.0	163.0	143.0	178.0	174.0	213.0	170.0	236.0	163.0	252.0	180.0	184.0	199.0	157.0	197.0	196.0	204.0	169.0	226.0	175.0	269.0	178.0	253.0	249.0	264.0	207.0	285.0	221.0	298.0	221.0	366.0	188.0	1
78.0	201.0	70.0	215.0	97.0	199.0	159.0	163.0	140.0	179.0	174.0	213.0	173.0	236.0	166.0	254.0	182.0	185.0	201.0	157.0	197.0	197.0	205.0	170.0	225.0	175.0	261.0	178.0	257.0	248.0	260.0	205.0	284.0	219.0	297.0	219.0	364.0	186.0	1
69.0	200.0	66.0	217.0	91.0	198.0	157.0	162.0	140.0	177.0	170.0	214.0	168.0	239.0	158.0	256.0	178.0	184.0	202.0	156.0	198.0	198.0	205.0	168.0	227.0	174.0	263.0	176.0	257.0	253.0	265.0	208.0	288.0	222.0	300.0	222.0	368.0	185.0	1
76.0	202.0	73.0	218.0	95.0	199.0	156.0	162.0	140.0	177.0	175.0	212.0	171.0	236.0	166.0	254.0	183.0	185.0	201.0	157.0	197.0	195.0	206.0	168.0	227.0	174.0	271.0	178.0	257.0	247.0	263.0	205.0	284.0	220.0	298.0	220.0	369.0	190.0	1
70.0	200.0	67.0	215.0	97.0	198.0	160.0	162.0	144.0	178.0	174.0	214.0	172.0	238.0	163.0	255.0	183.0	186.0	201.0	157.0	196.0	196.0	208.0	170.0	225.0	175.0	268.0	178.0	257.0	250.0	265.0	207.0	288.0	221.0	301.0	220.0	364.0	183.0	1
72.0	199.0	68.0	216.0	94.0	197.0	158.0	160.0	141.0	176.0	174.0	214.0	168.0	236.0	158.0	253.0	180.0	183.0	203.0	154.0	196.0	195.0	208.0	167.0	229.0	173.0	267.0	176.0	254.0	253.0	265.0	208.0	285.0	223.0	299.0	224.0	366.0	185.0	1
70.0	200.0	68.0	217.0	94.0	197.0	156.0	159.0	139.0	175.0	173.0	213.0	169.0	238.0	160.0	256.0	181.0	183.0	201.0	153.0	199.0	195.0	206.0	166.0	229.0	173.0	272.0	176.0	258.0	251.0	266.0	205.0	290.0	221.0	302.0	221.0	375.0	187.0	1
76.0	201.0	74.0	217.0	95.0	199.0	157.0	163.0	139.0	179.0	174.0	213.0	171.0	236.0	161.0	253.0	180.0	185.0	201.0	156.0	197.0	197.0	206.0	169.0	226.0	175.0	263.0	177.0	259.0	250.0	264.0	206.0	286.0	220.0	299.0	220.0	368.0	186.0	1
71.0	200.0	66.0	214.0	96.0	197.0	157.0	162.0	140.0	178.0	170.0	212.0	168.0	236.0	160.0	253.0	178.0	185.0	199.0	157.0	195.0	196.0	205.0	170.0	225.0	176.0	269.0	178.0	255.0	251.0	266.0	209.0	285.0	220.0	297.0	220.0	369.0	184.0	1
78.0	200.0	74.0	216.0	97.0	197.0	159.0	163.0	140.0	179.0	174.0	213.0	170.0	236.0	161.0	252.0	177.0	184.0	203.0	157.0	199.0	197.0	206.0	169.0	226.0	175.0	272.0	179.0	257.0	250.0	266.0	206.0	287.0	219.0	299.0	219.0	365.0	185.0	1
70.0	201.0	66.0	216.0	96.0	199.0	156.0	162.0	140.0	178.0	175.0	214.0	172.0	238.0	162.0	254.0	179.0	184.0	200.0	156.0	197.0	197.0	205.0	168.0	226.0	174.0	269.0	177.0	258.0	250.0	267.0	207.0	287.0	220.0	300.0	221.0	371.0	185.0	1
76.0	200.0	72.0	215.0	98.0	198.0	156.0	163.0	139.0	180.0	171.0	212.0	169.0	235.0	160.0	252.0	180.0	186.0	201.0	158.0	195.0	197.0	205.0	170.0	227.0	177.0	274.0	180.0	252.0	249.0	264.0	207.0	285.0	220.0	298.0	220.0	369.0	189.0	1
78.0	199.0	73.0	214.0	104.0	197.0	159.0	163.0	145.0	177.0	174.0	212.0	171.0	236.0	161.0	252.0	185.0	187.0	200.0	158.0	197.0	196.0	205.0	169.0	224.0	175.0	269.0	178.0	253.0	250.0	262.0	206.0	284.0	219.0	296.0	219.0	364.0	186.0	1
70.0	201.0	66.0	216.0	91.0	199.0	155.0	161.0	137.0	177.0	170.0	213.0	167.0	239.0	158.0	255.0	177.0	184.0	199.0	155.0	195.0	196.0	205.0	168.0	227.0	174.0	267.0	176.0	259.0	253.0	266.0	208.0	288.0	222.0	301.0	222.0	376.0	184.0	1
71.0	200.0	67.0	217.0	94.0	198.0	157.0	160.0	139.0	177.0	171.0	214.0	168.0	239.0	160.0	256.0	177.0	183.0	200.0	155.0	197.0	197.0	205.0	168.0	225.0	173.0	268.0	176.0	260.0	251.0	268.0	207.0	289.0	221.0	302.0	221.0	375.0	185.0	1
75.0	199.0	70.0	216.0	100.0	196.0	158.0	160.0	142.0	175.0	173.0	214.0	169.0	236.0	160.0	253.0	181.0	183.0	203.0	156.0	198.0	196.0	206.0	167.0	226.0	174.0	270.0	177.0	257.0	250.0	263.0	205.0	288.0	221.0	300.0	220.0	366.0	186.0	1
78.0	202.0	72.0	216.0	101.0	199.0	155.0	164.0	139.0	180.0	174.0	214.0	172.0	236.0	165.0	252.0	180.0	185.0	200.0	157.0	199.0	197.0	204.0	170.0	225.0	175.0	264.0	178.0	255.0	249.0	263.0	205.0	286.0	220.0	299.0	220.0	365.0	186.0	1
77.0	200.0	72.0	216.0	99.0	197.0	157.0	162.0	140.0	178.0	175.0	214.0	172.0	237.0	163.0	254.0	181.0	185.0	201.0	157.0	200.0	198.0	204.0	169.0	225.0	174.0	269.0	178.0	256.0	247.0	266.0	207.0	282.0	218.0	295.0	218.0	365.0	188.0	1
75.0	201.0	71.0	216.0	94.0	198.0	158.0	163.0	141.0	178.0	174.0	213.0	172.0	236.0	163.0	252.0	181.0	185.0	202.0	157.0	198.0	197.0	206.0	169.0	229.0	176.0	265.0	178.0	259.0	250.0	264.0	205.0	286.0	219.0	299.0	219.0	363.0	184.0	1
68.0	201.0	64.0	217.0	90.0	198.0	153.0	162.0	136.0	178.0	172.0	214.0	172.0	239.0	164.0	256.0	178.0	185.0	198.0	156.0	194.0	195.0	202.0	168.0	222.0	172.0	272.0	177.0	258.0	249.0	268.0	206.0	288.0	219.0	304.0	219.0	376.0	185.0	1
74.0	201.0	69.0	216.0	97.0	199.0	157.0	162.0	140.0	178.0	175.0	213.0	173.0	236.0	162.0	254.0	181.0	185.0	201.0	155.0	198.0	197.0	207.0	168.0	228.0	174.0	267.0	177.0	255.0	251.0	267.0	207.0	287.0	220.0	299.0	220.0	366.0	185.0	1
72.0	201.0	69.0	216.0	96.0	198.0	157.0	163.0	139.0	178.0	170.0	212.0	168.0	235.0	161.0	252.0	179.0	185.0	200.0	156.0	196.0	195.0	205.0	169.0	225.0	175.0	267.0	177.0	260.0	249.0	263.0	204.0	287.0	219.0	300.0	218.0	375.0	185.0	1
78.0	198.0	74.0	214.0	97.0	195.0	154.0	158.0	136.0	174.0	169.0	209.0	168.0	232.0	159.0	249.0	177.0	182.0	199.0	155.0	195.0	195.0	203.0	167.0	224.0	173.0	267.0	177.0	255.0	248.0	263.0	204.0	285.0	220.0	297.0	219.0	366.0	186.0	1
78.0	201.0	71.0	216.0	99.0	199.0	157.0	162.0	140.0	180.0	173.0	213.0	172.0	236.0	163.0	253.0	179.0	186.0	199.0	156.0	196.0	197.0	203.0	169.0	223.0	174.0	265.0	178.0	256.0	251.0	262.0	206.0	286.0	221.0	298.0	221.0	367.0	186.0	1
70.0	199.0	67.0	215.0	94.0	196.0	154.0	161.0	137.0	176.0	171.0	212.0	168.0	235.0	159.0	252.0	179.0	183.0	201.0	154.0	195.0	194.0	205.0	167.0	229.0	173.0	276.0	177.0	260.0	249.0	268.0	205.0	290.0	219.0	304.0	218.0	377.0	183.0	1
75.0	202.0	71.0	217.0	95.0	200.0	154.0	163.0	137.0	178.0	172.0	213.0	171.0	236.0	163.0	254.0	183.0	185.0	200.0	154.0	196.0	196.0	204.0	168.0	226.0	174.0	265.0	176.0	258.0	250.0	264.0	205.0	287.0	219.0	301.0	219.0	368.0	184.0	1
76.0	201.0	71.0	215.0	100.0	198.0	158.0	163.0	143.0	178.0	177.0	214.0	174.0	238.0	165.0	254.0	182.0	185.0	199.0	157.0	199.0	196.0	205.0	170.0	225.0	176.0	262.0	178.0	255.0	251.0	261.0	205.0	283.0	220.0	297.0	220.0	362.0	184.0	1
66.0	201.0	61.0	217.0	89.0	199.0	152.0	162.0	135.0	178.0	171.0	213.0	169.0	237.0	160.0	256.0	177.0	185.0	199.0	154.0	194.0	196.0	204.0	168.0	226.0	173.0	269.0	176.0	259.0	251.0	270.0	207.0	291.0	221.0	306.0	222.0	376.0	184.0	1
75.0	201.0	73.0	216.0	96.0	198.0	158.0	162.0	140.0	179.0	176.0	214.0	173.0	235.0	164.0	254.0	182.0	184.0	201.0	156.0	199.0	196.0	206.0	169.0	225.0	174.0	263.0	177.0	256.0	250.0	264.0	206.0	288.0	220.0	299.0	219.0	367.0	185.0	1
69.0	202.0	66.0	218.0	91.0	198.0	152.0	160.0	135.0	177.0	172.0	214.0	167.0	239.0	158.0	257.0	180.0	184.0	197.0	154.0	197.0	197.0	202.0	167.0	224.0	173.0	271.0	176.0	259.0	254.0	265.0	206.0	291.0	223.0	306.0	223.0	379.0	183.0	1
72.0	202.0	69.0	217.0	95.0	199.0	154.0	161.0	138.0	178.0	173.0	213.0	171.0	237.0	164.0	255.0	178.0	183.0	200.0	155.0	198.0	197.0	206.0	169.0	226.0	174.0	268.0	177.0	256.0	252.0	263.0	204.0	288.0	221.0	302.0	220.0	373.0	186.0	1
73.0	200.0	69.0	218.0	97.0	196.0	158.0	159.0	141.0	175.0	175.0	211.0	172.0	236.0	163.0	256.0	179.0	180.0	206.0	151.0	201.0	193.0	210.0	165.0	229.0	171.0	275.0	176.0	260.0	252.0	267.0	206.0	289.0	220.0	300.0	220.0	374.0	185.0	1
70.0	201.0	67.0	217.0	94.0	198.0	154.0	162.0	137.0	177.0	174.0	214.0	171.0	238.0	162.0	256.0	177.0	184.0	197.0	155.0	198.0	197.0	202.0	168.0	224.0	174.0	269.0	177.0	262.0	251.0	264.0	205.0	291.0	220.0	304.0	219.0	374.0	184.0	1
76.0	197.0	71.0	213.0	96.0	196.0	145.0	158.0	157.0	160.0	170.0	235.0	171.0	211.0	163.0	253.0	138.0	177.0	180.0	183.0	193.0	193.0	204.0	162.0	226.0	174.0	264.0	177.0	254.0	247.0	263.0	207.0	283.0	219.0	297.0	220.0	365.0	185.0	1
73.0	197.0	70.0	213.0	95.0	194.0	155.0	159.0	138.0	175.0	171.0	210.0	168.0	234.0	159.0	252.0	180.0	183.0	201.0	154.0	196.0	195.0	205.0	167.0	225.0	173.0	265.0	176.0	255.0	248.0	262.0	205.0	283.0	219.0	297.0	218.0	365.0	185.0	1
73.0	200.0	69.0	217.0	96.0	197.0	157.0	162.0	141.0	177.0	173.0	215.0	170.0	238.0	161.0	256.0	181.0	185.0	202.0	156.0	198.0	197.0	207.0	169.0	229.0	175.0	271.0	178.0	257.0	254.0	264.0	206.0	291.0	222.0	303.0	222.0	373.0	184.0	1
76.0	202.0	70.0	217.0	96.0	199.0	156.0	162.0	138.0	178.0	173.0	214.0	171.0	237.0	163.0	255.0	181.0	186.0	199.0	156.0	196.0	197.0	205.0	169.0	225.0	174.0	266.0	177.0	258.0	252.0	263.0	206.0	288.0	222.0	300.0	221.0	372.0	185.0	1
77.0	203.0	70.0	217.0	99.0	200.0	155.0	163.0	139.0	180.0	175.0	213.0	172.0	236.0	165.0	253.0	179.0	184.0	200.0	156.0	199.0	195.0	205.0	168.0	227.0	174.0	267.0	178.0	254.0	249.0	265.0	205.0	287.0	221.0	301.0	221.0	367.0	186.0	1
78.0	200.0	73.0	214.0	100.0	198.0	159.0	164.0	142.0	179.0	172.0	211.0	170.0	234.0	163.0	251.0	180.0	186.0	202.0	159.0	195.0	195.0	205.0	170.0	225.0	175.0	270.0	180.0	253.0	247.0	263.0	206.0	282.0	219.0	298.0	220.0	366.0	187.0	1
76.0	202.0	71.0	217.0	98.0	199.0	154.0	162.0	139.0	177.0	173.0	212.0	171.0	237.0	164.0	254.0	181.0	186.0	198.0	157.0	195.0	196.0	204.0	169.0	224.0	175.0	268.0	177.0	256.0	248.0	263.0	205.0	286.0	220.0	299.0	220.0	368.0	187.0	1
69.0	200.0	62.0	215.0	95.0	198.0	155.0	161.0	138.0	178.0	173.0	216.0	169.0	238.0	159.0	256.0	179.0	185.0	199.0	154.0	194.0	196.0	205.0	166.0	225.0	172.0	270.0	176.0	257.0	254.0	266.0	207.0	290.0	222.0	301.0	221.0	371.0	183.0	1
71.0	201.0	67.0	217.0	93.0	199.0	157.0	162.0	141.0	177.0	175.0	212.0	174.0	236.0	164.0	254.0	179.0	184.0	200.0	156.0	196.0	195.0	205.0	168.0	227.0	174.0	270.0	177.0	260.0	249.0	266.0	205.0	290.0	219.0	301.0	219.0	367.0	185.0	1
73.0	201.0	69.0	218.0	93.0	198.0	154.0	161.0	136.0	177.0	172.0	212.0	170.0	236.0	161.0	254.0	179.0	183.0	201.0	154.0	199.0	196.0	205.0	167.0	228.0	173.0	269.0	176.0	260.0	250.0	268.0	207.0	289.0	220.0	303.0	220.0	371.0	184.0	1
77.0	202.0	71.0	217.0	97.0	200.0	154.0	164.0	139.0	179.0	176.0	214.0	174.0	237.0	165.0	253.0	182.0	184.0	199.0	157.0	199.0	197.0	203.0	169.0	225.0	175.0	262.0	177.0	256.0	250.0	263.0	206.0	286.0	220.0	298.0	220.0	369.0	186.0	1
69.0	199.0	65.0	215.0	94.0	197.0	156.0	160.0	138.0	176.0	171.0	212.0	167.0	235.0	160.0	253.0	180.0	183.0	200.0	153.0	197.0	195.0	205.0	166.0	226.0	173.0	270.0	175.0	258.0	251.0	266.0	206.0	289.0	220.0	303.0	219.0	375.0	184.0	1
73.0	199.0	68.0	215.0	97.0	197.0	160.0	161.0	141.0	177.0	174.0	213.0	171.0	237.0	163.0	254.0	181.0	184.0	204.0	155.0	198.0	195.0	208.0	168.0	228.0	174.0	270.0	178.0	257.0	250.0	264.0	206.0	288.0	220.0	300.0	220.0	368.0	185.0	1
75.0	202.0	71.0	216.0	97.0	198.0	157.0	162.0	142.0	176.0	172.0	211.0	169.0	235.0	161.0	253.0	181.0	184.0	201.0	156.0	198.0	196.0	207.0	169.0	226.0	174.0	267.0	177.0	254.0	249.0	261.0	206.0	284.0	221.0	296.0	221.0	366.0	189.0	1
78.0	201.0	74.0	216.0	98.0	199.0	156.0	164.0	139.0	179.0	172.0	212.0	169.0	235.0	162.0	252.0	177.0	185.0	203.0	157.0	196.0	197.0	205.0	169.0	226.0	175.0	268.0	178.0	257.0	248.0	266.0	207.0	284.0	219.0	298.0	219.0	370.0	188.0	1
71.0	201.0	68.0	215.0	99.0	197.0	159.0	163.0	143.0	178.0	172.0	213.0	170.0	236.0	162.0	253.0	182.0	185.0	200.0	158.0	195.0	196.0	205.0	170.0	228.0	176.0	270.0	179.0	257.0	248.0	264.0	206.0	284.0	219.0	297.0	219.0	370.0	185.0	1
78.0	199.0	74.0	216.0	98.0	197.0	157.0	161.0	141.0	175.0	174.0	213.0	170.0	237.0	161.0	254.0	180.0	183.0	202.0	155.0	200.0	196.0	205.0	167.0	226.0	173.0	269.0	177.0	256.0	250.0	266.0	206.0	287.0	220.0	301.0	220.0	368.0	183.0	1
76.0	200.0	72.0	216.0	97.0	198.0	156.0	163.0	139.0	178.0	171.0	213.0	170.0	236.0	161.0	252.0	182.0	185.0	201.0	157.0	198.0	196.0	206.0	170.0	228.0	175.0	270.0	178.0	253.0	251.0	266.0	207.0	285.0	220.0	299.0	220.0	369.0	186.0	1
71.0	202.0	68.0	218.0	97.0	198.0	158.0	161.0	143.0	176.0	173.0	212.0	172.0	235.0	162.0	253.0	179.0	184.0	200.0	156.0	195.0	195.0	203.0	168.0	225.0	174.0	269.0	178.0	254.0	249.0	268.0	208.0	283.0	219.0	298.0	220.0	369.0	189.0	1
78.0	201.0	74.0	214.0	96.0	199.0	157.0	163.0	140.0	179.0	173.0	212.0	170.0	236.0	160.0	251.0	181.0	186.0	201.0	158.0	197.0	196.0	204.0	170.0	224.0	175.0	265.0	178.0	257.0	248.0	265.0	207.0	285.0	220.0	298.0	220.0	366.0	187.0	1
72.0	201.0	68.0	218.0	94.0	198.0	153.0	161.0	135.0	177.0	173.0	213.0	170.0	237.0	161.0	255.0	179.0	183.0	203.0	152.0	198.0	195.0	206.0	166.0	228.0	172.0	267.0	174.0	261.0	251.0	269.0	205.0	292.0	221.0	307.0	221.0	375.0	183.0	1
74.0	201.0	70.0	216.0	96.0	198.0	156.0	162.0	140.0	178.0	174.0	211.0	173.0	235.0	163.0	252.0	179.0	183.0	200.0	156.0	198.0	196.0	205.0	169.0	229.0	176.0	266.0	178.0	258.0	248.0	264.0	206.0	284.0	218.0	297.0	218.0	364.0	185.0	1
71.0	201.0	67.0	217.0	91.0	198.0	156.0	160.0	137.0	177.0	173.0	213.0	171.0	239.0	162.0	257.0	179.0	183.0	200.0	152.0	198.0	197.0	205.0	166.0	227.0	173.0	270.0	176.0	259.0	251.0	264.0	204.0	291.0	221.0	303.0	221.0	374.0	185.0	1
72.0	201.0	68.0	216.0	92.0	199.0	157.0	161.0	138.0	177.0	174.0	213.0	170.0	238.0	161.0	254.0	179.0	184.0	201.0	155.0	197.0	195.0	205.0	167.0	228.0	174.0	267.0	176.0	258.0	250.0	266.0	206.0	289.0	220.0	301.0	220.0	370.0	185.0	1
74.0	200.0	69.0	214.0	96.0	198.0	156.0	164.0	140.0	178.0	173.0	213.0	170.0	236.0	161.0	253.0	179.0	185.0	199.0	157.0	197.0	196.0	204.0	169.0	227.0	175.0	269.0	177.0	258.0	251.0	262.0	204.0	289.0	220.0	301.0	220.0	366.0	183.0	1
71.0	202.0	69.0	219.0	90.0	200.0	156.0	161.0	138.0	177.0	174.0	214.0	173.0	239.0	165.0	256.0	179.0	183.0	200.0	155.0	196.0	195.0	205.0	168.0	224.0	173.0	268.0	177.0	261.0	254.0	262.0	204.0	291.0	221.0	305.0	221.0	372.0	184.0	1
74.0	200.0	68.0	217.0	95.0	198.0	157.0	161.0	139.0	176.0	173.0	215.0	171.0	239.0	161.0	256.0	180.0	184.0	201.0	154.0	198.0	197.0	206.0	167.0	226.0	172.0	267.0	176.0	254.0	254.0	265.0	207.0	289.0	222.0	302.0	222.0	371.0	183.0	1
70.0	198.0	66.0	213.0	92.0	196.0	156.0	161.0	138.0	176.0	172.0	212.0	170.0	235.0	163.0	252.0	182.0	185.0	198.0	155.0	195.0	194.0	203.0	168.0	226.0	174.0	266.0	177.0	261.0	248.0	264.0	204.0	287.0	218.0	301.0	217.0	371.0	184.0	1
74.0	202.0	71.0	217.0	96.0	199.0	157.0	163.0	140.0	179.0	174.0	212.0	172.0	237.0	165.0	253.0	181.0	185.0	201.0	157.0	201.0	198.0	206.0	170.0	225.0	175.0	269.0	177.0	260.0	249.0	266.0	205.0	290.0	219.0	304.0	220.0	368.0	184.0	1
72.0	200.0	68.0	217.0	96.0	197.0	153.0	160.0	136.0	176.0	172.0	214.0	168.0	237.0	158.0	256.0	181.0	183.0	201.0	154.0	196.0	195.0	206.0	167.0	226.0	172.0	272.0	177.0	256.0	253.0	264.0	206.0	288.0	222.0	303.0	222.0	371.0	185.0	1
73.0	200.0	68.0	215.0	93.0	198.0	159.0	161.0	138.0	178.0	170.0	214.0	168.0	237.0	158.0	253.0	181.0	185.0	202.0	155.0	194.0	196.0	208.0	168.0	228.0	174.0	268.0	178.0	254.0	253.0	263.0	207.0	287.0	221.0	299.0	221.0	372.0	187.0	1
68.0	202.0	63.0	216.0	91.0	199.0	153.0	162.0	136.0	178.0	171.0	213.0	171.0	238.0	163.0	254.0	178.0	184.0	200.0	156.0	195.0	195.0	206.0	168.0	226.0	174.0	266.0	176.0	257.0	249.0	266.0	206.0	289.0	221.0	303.0	221.0	373.0	186.0	1
76.0	201.0	72.0	213.0	100.0	197.0	158.0	164.0	141.0	179.0	172.0	211.0	169.0	234.0	160.0	251.0	181.0	187.0	198.0	159.0	198.0	198.0	203.0	170.0	226.0	176.0	270.0	178.0	256.0	248.0	266.0	206.0	285.0	218.0	299.0	218.0	367.0	184.0	1
72.0	201.0	68.0	216.0	95.0	197.0	158.0	162.0	141.0	177.0	173.0	212.0	169.0	236.0	157.0	253.0	180.0	184.0	199.0	156.0	196.0	196.0	205.0	168.0	227.0	174.0	272.0	177.0	255.0	251.0	266.0	207.0	288.0	221.0	302.0	222.0	369.0	185.0	1
70.0	201.0	65.0	215.0	92.0	199.0	152.0	161.0	136.0	177.0	173.0	213.0	169.0	238.0	160.0	254.0	178.0	184.0	200.0	154.0	197.0	197.0	206.0	167.0	225.0	172.0	269.0	175.0	261.0	251.0	269.0	207.0	291.0	221.0	304.0	221.0	372.0	183.0	1
76.0	200.0	72.0	216.0	97.0	197.0	159.0	162.0	141.0	177.0	172.0	213.0	169.0	236.0	161.0	254.0	181.0	184.0	203.0	156.0	197.0	196.0	206.0	168.0	227.0	175.0	266.0	177.0	256.0	250.0	265.0	207.0	285.0	220.0	299.0	220.0	366.0	186.0	1
67.0	200.0	62.0	215.0	90.0	199.0	150.0	163.0	135.0	177.0	171.0	213.0	166.0	237.0	157.0	254.0	176.0	183.0	197.0	156.0	197.0	196.0	202.0	168.0	224.0	174.0	267.0	175.0	259.0	250.0	266.0	204.0	290.0	219.0	303.0	219.0	371.0	181.0	1
71.0	201.0	66.0	215.0	93.0	198.0	154.0	162.0	135.0	179.0	174.0	214.0	171.0	236.0	164.0	255.0	179.0	185.0	198.0	155.0	197.0	196.0	203.0	168.0	227.0	173.0	269.0	175.0	257.0	249.0	266.0	204.0	290.0	219.0	302.0	219.0	375.0	186.0	1
72.0	201.0	68.0	217.0	96.0	198.0	155.0	162.0	140.0	177.0	173.0	214.0	171.0	238.0	162.0	254.0	182.0	185.0	203.0	156.0	196.0	197.0	207.0	169.0	228.0	175.0	266.0	177.0	258.0	251.0	266.0	206.0	288.0	221.0	303.0	221.0	371.0	185.0	1
72.0	202.0	68.0	216.0	96.0	199.0	158.0	163.0	142.0	179.0	174.0	213.0	172.0	237.0	166.0	255.0	184.0	187.0	198.0	157.0	194.0	195.0	203.0	170.0	224.0	176.0	264.0	179.0	256.0	248.0	262.0	205.0	285.0	220.0	298.0	219.0	367.0	187.0	1
74.0	201.0	70.0	216.0	95.0	198.0	156.0	162.0	138.0	179.0	175.0	213.0	175.0	238.0	165.0	255.0	180.0	184.0	201.0	157.0	195.0	194.0	205.0	169.0	225.0	175.0	271.0	179.0	258.0	249.0	266.0	206.0	288.0	220.0	300.0	219.0	367.0	183.0	1
77.0	202.0	72.0	217.0	96.0	199.0	158.0	161.0	142.0	178.0	176.0	214.0	174.0	237.0	166.0	254.0	182.0	184.0	200.0	156.0	198.0	195.0	204.0	168.0	223.0	173.0	264.0	176.0	253.0	250.0	261.0	204.0	285.0	221.0	298.0	220.0	367.0	186.0	1
73.0	199.0	69.0	215.0	98.0	197.0	156.0	162.0	138.0	177.0	173.0	212.0	169.0	235.0	160.0	252.0	181.0	185.0	201.0	155.0	198.0	198.0	205.0	168.0	227.0	175.0	265.0	176.0	258.0	249.0	265.0	206.0	285.0	219.0	299.0	218.0	368.0	184.0	1
72.0	201.0	68.0	215.0	95.0	198.0	155.0	163.0	139.0	179.0	174.0	213.0	171.0	238.0	164.0	255.0	182.0	184.0	202.0	156.0	199.0	196.0	207.0	170.0	228.0	175.0	270.0	178.0	259.0	251.0	265.0	206.0	290.0	222.0	303.0	221.0	369.0	184.0	1
74.0	200.0	69.0	215.0	93.0	198.0	157.0	162.0	139.0	179.0	173.0	213.0	173.0	238.0	163.0	255.0	177.0	186.0	199.0	156.0	195.0	198.0	206.0	170.0	226.0	176.0	266.0	179.0	255.0	250.0	262.0	206.0	287.0	220.0	300.0	220.0	366.0	184.0	1
72.0	203.0	70.0	220.0	95.0	199.0	154.0	161.0	137.0	177.0	173.0	213.0	170.0	237.0	161.0	255.0	183.0	184.0	200.0	153.0	200.0	196.0	206.0	168.0	228.0	174.0	265.0	177.0	262.0	251.0	264.0	204.0	291.0	221.0	305.0	221.0	375.0	186.0	1
77.0	200.0	75.0	215.0	98.0	197.0	158.0	163.0	141.0	178.0	175.0	212.0	172.0	235.0	163.0	250.0	184.0	185.0	200.0	157.0	198.0	196.0	205.0	170.0	226.0	176.0	269.0	178.0	253.0	248.0	267.0	207.0	285.0	219.0	298.0	220.0	366.0	186.0	1
72.0	201.0	68.0	216.0	92.0	199.0	154.0	163.0	137.0	178.0	170.0	214.0	169.0	237.0	162.0	254.0	175.0	184.0	198.0	156.0	194.0	196.0	202.0	168.0	225.0	174.0	270.0	176.0	258.0	250.0	270.0	208.0	290.0	220.0	302.0	219.0	370.0	182.0	1
69.0	200.0	64.0	214.0	94.0	197.0	155.0	162.0	138.0	177.0	174.0	212.0	170.0	236.0	160.0	253.0	181.0	184.0	200.0	156.0	197.0	197.0	205.0	169.0	226.0	175.0	271.0	177.0	259.0	251.0	267.0	206.0	290.0	220.0	304.0	220.0	371.0	185.0	1
73.0	201.0	70.0	218.0	96.0	198.0	158.0	161.0	142.0	176.0	175.0	212.0	172.0	236.0	163.0	254.0	182.0	184.0	201.0	155.0	197.0	195.0	205.0	167.0	229.0	174.0	271.0	178.0	258.0	250.0	267.0	207.0	287.0	220.0	298.0	220.0	368.0	188.0	1
77.0	200.0	73.0	216.0	97.0	197.0	158.0	160.0	141.0	177.0	174.0	213.0	167.0	236.0	158.0	254.0	179.0	184.0	203.0	155.0	201.0	198.0	207.0	168.0	227.0	175.0	264.0	178.0	254.0	251.0	263.0	208.0	284.0	222.0	295.0	222.0	364.0	186.0	1
68.0	199.0	65.0	214.0	96.0	197.0	158.0	161.0	141.0	177.0	173.0	213.0	169.0	236.0	157.0	253.0	181.0	184.0	201.0	155.0	198.0	197.0	205.0	168.0	225.0	174.0	270.0	178.0	254.0	251.0	265.0	207.0	285.0	220.0	297.0	220.0	370.0	184.0	1
70.0	200.0	65.0	216.0	94.0	198.0	157.0	160.0	140.0	175.0	173.0	214.0	168.0	237.0	159.0	255.0	181.0	182.0	204.0	152.0	197.0	195.0	208.0	166.0	230.0	172.0	272.0	177.0	256.0	252.0	266.0	206.0	289.0	221.0	303.0	221.0	374.0	188.0	1
68.0	201.0	63.0	215.0	92.0	198.0	153.0	162.0	135.0	179.0	174.0	214.0	170.0	238.0	162.0	257.0	180.0	184.0	200.0	155.0	199.0	197.0	204.0	168.0	225.0	174.0	264.0	176.0	261.0	252.0	263.0	204.0	294.0	222.0	306.0	221.0	374.0	182.0	1
73.0	201.0	68.0	216.0	95.0	198.0	155.0	161.0	137.0	177.0	171.0	212.0	169.0	236.0	160.0	254.0	178.0	183.0	201.0	160.0	194.0	194.0	225.0	172.0	255.0	248.0	267.0	175.0	266.0	256.0	261.0	203.0	286.0	217.0	299.0	216.0	365.0	180.0	1
77.0	200.0	72.0	215.0	97.0	197.0	159.0	162.0	142.0	177.0	172.0	213.0	169.0	237.0	161.0	253.0	179.0	184.0	202.0	157.0	195.0	195.0	206.0	169.0	225.0	174.0	265.0	178.0	254.0	249.0	262.0	207.0	282.0	220.0	294.0	220.0	362.0	190.0	1
71.0	201.0	66.0	216.0	95.0	199.0	154.0	162.0	139.0	176.0	170.0	212.0	166.0	235.0	158.0	251.0	181.0	185.0	200.0	156.0	196.0	196.0	206.0	168.0	228.0	174.0	268.0	177.0	258.0	249.0	264.0	205.0	285.0	220.0	298.0	219.0	368.0	188.0	1
67.0	199.0	62.0	216.0	89.0	197.0	156.0	160.0	136.0	176.0	175.0	215.0	170.0	238.0	158.0	254.0	179.0	184.0	202.0	154.0	199.0	197.0	207.0	167.0	229.0	174.0	271.0	176.0	260.0	251.0	266.0	207.0	290.0	222.0	304.0	222.0	375.0	184.0	1
66.0	200.0	62.0	214.0	89.0	197.0	155.0	162.0	137.0	178.0	171.0	213.0	167.0	237.0	157.0	254.0	181.0	185.0	202.0	156.0	196.0	196.0	206.0	169.0	230.0	174.0	270.0	177.0	258.0	252.0	269.0	208.0	288.0	222.0	303.0	221.0	377.0	185.0	1
71.0	200.0	67.0	215.0	96.0	199.0	156.0	163.0	139.0	180.0	173.0	213.0	171.0	236.0	162.0	252.0	181.0	186.0	199.0	157.0	198.0	197.0	206.0	170.0	227.0	175.0	270.0	178.0	257.0	249.0	266.0	207.0	286.0	219.0	299.0	219.0	366.0	186.0	1
71.0	200.0	66.0	215.0	95.0	197.0	155.0	161.0	137.0	178.0	175.0	213.0	171.0	238.0	160.0	256.0	179.0	183.0	202.0	154.0	203.0	198.0	206.0	166.0	229.0	173.0	276.0	177.0	258.0	253.0	270.0	208.0	291.0	221.0	304.0	221.0	371.0	183.0	1
75.0	202.0	71.0	216.0	98.0	199.0	156.0	162.0	139.0	178.0	175.0	212.0	175.0	236.0	166.0	254.0	182.0	184.0	201.0	156.0	196.0	194.0	206.0	169.0	228.0	175.0	270.0	179.0	255.0	248.0	260.0	204.0	285.0	220.0	297.0	220.0	367.0	186.0	1
80.0	202.0	75.0	216.0	101.0	199.0	158.0	163.0	140.0	178.0	173.0	212.0	171.0	236.0	164.0	251.0	183.0	186.0	201.0	158.0	198.0	195.0	205.0	170.0	227.0	175.0	269.0	179.0	255.0	248.0	265.0	206.0	286.0	220.0	299.0	220.0	361.0	186.0	1
72.0	201.0	67.0	216.0	94.0	198.0	157.0	161.0	139.0	178.0	174.0	214.0	171.0	237.0	163.0	254.0	184.0	185.0	202.0	156.0	201.0	197.0	207.0	169.0	228.0	175.0	266.0	178.0	258.0	251.0	265.0	206.0	288.0	221.0	300.0	221.0	368.0	185.0	1
72.0	200.0	69.0	216.0	95.0	197.0	159.0	161.0	141.0	176.0	173.0	213.0	170.0	238.0	162.0	254.0	184.0	185.0	205.0	155.0	200.0	197.0	209.0	169.0	229.0	175.0	269.0	178.0	254.0	252.0	264.0	207.0	285.0	221.0	299.0	221.0	371.0	186.0	1
74.0	202.0	67.0	216.0	96.0	199.0	157.0	162.0	139.0	178.0	174.0	214.0	172.0	238.0	164.0	255.0	179.0	185.0	201.0	156.0	197.0	197.0	205.0	170.0	226.0	174.0	267.0	178.0	255.0	250.0	263.0	206.0	287.0	221.0	300.0	221.0	369.0	185.0	1
76.0	200.0	74.0	215.0	97.0	198.0	162.0	162.0	143.0	177.0	172.0	212.0	169.0	235.0	161.0	252.0	183.0	186.0	201.0	157.0	196.0	195.0	207.0	171.0	227.0	177.0	267.0	179.0	255.0	249.0	262.0	205.0	284.0	220.0	297.0	220.0	365.0	187.0	1
78.0	199.0	72.0	214.0	102.0	196.0	158.0	162.0	141.0	178.0	174.0	214.0	171.0	236.0	161.0	253.0	181.0	186.0	202.0	156.0	198.0	197.0	206.0	169.0	229.0	176.0	267.0	179.0	255.0	250.0	260.0	205.0	284.0	221.0	296.0	220.0	364.0	184.0	1
73.0	201.0	68.0	215.0	93.0	198.0	154.0	163.0	138.0	179.0	171.0	213.0	169.0	236.0	160.0	253.0	177.0	186.0	199.0	156.0	197.0	198.0	203.0	169.0	224.0	174.0	268.0	177.0	258.0	248.0	263.0	205.0	287.0	219.0	301.0	219.0	369.0	186.0	1
77.0	202.0	74.0	216.0	97.0	199.0	158.0	163.0	141.0	178.0	173.0	213.0	171.0	236.0	164.0	252.0	182.0	186.0	200.0	157.0	195.0	196.0	205.0	170.0	228.0	176.0	267.0	179.0	254.0	248.0	262.0	206.0	283.0	220.0	296.0	219.0	365.0	189.0	1
75.0	201.0	70.0	215.0	98.0	198.0	157.0	164.0	142.0	178.0	173.0	213.0	169.0	235.0	161.0	251.0	181.0	185.0	199.0	159.0	196.0	197.0	203.0	171.0	225.0	177.0	266.0	179.0	258.0	247.0	262.0	205.0	286.0	220.0	299.0	219.0	362.0	186.0	1
72.0	201.0	68.0	216.0	94.0	198.0	155.0	160.0	138.0	176.0	171.0	213.0	170.0	238.0	160.0	255.0	180.0	184.0	203.0	154.0	200.0	196.0	206.0	167.0	228.0	174.0	266.0	177.0	258.0	252.0	266.0	206.0	290.0	222.0	301.0	221.0	372.0	185.0	1
76.0	201.0	73.0	216.0	97.0	199.0	156.0	163.0	140.0	179.0	175.0	213.0	172.0	235.0	166.0	252.0	182.0	186.0	201.0	157.0	198.0	196.0	205.0	169.0	226.0	175.0	267.0	178.0	258.0	249.0	265.0	206.0	287.0	219.0	299.0	219.0	364.0	186.0	1
74.0	200.0	70.0	216.0	98.0	197.0	156.0	162.0	139.0	178.0	171.0	214.0	167.0	237.0	160.0	254.0	180.0	185.0	201.0	156.0	199.0	198.0	205.0	169.0	225.0	174.0	267.0	177.0	258.0	251.0	264.0	207.0	285.0	221.0	299.0	220.0	367.0	183.0	1
78.0	202.0	74.0	218.0	100.0	198.0	158.0	162.0	143.0	177.0	172.0	213.0	169.0	236.0	160.0	253.0	180.0	184.0	201.0	156.0	198.0	198.0	205.0	169.0	225.0	174.0	267.0	178.0	254.0	251.0	262.0	207.0	284.0	221.0	297.0	220.0	363.0	189.0	1
75.0	201.0	70.0	215.0	97.0	199.0	158.0	164.0	141.0	179.0	175.0	213.0	171.0	235.0	164.0	251.0	179.0	185.0	203.0	158.0	196.0	196.0	206.0	170.0	228.0	176.0	265.0	177.0	254.0	249.0	264.0	206.0	284.0	220.0	298.0	220.0	366.0	187.0	1
73.0	200.0	70.0	214.0	99.0	197.0	155.0	163.0	138.0	178.0	172.0	212.0	170.0	235.0	160.0	252.0	181.0	186.0	200.0	158.0	197.0	196.0	204.0	169.0	226.0	174.0	269.0	177.0	255.0	248.0	266.0	207.0	287.0	218.0	297.0	218.0	366.0	185.0	1
76.0	201.0	72.0	216.0	97.0	199.0	157.0	162.0	141.0	178.0	173.0	213.0	170.0	237.0	160.0	254.0	179.0	185.0	201.0	156.0	197.0	197.0	204.0	169.0	225.0	175.0	267.0	177.0	257.0	250.0	263.0	206.0	289.0	221.0	301.0	220.0	369.0	185.0	1
75.0	201.0	70.0	217.0	96.0	198.0	157.0	163.0	141.0	178.0	173.0	214.0	172.0	237.0	163.0	254.0	179.0	184.0	200.0	157.0	198.0	198.0	204.0	169.0	225.0	175.0	267.0	177.0	256.0	250.0	261.0	204.0	290.0	222.0	302.0	222.0	366.0	184.0	1
73.0	198.0	69.0	215.0	93.0	196.0	155.0	160.0	138.0	175.0	172.0	211.0	169.0	235.0	160.0	253.0	178.0	182.0	202.0	154.0	196.0	195.0	204.0	166.0	224.0	172.0	264.0	175.0	257.0	251.0	261.0	204.0	287.0	220.0	298.0	219.0	366.0	184.0	1
72.0	201.0	69.0	216.0	96.0	198.0	157.0	162.0	140.0	178.0	174.0	213.0	172.0	236.0	160.0	252.0	184.0	186.0	201.0	156.0	196.0	196.0	206.0	168.0	227.0	174.0	271.0	178.0	257.0	250.0	264.0	206.0	286.0	221.0	300.0	220.0	369.0	186.0	1
76.0	201.0	73.0	216.0	97.0	198.0	156.0	164.0	140.0	179.0	174.0	213.0	172.0	234.0	163.0	251.0	181.0	186.0	201.0	159.0	197.0	197.0	206.0	172.0	226.0	176.0	268.0	178.0	255.0	247.0	263.0	205.0	286.0	220.0	299.0	219.0	362.0	185.0	1
73.0	202.0	68.0	216.0	96.0	200.0	154.0	162.0	139.0	178.0	172.0	215.0	170.0	239.0	164.0	257.0	180.0	185.0	199.0	155.0	197.0	197.0	203.0	168.0	226.0	174.0	264.0	178.0	259.0	250.0	261.0	205.0	287.0	221.0	299.0	220.0	369.0	186.0	1
70.0	197.0	66.0	215.0	92.0	194.0	154.0	159.0	133.0	175.0	169.0	211.0	167.0	235.0	159.0	254.0	181.0	183.0	203.0	150.0	197.0	195.0	206.0	164.0	232.0	172.0	274.0	176.0	261.0	250.0	266.0	204.0	292.0	221.0	304.0	220.0	378.0	184.0	1
80.0	202.0	74.0	215.0	101.0	199.0	156.0	164.0	141.0	180.0	173.0	211.0	172.0	235.0	166.0	250.0	183.0	187.0	198.0	158.0	193.0	195.0	205.0	172.0	225.0	176.0	268.0	179.0	256.0	246.0	261.0	205.0	282.0	218.0	295.0	218.0	364.0	189.0	1
74.0	201.0	71.0	215.0	97.0	198.0	155.0	162.0	138.0	177.0	174.0	213.0	172.0	235.0	165.0	250.0	181.0	185.0	197.0	156.0	198.0	196.0	201.0	169.0	225.0	174.0	267.0	177.0	259.0	248.0	266.0	205.0	288.0	218.0	301.0	217.0	369.0	181.0	1
75.0	203.0	71.0	218.0	97.0	199.0	159.0	162.0	139.0	178.0	172.0	215.0	169.0	239.0	161.0	256.0	179.0	184.0	200.0	155.0	196.0	196.0	204.0	168.0	222.0	173.0	271.0	178.0	260.0	250.0	269.0	207.0	290.0	221.0	302.0	220.0	370.0	186.0	1
71.0	198.0	68.0	215.0	95.0	196.0	158.0	162.0	141.0	176.0	173.0	212.0	171.0	236.0	162.0	253.0	182.0	184.0	202.0	154.0	196.0	194.0	206.0	168.0	225.0	173.0	265.0	176.0	259.0	248.0	264.0	205.0	289.0	219.0	301.0	219.0	370.0	182.0	1
75.0	202.0	71.0	216.0	99.0	199.0	158.0	162.0	141.0	179.0	174.0	213.0	172.0	237.0	164.0	253.0	177.0	184.0	202.0	157.0	196.0	196.0	205.0	169.0	225.0	175.0	264.0	177.0	253.0	248.0	264.0	207.0	285.0	221.0	297.0	221.0	364.0	187.0	1
72.0	202.0	67.0	218.0	93.0	200.0	157.0	162.0	141.0	177.0	175.0	213.0	172.0	238.0	164.0	254.0	179.0	184.0	203.0	155.0	198.0	197.0	209.0	170.0	228.0	175.0	265.0	177.0	259.0	250.0	267.0	206.0	287.0	220.0	301.0	221.0	372.0	188.0	1
71.0	203.0	68.0	219.0	95.0	199.0	157.0	162.0	140.0	178.0	173.0	212.0	171.0	236.0	162.0	254.0	182.0	185.0	200.0	156.0	196.0	195.0	205.0	169.0	225.0	174.0	266.0	177.0	258.0	249.0	268.0	207.0	287.0	220.0	302.0	220.0	375.0	190.0	1
74.0	200.0	69.0	215.0	100.0	198.0	157.0	162.0	140.0	180.0	173.0	212.0	172.0	236.0	162.0	253.0	183.0	185.0	203.0	156.0	196.0	196.0	208.0	170.0	229.0	176.0	267.0	179.0	254.0	247.0	262.0	206.0	284.0	220.0	295.0	220.0	367.0	190.0	1
76.0	200.0	72.0	216.0	99.0	197.0	156.0	162.0	141.0	177.0	173.0	214.0	172.0	237.0	163.0	256.0	182.0	184.0	203.0	156.0	198.0	196.0	207.0	168.0	225.0	174.0	265.0	178.0	256.0	251.0	264.0	207.0	285.0	221.0	298.0	221.0	365.0	186.0	1
71.0	201.0	67.0	216.0	95.0	198.0	155.0	163.0	139.0	178.0	174.0	212.0	171.0	236.0	160.0	252.0	180.0	185.0	201.0	157.0	196.0	196.0	206.0	169.0	229.0	175.0	272.0	179.0	253.0	247.0	266.0	207.0	285.0	220.0	301.0	221.0	370.0	186.0	1
75.0	200.0	70.0	215.0	96.0	198.0	157.0	161.0	138.0	177.0	172.0	213.0	171.0	238.0	163.0	256.0	181.0	184.0	202.0	155.0	195.0	195.0	207.0	168.0	225.0	174.0	261.0	177.0	255.0	248.0	262.0	206.0	285.0	220.0	296.0	220.0	366.0	186.0	1
78.0	202.0	74.0	218.0	99.0	200.0	158.0	165.0	142.0	179.0	176.0	212.0	173.0	235.0	165.0	251.0	182.0	187.0	199.0	159.0	197.0	196.0	205.0	173.0	224.0	177.0	265.0	179.0	257.0	247.0	260.0	204.0	284.0	220.0	296.0	220.0	366.0	188.0	1
73.0	200.0	69.0	215.0	96.0	197.0	158.0	162.0	142.0	178.0	173.0	213.0	169.0	236.0	160.0	254.0	182.0	185.0	204.0	154.0	198.0	196.0	208.0	168.0	228.0	174.0	271.0	178.0	257.0	252.0	261.0	205.0	287.0	221.0	300.0	221.0	372.0	187.0	1
70.0	200.0	65.0	215.0	96.0	198.0	157.0	161.0	139.0	178.0	173.0	213.0	169.0	237.0	158.0	254.0	180.0	185.0	199.0	156.0	199.0	197.0	204.0	167.0	227.0	173.0	263.0	175.0	257.0	250.0	263.0	205.0	289.0	221.0	301.0	221.0	371.0	185.0	1
78.0	200.0	75.0	216.0	103.0	197.0	157.0	163.0	142.0	178.0	176.0	212.0	171.0	234.0	163.0	251.0	183.0	185.0	200.0	158.0	200.0	197.0	203.0	170.0	224.0	176.0	261.0	178.0	255.0	248.0	260.0	205.0	283.0	219.0	297.0	220.0	362.0	186.0	1
75.0	201.0	72.0	217.0	102.0	198.0	158.0	163.0	143.0	178.0	174.0	213.0	172.0	236.0	165.0	252.0	181.0	185.0	200.0	157.0	196.0	196.0	203.0	170.0	227.0	176.0	269.0	179.0	256.0	247.0	263.0	205.0	286.0	219.0	300.0	219.0	366.0	187.0	1
77.0	200.0	73.0	214.0	101.0	197.0	159.0	164.0	142.0	180.0	173.0	213.0	170.0	237.0	160.0	252.0	182.0	186.0	200.0	158.0	200.0	198.0	205.0	171.0	225.0	176.0	261.0	177.0	253.0	248.0	262.0	207.0	281.0	220.0	293.0	219.0	362.0	187.0	1
75.0	200.0	68.0	215.0	99.0	197.0	158.0	162.0	139.0	179.0	174.0	214.0	171.0	237.0	161.0	254.0	177.0	184.0	199.0	157.0	199.0	197.0	204.0	169.0	225.0	175.0	264.0	177.0	257.0	250.0	261.0	206.0	285.0	221.0	298.0	221.0	367.0	184.0	1
72.0	202.0	67.0	218.0	92.0	199.0	155.0	160.0	136.0	176.0	173.0	216.0	172.0	240.0	164.0	258.0	179.0	184.0	198.0	154.0	198.0	197.0	203.0	167.0	224.0	173.0	266.0	176.0	258.0	253.0	263.0	206.0	287.0	221.0	303.0	222.0	372.0	184.0	1
72.0	200.0	68.0	216.0	92.0	198.0	155.0	163.0	137.0	178.0	172.0	213.0	171.0	237.0	163.0	255.0	180.0	185.0	199.0	156.0	197.0	196.0	204.0	168.0	225.0	174.0	268.0	177.0	260.0	250.0	269.0	207.0	289.0	220.0	302.0	219.0	372.0	183.0	1
75.0	200.0	70.0	215.0	95.0	197.0	155.0	162.0	139.0	178.0	172.0	212.0	169.0	236.0	161.0	252.0	181.0	185.0	201.0	156.0	198.0	197.0	205.0	169.0	226.0	174.0	267.0	178.0	252.0	249.0	262.0	206.0	284.0	220.0	296.0	220.0	367.0	188.0	1
75.0	201.0	70.0	214.0	97.0	199.0	159.0	164.0	141.0	178.0	177.0	212.0	173.0	235.0	165.0	253.0	182.0	185.0	201.0	158.0	199.0	196.0	206.0	169.0	229.0	176.0	266.0	178.0	255.0	249.0	264.0	206.0	287.0	220.0	299.0	220.0	364.0	183.0	1
70.0	197.0	68.0	216.0	93.0	195.0	154.0	159.0	138.0	175.0	170.0	211.0	166.0	233.0	156.0	252.0	180.0	182.0	203.0	154.0	197.0	195.0	206.0	167.0	224.0	173.0	266.0	177.0	254.0	250.0	260.0	205.0	284.0	220.0	298.0	220.0	364.0	185.0	1
78.0	201.0	74.0	217.0	100.0	200.0	160.0	162.0	140.0	179.0	176.0	213.0	174.0	236.0	163.0	253.0	179.0	185.0	202.0	156.0	198.0	197.0	206.0	170.0	226.0	176.0	274.0	180.0	256.0	248.0	264.0	206.0	286.0	219.0	298.0	219.0	369.0	186.0	1
74.0	201.0	69.0	218.0	96.0	198.0	156.0	162.0	140.0	178.0	172.0	213.0	169.0	236.0	163.0	255.0	181.0	184.0	199.0	155.0	198.0	196.0	204.0	168.0	224.0	174.0	265.0	178.0	262.0	251.0	262.0	205.0	287.0	220.0	300.0	219.0	369.0	185.0	1
75.0	202.0	72.0	216.0	100.0	199.0	158.0	165.0	143.0	179.0	176.0	212.0	174.0	236.0	166.0	252.0	183.0	186.0	200.0	158.0	198.0	197.0	205.0	171.0	226.0	176.0	267.0	177.0	257.0	248.0	265.0	205.0	288.0	220.0	300.0	219.0	365.0	185.0	1
76.0	202.0	72.0	218.0	94.0	200.0	156.0	161.0	139.0	178.0	172.0	214.0	173.0	239.0	164.0	256.0	183.0	185.0	203.0	156.0	196.0	195.0	207.0	168.0	225.0	173.0	270.0	177.0	254.0	251.0	261.0	205.0	286.0	221.0	301.0	222.0	366.0	185.0	1
73.0	202.0	70.0	216.0	95.0	199.0	156.0	163.0	140.0	178.0	171.0	213.0	170.0	235.0	163.0	253.0	179.0	185.0	200.0	155.0	195.0	195.0	203.0	168.0	225.0	174.0	268.0	177.0	258.0	248.0	265.0	205.0	290.0	220.0	303.0	220.0	372.0	185.0	1
61.0	200.0	56.0	217.0	81.0	198.0	152.0	159.0	133.0	176.0	167.0	213.0	166.0	240.0	157.0	258.0	177.0	183.0	201.0	152.0	195.0	197.0	206.0	167.0	230.0	173.0	277.0	176.0	261.0	253.0	272.0	208.0	289.0	220.0	305.0	220.0	383.0	185.0	1
75.0	202.0	72.0	216.0	95.0	199.0	155.0	163.0	137.0	178.0	172.0	214.0	171.0	236.0	162.0	254.0	176.0	185.0	202.0	156.0	194.0	195.0	205.0	169.0	225.0	173.0	268.0	177.0	258.0	248.0	267.0	206.0	288.0	220.0	301.0	220.0	371.0	187.0	1
75.0	199.0	71.0	215.0	99.0	196.0	153.0	161.0	137.0	177.0	172.0	211.0	170.0	235.0	162.0	252.0	178.0	183.0	199.0	155.0	196.0	194.0	201.0	166.0	225.0	173.0	266.0	176.0	256.0	248.0	265.0	206.0	285.0	218.0	298.0	218.0	365.0	184.0	1
78.0	201.0	74.0	216.0	100.0	198.0	157.0	163.0	141.0	179.0	174.0	214.0	173.0	237.0	163.0	253.0	175.0	183.0	200.0	157.0	198.0	196.0	203.0	169.0	221.0	174.0	268.0	176.0	255.0	247.0	265.0	207.0	286.0	219.0	299.0	219.0	365.0	185.0	1
78.0	201.0	75.0	217.0	98.0	198.0	156.0	161.0	138.0	178.0	173.0	213.0	170.0	236.0	162.0	253.0	180.0	184.0	203.0	155.0	196.0	196.0	207.0	167.0	228.0	174.0	270.0	177.0	256.0	249.0	264.0	207.0	286.0	222.0	299.0	221.0	368.0	186.0	1
72.0	198.0	68.0	214.0	94.0	195.0	156.0	160.0	138.0	176.0	170.0	212.0	168.0	236.0	160.0	254.0	181.0	183.0	202.0	151.0	195.0	194.0	205.0	166.0	224.0	172.0	269.0	177.0	257.0	250.0	262.0	204.0	287.0	220.0	300.0	220.0	375.0	186.0	1
72.0	199.0	69.0	215.0	95.0	198.0	158.0	162.0	141.0	176.0	173.0	212.0	171.0	236.0	161.0	253.0	185.0	186.0	202.0	156.0	198.0	195.0	206.0	169.0	227.0	174.0	273.0	178.0	257.0	250.0	266.0	207.0	287.0	220.0	300.0	219.0	369.0	184.0	1
70.0	200.0	66.0	216.0	96.0	197.0	158.0	161.0	140.0	176.0	172.0	213.0	169.0	237.0	158.0	254.0	183.0	185.0	202.0	154.0	197.0	196.0	208.0	167.0	230.0	175.0	271.0	180.0	253.0	251.0	262.0	206.0	284.0	221.0	299.0	221.0	370.0	188.0	1
74.0	199.0	70.0	214.0	98.0	197.0	157.0	163.0	140.0	178.0	174.0	212.0	171.0	235.0	160.0	253.0	183.0	186.0	201.0	156.0	198.0	198.0	206.0	169.0	227.0	174.0	267.0	177.0	257.0	251.0	265.0	206.0	287.0	221.0	301.0	220.0	368.0	184.0	1
79.0	202.0	74.0	216.0	101.0	199.0	160.0	163.0	144.0	178.0	174.0	213.0	172.0	235.0	165.0	252.0	184.0	185.0	201.0	158.0	199.0	196.0	206.0	171.0	225.0	176.0	263.0	178.0	255.0	249.0	262.0	205.0	286.0	220.0	299.0	220.0	367.0	187.0	1
74.0	196.0	71.0	212.0	95.0	193.0	157.0	157.0	139.0	174.0	169.0	209.0	168.0	232.0	160.0	249.0	180.0	183.0	198.0	152.0	193.0	193.0	204.0	166.0	225.0	172.0	265.0	176.0	252.0	245.0	261.0	203.0	282.0	217.0	297.0	218.0	370.0	187.0	1
76.0	202.0	72.0	218.0	97.0	200.0	157.0	162.0	142.0	178.0	175.0	213.0	171.0	237.0	165.0	252.0	182.0	185.0	200.0	156.0	199.0	197.0	204.0	169.0	225.0	175.0	263.0	177.0	256.0	248.0	261.0	205.0	286.0	221.0	300.0	220.0	368.0	188.0	1
72.0	200.0	69.0	218.0	93.0	197.0	155.0	159.0	134.0	177.0	172.0	214.0	170.0	238.0	158.0	256.0	178.0	183.0	203.0	153.0	197.0	196.0	207.0	167.0	227.0	172.0	269.0	175.0	261.0	253.0	267.0	206.0	291.0	222.0	304.0	222.0	376.0	184.0	1
77.0	202.0	73.0	217.0	96.0	199.0	160.0	163.0	144.0	178.0	173.0	213.0	170.0	237.0	161.0	252.0	180.0	185.0	200.0	158.0	197.0	197.0	205.0	171.0	228.0	177.0	268.0	178.0	259.0	250.0	264.0	206.0	287.0	220.0	300.0	219.0	367.0	187.0	1
72.0	200.0	68.0	216.0	94.0	198.0	156.0	162.0	140.0	178.0	174.0	214.0	172.0	238.0	162.0	254.0	181.0	185.0	202.0	156.0	196.0	195.0	206.0	168.0	227.0	174.0	265.0	177.0	257.0	248.0	262.0	204.0	286.0	220.0	298.0	219.0	368.0	187.0	1
73.0	201.0	69.0	215.0	94.0	199.0	156.0	162.0	138.0	179.0	173.0	212.0	171.0	237.0	163.0	255.0	178.0	185.0	200.0	156.0	199.0	198.0	205.0	169.0	227.0	175.0	270.0	177.0	260.0	252.0	269.0	207.0	290.0	221.0	303.0	220.0	371.0	183.0	1
74.0	201.0	72.0	214.0	100.0	199.0	159.0	164.0	142.0	179.0	173.0	213.0	171.0	234.0	163.0	250.0	182.0	186.0	197.0	159.0	196.0	196.0	202.0	170.0	225.0	176.0	265.0	177.0	257.0	246.0	264.0	206.0	284.0	219.0	295.0	218.0	364.0	185.0	1
71.0	200.0	68.0	216.0	92.0	198.0	157.0	161.0	141.0	176.0	173.0	214.0	172.0	239.0	163.0	255.0	182.0	185.0	201.0	156.0	200.0	197.0	205.0	167.0	226.0	173.0	268.0	176.0	259.0	250.0	265.0	206.0	287.0	220.0	300.0	219.0	368.0	185.0	1
76.0	201.0	73.0	217.0	99.0	198.0	158.0	162.0	140.0	179.0	173.0	214.0	170.0	237.0	163.0	254.0	182.0	186.0	201.0	157.0	195.0	196.0	206.0	170.0	226.0	175.0	266.0	178.0	258.0	250.0	263.0	206.0	286.0	220.0	299.0	220.0	368.0	186.0	1
71.0	200.0	68.0	216.0	90.0	197.0	156.0	158.0	138.0	175.0	172.0	212.0	172.0	237.0	165.0	256.0	180.0	182.0	202.0	152.0	197.0	195.0	205.0	165.0	227.0	172.0	271.0	177.0	258.0	250.0	266.0	206.0	289.0	221.0	301.0	221.0	368.0	185.0	1
72.0	201.0	69.0	216.0	97.0	197.0	156.0	162.0	138.0	177.0	172.0	211.0	171.0	235.0	162.0	252.0	179.0	185.0	198.0	157.0	194.0	195.0	202.0	168.0	226.0	175.0	269.0	178.0	257.0	246.0	264.0	205.0	285.0	218.0	299.0	218.0	369.0	186.0	1
73.0	201.0	68.0	217.0	95.0	198.0	160.0	161.0	143.0	176.0	172.0	212.0	172.0	238.0	163.0	255.0	182.0	184.0	202.0	155.0	197.0	196.0	207.0	168.0	227.0	174.0	266.0	177.0	254.0	250.0	266.0	206.0	288.0	221.0	301.0	221.0	370.0	187.0	1
75.0	201.0	72.0	218.0	94.0	199.0	157.0	163.0	142.0	177.0	173.0	213.0	171.0	236.0	162.0	253.0	179.0	184.0	201.0	156.0	199.0	197.0	204.0	169.0	225.0	175.0	266.0	177.0	257.0	248.0	264.0	206.0	286.0	221.0	298.0	220.0	367.0	186.0	1
67.0	200.0	64.0	217.0	92.0	197.0	156.0	161.0	142.0	174.0	174.0	214.0	170.0	237.0	159.0	256.0	183.0	184.0	202.0	155.0	198.0	196.0	207.0	168.0	227.0	173.0	272.0	176.0	259.0	253.0	268.0	208.0	292.0	222.0	304.0	222.0	374.0	183.0	1
77.0	202.0	74.0	216.0	99.0	198.0	157.0	163.0	142.0	178.0	172.0	212.0	170.0	235.0	163.0	251.0	179.0	184.0	201.0	158.0	196.0	196.0	204.0	170.0	225.0	175.0	270.0	178.0	257.0	247.0	265.0	207.0	284.0	220.0	298.0	219.0	366.0	186.0	1
75.0	200.0	73.0	217.0	99.0	197.0	157.0	161.0	141.0	177.0	174.0	213.0	172.0	237.0	161.0	254.0	184.0	185.0	201.0	155.0	197.0	196.0	207.0	168.0	231.0	174.0	271.0	179.0	253.0	250.0	261.0	205.0	284.0	220.0	298.0	221.0	368.0	188.0	1
77.0	201.0	74.0	215.0	97.0	199.0	157.0	163.0	142.0	180.0	175.0	214.0	173.0	236.0	164.0	252.0	177.0	184.0	199.0	157.0	198.0	197.0	203.0	171.0	223.0	175.0	266.0	177.0	258.0	249.0	263.0	207.0	288.0	221.0	300.0	221.0	363.0	184.0	1
75.0	202.0	70.0	216.0	96.0	199.0	156.0	163.0	140.0	178.0	174.0	213.0	171.0	236.0	163.0	253.0	180.0	184.0	202.0	156.0	200.0	197.0	205.0	167.0	226.0	173.0	265.0	177.0	257.0	248.0	263.0	206.0	286.0	220.0	299.0	220.0	370.0	186.0	1
71.0	201.0	67.0	216.0	92.0	199.0	156.0	162.0	138.0	179.0	173.0	214.0	169.0	238.0	159.0	253.0	177.0	185.0	199.0	157.0	197.0	197.0	204.0	170.0	227.0	175.0	270.0	178.0	258.0	250.0	265.0	207.0	289.0	221.0	302.0	221.0	373.0	185.0	1
76.0	202.0	72.0	216.0	94.0	200.0	157.0	162.0	139.0	178.0	170.0	212.0	169.0	236.0	161.0	253.0	180.0	185.0	201.0	156.0	195.0	195.0	206.0	169.0	226.0	175.0	271.0	178.0	254.0	250.0	264.0	205.0	287.0	221.0	300.0	221.0	366.0	185.0	1
70.0	199.0	63.0	215.0	92.0	198.0	155.0	162.0	137.0	178.0	171.0	213.0	168.0	236.0	159.0	255.0	177.0	183.0	201.0	155.0	198.0	197.0	206.0	168.0	228.0	175.0	269.0	179.0	257.0	250.0	262.0	204.0	288.0	220.0	300.0	220.0	369.0	185.0	1
74.0	201.0	69.0	217.0	96.0	198.0	158.0	161.0	140.0	177.0	173.0	213.0	170.0	237.0	160.0	253.0	179.0	184.0	200.0	156.0	197.0	195.0	204.0	167.0	228.0	174.0	266.0	177.0	256.0	250.0	265.0	206.0	286.0	221.0	298.0	220.0	368.0	186.0	1
70.0	201.0	65.0	217.0	92.0	198.0	155.0	162.0	138.0	177.0	173.0	214.0	170.0	237.0	162.0	257.0	184.0	185.0	199.0	156.0	196.0	195.0	203.0	169.0	223.0	173.0	265.0	177.0	260.0	252.0	264.0	206.0	289.0	221.0	302.0	220.0	369.0	183.0	1
75.0	201.0	73.0	216.0	99.0	198.0	157.0	163.0	140.0	178.0	173.0	213.0	170.0	235.0	161.0	252.0	177.0	185.0	198.0	158.0	196.0	196.0	203.0	169.0	224.0	175.0	270.0	177.0	255.0	248.0	265.0	208.0	284.0	220.0	298.0	219.0	367.0	185.0	1
70.0	201.0	65.0	218.0	91.0	198.0	154.0	159.0	136.0	176.0	173.0	215.0	170.0	240.0	160.0	258.0	182.0	183.0	199.0	153.0	199.0	196.0	204.0	165.0	231.0	172.0	271.0	175.0	259.0	253.0	270.0	207.0	292.0	221.0	306.0	222.0	377.0	184.0	1
77.0	200.0	73.0	216.0	96.0	197.0	159.0	163.0	140.0	178.0	172.0	212.0	169.0	235.0	159.0	250.0	180.0	185.0	201.0	158.0	198.0	198.0	205.0	170.0	225.0	175.0	265.0	178.0	254.0	250.0	265.0	208.0	283.0	220.0	296.0	220.0	365.0	187.0	1
76.0	201.0	71.0	216.0	95.0	199.0	157.0	163.0	142.0	178.0	174.0	213.0	170.0	238.0	162.0	254.0	182.0	186.0	201.0	157.0	197.0	197.0	205.0	171.0	228.0	176.0	271.0	178.0	258.0	250.0	266.0	207.0	287.0	221.0	300.0	220.0	366.0	185.0	1
75.0	201.0	71.0	215.0	96.0	199.0	155.0	164.0	141.0	178.0	175.0	214.0	172.0	237.0	164.0	254.0	183.0	185.0	199.0	158.0	200.0	197.0	203.0	170.0	226.0	175.0	267.0	179.0	258.0	251.0	265.0	206.0	287.0	220.0	299.0	220.0	363.0	185.0	1
72.0	200.0	69.0	216.0	96.0	197.0	157.0	161.0	140.0	177.0	171.0	212.0	170.0	237.0	161.0	255.0	182.0	184.0	202.0	155.0	198.0	196.0	206.0	168.0	226.0	174.0	270.0	177.0	254.0	251.0	265.0	206.0	288.0	221.0	300.0	221.0	370.0	186.0	1
78.0	201.0	74.0	216.0	101.0	198.0	156.0	164.0	140.0	179.0	175.0	213.0	173.0	236.0	165.0	253.0	181.0	185.0	201.0	157.0	198.0	196.0	205.0	169.0	225.0	174.0	263.0	177.0	257.0	249.0	264.0	206.0	284.0	219.0	298.0	219.0	361.0	184.0	1
74.0	203.0	70.0	217.0	95.0	200.0	156.0	164.0	138.0	180.0	175.0	212.0	172.0	236.0	165.0	253.0	180.0	185.0	200.0	157.0	198.0	196.0	203.0	169.0	223.0	174.0	265.0	177.0	256.0	249.0	264.0	205.0	286.0	220.0	300.0	220.0	368.0	187.0	1
72.0	199.0	69.0	215.0	96.0	198.0	157.0	163.0	140.0	179.0	173.0	214.0	170.0	237.0	161.0	253.0	179.0	185.0	201.0	156.0	197.0	197.0	206.0	169.0	225.0	174.0	269.0	178.0	256.0	250.0	264.0	207.0	285.0	221.0	298.0	220.0	367.0	185.0	1
79.0	201.0	73.0	216.0	99.0	199.0	157.0	163.0	139.0	179.0	175.0	214.0	171.0	236.0	163.0	253.0	181.0	185.0	201.0	157.0	198.0	197.0	205.0	169.0	224.0	174.0	263.0	176.0	259.0	250.0	264.0	208.0	287.0	221.0	299.0	220.0	364.0	182.0	1
73.0	200.0	68.0	217.0	97.0	198.0	156.0	161.0	141.0	176.0	174.0	214.0	172.0	237.0	163.0	255.0	180.0	184.0	198.0	155.0	195.0	195.0	204.0	168.0	228.0	174.0	271.0	177.0	255.0	250.0	266.0	207.0	286.0	219.0	300.0	219.0	370.0	186.0	1
73.0	200.0	69.0	215.0	99.0	197.0	154.0	161.0	139.0	177.0	173.0	211.0	170.0	234.0	162.0	251.0	181.0	185.0	198.0	156.0	198.0	196.0	202.0	168.0	226.0	174.0	268.0	177.0	256.0	248.0	264.0	204.0	287.0	218.0	301.0	218.0	369.0	183.0	1
73.0	199.0	68.0	213.0	96.0	197.0	158.0	162.0	141.0	178.0	175.0	213.0	171.0	237.0	160.0	253.0	182.0	185.0	200.0	155.0	201.0	197.0	204.0	168.0	226.0	174.0	269.0	176.0	259.0	250.0	266.0	206.0	289.0	221.0	301.0	220.0	370.0	184.0	1
72.0	201.0	69.0	216.0	97.0	198.0	157.0	161.0	137.0	177.0	173.0	212.0	171.0	236.0	163.0	253.0	180.0	184.0	200.0	153.0	197.0	195.0	205.0	167.0	226.0	173.0	271.0	177.0	258.0	249.0	268.0	206.0	289.0	219.0	301.0	218.0	375.0	183.0	1
79.0	201.0	73.0	215.0	97.0	198.0	159.0	163.0	141.0	179.0	176.0	214.0	173.0	238.0	165.0	254.0	179.0	184.0	202.0	157.0	199.0	196.0	206.0	169.0	225.0	174.0	263.0	177.0	256.0	248.0	264.0	208.0	282.0	220.0	296.0	220.0	362.0	186.0	1
74.0	200.0	69.0	216.0	98.0	198.0	157.0	162.0	140.0	178.0	173.0	213.0	171.0	236.0	162.0	252.0	181.0	184.0	202.0	156.0	198.0	197.0	206.0	168.0	229.0	175.0	266.0	178.0	256.0	250.0	264.0	206.0	286.0	221.0	297.0	220.0	366.0	185.0	1
74.0	202.0	71.0	217.0	94.0	198.0	156.0	162.0	139.0	179.0	173.0	214.0	171.0	237.0	164.0	255.0	179.0	184.0	201.0	156.0	194.0	196.0	205.0	168.0	225.0	174.0	272.0	177.0	260.0	249.0	268.0	207.0	289.0	220.0	302.0	220.0	369.0	187.0	1
76.0	202.0	71.0	216.0	97.0	199.0	157.0	163.0	141.0	179.0	174.0	212.0	171.0	237.0	162.0	253.0	181.0	186.0	201.0	158.0	196.0	197.0	205.0	171.0	227.0	176.0	269.0	179.0	257.0	249.0	263.0	206.0	284.0	219.0	298.0	220.0	368.0	187.0	1
74.0	201.0	71.0	217.0	98.0	198.0	156.0	162.0	139.0	178.0	173.0	213.0	171.0	236.0	162.0	254.0	179.0	184.0	199.0	156.0	199.0	196.0	204.0	169.0	224.0	174.0	270.0	177.0	259.0	250.0	263.0	204.0	289.0	220.0	301.0	220.0	370.0	184.0	1
76.0	201.0	72.0	217.0	98.0	198.0	158.0	160.0	142.0	177.0	174.0	212.0	171.0	235.0	162.0	252.0	183.0	183.0	202.0	153.0	200.0	195.0	208.0	167.0	228.0	173.0	265.0	176.0	255.0	248.0	263.0	205.0	284.0	219.0	297.0	220.0	363.0	188.0	1
72.0	200.0	69.0	216.0	93.0	198.0	158.0	161.0	140.0	178.0	172.0	213.0	170.0	239.0	162.0	256.0	178.0	184.0	201.0	156.0	197.0	195.0	206.0	168.0	227.0	175.0	268.0	178.0	258.0	250.0	266.0	207.0	287.0	221.0	300.0	221.0	370.0	187.0	1
73.0	201.0	70.0	215.0	95.0	198.0	157.0	163.0	139.0	180.0	172.0	215.0	171.0	237.0	163.0	253.0	180.0	186.0	199.0	158.0	196.0	198.0	203.0	169.0	225.0	176.0	267.0	178.0	256.0	248.0	263.0	205.0	287.0	220.0	298.0	219.0	368.0	185.0	1
71.0	200.0	64.0	216.0	93.0	198.0	155.0	160.0	139.0	176.0	173.0	214.0	171.0	238.0	159.0	257.0	179.0	184.0	199.0	154.0	199.0	196.0	205.0	167.0	225.0	172.0	264.0	175.0	257.0	254.0	265.0	207.0	290.0	222.0	304.0	221.0	369.0	183.0	1
73.0	201.0	70.0	216.0	95.0	198.0	155.0	162.0	140.0	177.0	172.0	214.0	170.0	237.0	161.0	254.0	177.0	184.0	199.0	157.0	196.0	197.0	203.0	169.0	225.0	174.0	267.0	176.0	256.0	250.0	268.0	209.0	287.0	221.0	300.0	220.0	370.0	184.0	1
72.0	197.0	68.0	214.0	91.0	195.0	155.0	160.0	137.0	175.0	172.0	212.0	167.0	235.0	161.0	253.0	180.0	184.0	203.0	154.0	198.0	196.0	207.0	167.0	228.0	174.0	270.0	176.0	259.0	250.0	262.0	203.0	287.0	219.0	299.0	219.0	370.0	183.0	1
72.0	200.0	69.0	217.0	94.0	198.0	157.0	161.0	139.0	177.0	173.0	214.0	171.0	238.0	161.0	256.0	181.0	185.0	202.0	155.0	199.0	197.0	206.0	168.0	227.0	174.0	269.0	177.0	257.0	252.0	263.0	206.0	288.0	221.0	301.0	221.0	369.0	184.0	1
71.0	201.0	67.0	218.0	95.0	198.0	154.0	161.0	138.0	177.0	173.0	213.0	171.0	237.0	160.0	255.0	179.0	183.0	200.0	154.0	196.0	195.0	205.0	167.0	227.0	173.0	271.0	177.0	259.0	251.0	266.0	207.0	289.0	221.0	302.0	221.0	372.0	187.0	1
74.0	201.0	69.0	217.0	99.0	198.0	156.0	162.0	140.0	177.0	172.0	212.0	169.0	236.0	160.0	254.0	178.0	184.0	200.0	155.0	193.0	195.0	204.0	168.0	228.0	174.0	269.0	177.0	257.0	251.0	263.0	206.0	288.0	221.0	300.0	220.0	369.0	186.0	1
68.0	200.0	64.0	215.0	91.0	198.0	155.0	160.0	136.0	177.0	172.0	214.0	169.0	238.0	158.0	255.0	180.0	184.0	201.0	153.0	197.0	196.0	208.0	167.0	228.0	173.0	271.0	176.0	256.0	253.0	264.0	206.0	290.0	222.0	304.0	222.0	376.0	185.0	1
74.0	200.0	68.0	212.0	97.0	198.0	158.0	164.0	143.0	178.0	172.0	213.0	168.0	235.0	157.0	251.0	180.0	186.0	201.0	159.0	194.0	197.0	205.0	170.0	225.0	175.0	264.0	178.0	252.0	250.0	263.0	206.0	285.0	220.0	298.0	220.0	366.0	184.0	1
71.0	200.0	65.0	216.0	93.0	198.0	156.0	159.0	138.0	176.0	174.0	213.0	173.0	238.0	161.0	255.0	183.0	185.0	199.0	153.0	198.0	196.0	205.0	166.0	230.0	173.0	275.0	179.0	254.0	253.0	263.0	206.0	287.0	222.0	301.0	222.0	372.0	184.0	1
76.0	200.0	73.0	218.0	98.0	197.0	160.0	161.0	144.0	175.0	173.0	214.0	168.0	236.0	158.0	255.0	181.0	183.0	203.0	155.0	199.0	196.0	207.0	169.0	226.0	175.0	270.0	179.0	254.0	252.0	260.0	206.0	284.0	223.0	297.0	222.0	364.0	187.0	1
73.0	197.0	71.0	214.0	95.0	195.0	155.0	159.0	137.0	175.0	174.0	210.0	170.0	234.0	161.0	252.0	178.0	181.0	202.0	154.0	198.0	194.0	205.0	165.0	223.0	170.0	268.0	174.0	257.0	248.0	265.0	205.0	287.0	219.0	300.0	219.0	369.0	184.0	1
74.0	201.0	68.0	216.0	95.0	198.0	156.0	162.0	139.0	179.0	176.0	214.0	173.0	238.0	163.0	255.0	184.0	186.0	200.0	156.0	197.0	195.0	205.0	168.0	227.0	174.0	265.0	177.0	257.0	252.0	266.0	207.0	287.0	221.0	301.0	221.0	368.0	185.0	1
70.0	199.0	65.0	215.0	90.0	198.0	155.0	163.0	139.0	177.0	172.0	213.0	171.0	237.0	160.0	255.0	180.0	185.0	201.0	156.0	197.0	196.0	208.0	169.0	229.0	175.0	274.0	179.0	255.0	251.0	264.0	205.0	290.0	221.0	301.0	220.0	371.0	186.0	1
75.0	200.0	71.0	216.0	95.0	198.0	157.0	162.0	140.0	178.0	174.0	214.0	170.0	238.0	163.0	255.0	179.0	184.0	201.0	157.0	198.0	196.0	205.0	168.0	227.0	174.0	268.0	177.0	258.0	250.0	264.0	206.0	287.0	220.0	298.0	220.0	366.0	188.0	1
70.0	202.0	67.0	215.0	95.0	198.0	156.0	161.0	138.0	177.0	173.0	213.0	170.0	238.0	161.0	256.0	183.0	185.0	199.0	154.0	197.0	195.0	206.0	167.0	229.0	174.0	269.0	178.0	255.0	251.0	263.0	205.0	286.0	221.0	298.0	221.0	368.0	187.0	1
76.0	200.0	72.0	215.0	97.0	198.0	158.0	163.0	139.0	180.0	173.0	214.0	171.0	237.0	164.0	253.0	180.0	186.0	200.0	158.0	194.0	196.0	204.0	170.0	225.0	176.0	264.0	178.0	257.0	249.0	261.0	206.0	283.0	220.0	296.0	220.0	367.0	184.0	1
74.0	200.0	70.0	216.0	94.0	197.0	157.0	161.0	138.0	178.0	175.0	214.0	170.0	237.0	161.0	254.0	180.0	184.0	201.0	154.0	199.0	196.0	205.0	167.0	225.0	172.0	266.0	175.0	255.0	251.0	267.0	208.0	287.0	220.0	300.0	220.0	372.0	185.0	1
75.0	202.0	72.0	217.0	96.0	199.0	156.0	163.0	140.0	179.0	175.0	214.0	173.0	238.0	164.0	254.0	183.0	186.0	200.0	159.0	197.0	197.0	204.0	171.0	224.0	176.0	264.0	178.0	258.0	249.0	266.0	207.0	286.0	220.0	300.0	219.0	366.0	183.0	1
71.0	202.0	67.0	218.0	94.0	198.0	154.0	161.0	138.0	177.0	173.0	213.0	169.0	237.0	160.0	255.0	181.0	184.0	197.0	154.0	196.0	196.0	202.0	167.0	225.0	173.0	271.0	177.0	259.0	250.0	269.0	207.0	290.0	221.0	304.0	220.0	375.0	184.0	1
73.0	201.0	70.0	215.0	97.0	198.0	158.0	164.0	141.0	178.0	173.0	212.0	171.0	235.0	164.0	251.0	180.0	185.0	199.0	159.0	197.0	195.0	203.0	169.0	225.0	175.0	266.0	177.0	258.0	246.0	266.0	205.0	288.0	219.0	299.0	218.0	368.0	186.0	1
75.0	202.0	71.0	216.0	94.0	199.0	158.0	163.0	141.0	178.0	171.0	213.0	169.0	235.0	162.0	253.0	181.0	185.0	200.0	158.0	196.0	197.0	204.0	170.0	225.0	175.0	264.0	178.0	257.0	248.0	261.0	206.0	284.0	219.0	296.0	219.0	362.0	188.0	1
73.0	199.0	69.0	215.0	95.0	196.0	156.0	160.0	139.0	175.0	173.0	211.0	170.0	234.0	162.0	251.0	179.0	182.0	203.0	154.0	199.0	196.0	207.0	166.0	225.0	172.0	262.0	174.0	260.0	249.0	263.0	203.0	287.0	218.0	300.0	219.0	369.0	185.0	1
63.0	201.0	57.0	217.0	88.0	198.0	154.0	158.0	137.0	174.0	170.0	213.0	168.0	238.0	158.0	257.0	182.0	183.0	202.0	151.0	196.0	194.0	208.0	165.0	231.0	172.0	275.0	176.0	262.0	253.0	269.0	206.0	293.0	222.0	310.0	223.0	383.0	188.0	1
75.0	200.0	70.0	215.0	95.0	197.0	156.0	162.0	139.0	178.0	172.0	212.0	169.0	236.0	159.0	254.0	179.0	186.0	202.0	157.0	194.0	196.0	206.0	169.0	227.0	175.0	275.0	178.0	255.0	251.0	264.0	206.0	288.0	221.0	300.0	220.0	370.0	184.0	1
77.0	201.0	73.0	217.0	99.0	197.0	158.0	161.0	139.0	178.0	172.0	213.0	169.0	235.0	161.0	251.0	182.0	185.0	202.0	156.0	195.0	195.0	207.0	168.0	229.0	175.0	268.0	178.0	255.0	247.0	264.0	206.0	283.0	219.0	296.0	219.0	366.0	188.0	1
74.0	200.0	68.0	216.0	97.0	198.0	157.0	163.0	142.0	177.0	173.0	213.0	170.0	235.0	161.0	252.0	182.0	185.0	202.0	156.0	195.0	196.0	207.0	168.0	228.0	174.0	266.0	177.0	256.0	250.0	265.0	206.0	286.0	220.0	298.0	220.0	372.0	188.0	1
75.0	200.0	72.0	216.0	94.0	198.0	157.0	161.0	138.0	178.0	174.0	214.0	171.0	237.0	162.0	253.0	183.0	186.0	199.0	156.0	195.0	196.0	204.0	169.0	226.0	174.0	270.0	177.0	259.0	251.0	262.0	205.0	286.0	221.0	300.0	220.0	369.0	184.0	1
69.0	199.0	64.0	214.0	91.0	197.0	156.0	160.0	137.0	177.0	173.0	212.0	170.0	236.0	162.0	254.0	177.0	183.0	201.0	153.0	196.0	195.0	204.0	166.0	227.0	173.0	267.0	176.0	259.0	248.0	268.0	206.0	289.0	219.0	301.0	219.0	374.0	184.0	1
75.0	199.0	70.0	215.0	96.0	196.0	157.0	162.0	140.0	178.0	174.0	213.0	172.0	238.0	162.0	254.0	182.0	185.0	201.0	156.0	200.0	198.0	206.0	169.0	227.0	175.0	268.0	178.0	258.0	251.0	262.0	206.0	286.0	219.0	299.0	219.0	367.0	184.0	1
76.0	201.0	72.0	216.0	97.0	199.0	157.0	162.0	139.0	180.0	175.0	213.0	172.0	237.0	164.0	253.0	180.0	185.0	197.0	157.0	199.0	198.0	203.0	170.0	224.0	175.0	266.0	177.0	256.0	251.0	265.0	207.0	287.0	220.0	299.0	220.0	363.0	184.0	1
75.0	200.0	70.0	215.0	98.0	198.0	159.0	162.0	143.0	178.0	174.0	213.0	170.0	236.0	158.0	252.0	178.0	184.0	201.0	156.0	196.0	196.0	205.0	167.0	225.0	174.0	270.0	177.0	254.0	251.0	263.0	206.0	285.0	221.0	300.0	221.0	366.0	186.0	1
69.0	200.0	63.0	215.0	94.0	198.0	155.0	162.0	139.0	178.0	173.0	214.0	171.0	238.0	162.0	256.0	181.0	184.0	203.0	154.0	196.0	196.0	207.0	167.0	229.0	173.0	269.0	177.0	261.0	252.0	266.0	207.0	288.0	221.0	302.0	221.0	374.0	183.0	1
66.0	200.0	61.0	216.0	88.0	198.0	155.0	160.0	138.0	177.0	173.0	214.0	169.0	239.0	162.0	258.0	178.0	183.0	201.0	155.0	200.0	197.0	206.0	168.0	229.0	174.0	270.0	177.0	258.0	252.0	266.0	206.0	293.0	223.0	306.0	222.0	377.0	186.0	1
70.0	199.0	66.0	214.0	99.0	196.0	159.0	161.0	142.0	177.0	173.0	213.0	169.0	237.0	160.0	253.0	181.0	185.0	201.0	154.0	198.0	197.0	206.0	168.0	226.0	174.0	269.0	177.0	256.0	249.0	267.0	207.0	286.0	219.0	300.0	220.0	373.0	184.0	1
74.0	201.0	71.0	217.0	96.0	198.0	156.0	163.0	139.0	178.0	172.0	214.0	169.0	237.0	161.0	254.0	183.0	186.0	200.0	156.0	195.0	195.0	206.0	169.0	226.0	174.0	274.0	178.0	259.0	251.0	267.0	206.0	290.0	220.0	303.0	220.0	370.0	185.0	1
76.0	201.0	71.0	216.0	97.0	199.0	156.0	163.0	138.0	179.0	174.0	214.0	171.0	236.0	164.0	252.0	180.0	185.0	199.0	156.0	198.0	197.0	204.0	169.0	225.0	175.0	266.0	177.0	259.0	248.0	262.0	204.0	287.0	220.0	300.0	219.0	367.0	186.0	1
78.0	201.0	74.0	217.0	100.0	198.0	156.0	163.0	141.0	178.0	175.0	214.0	172.0	236.0	165.0	252.0	181.0	185.0	198.0	157.0	198.0	196.0	202.0	169.0	224.0	174.0	268.0	177.0	257.0	250.0	264.0	206.0	286.0	220.0	300.0	220.0	364.0	184.0	1
74.0	202.0	70.0	217.0	99.0	198.0	158.0	164.0	144.0	178.0	174.0	212.0	172.0	236.0	165.0	251.0	180.0	185.0	200.0	157.0	199.0	197.0	204.0	168.0	226.0	174.0	269.0	178.0	253.0	249.0	263.0	207.0	284.0	221.0	299.0	222.0	365.0	187.0	1
67.0	201.0	62.0	217.0	90.0	197.0	157.0	161.0	140.0	176.0	170.0	214.0	167.0	238.0	158.0	256.0	178.0	184.0	201.0	155.0	196.0	196.0	207.0	168.0	224.0	173.0	271.0	178.0	258.0	252.0	267.0	208.0	289.0	221.0	303.0	221.0	373.0	185.0	1
78.0	201.0	75.0	217.0	101.0	198.0	160.0	163.0	143.0	178.0	173.0	212.0	171.0	234.0	160.0	249.0	183.0	185.0	202.0	158.0	198.0	197.0	206.0	169.0	226.0	175.0	263.0	178.0	255.0	247.0	261.0	205.0	284.0	220.0	298.0	219.0	363.0	188.0	1
71.0	201.0	66.0	215.0	93.0	198.0	156.0	161.0	139.0	177.0	172.0	214.0	170.0	238.0	160.0	255.0	179.0	184.0	203.0	155.0	198.0	196.0	208.0	168.0	229.0	174.0	273.0	178.0	255.0	252.0	264.0	206.0	289.0	222.0	301.0	222.0	371.0	184.0	1
75.0	201.0	72.0	216.0	98.0	198.0	157.0	162.0	139.0	177.0	174.0	212.0	173.0	236.0	165.0	253.0	180.0	184.0	201.0	155.0	200.0	197.0	206.0	168.0	228.0	175.0	269.0	176.0	262.0	249.0	266.0	203.0	292.0	219.0	302.0	219.0	373.0	182.0	1
76.0	202.0	71.0	215.0	99.0	199.0	157.0	163.0	141.0	179.0	174.0	214.0	173.0	237.0	166.0	251.0	184.0	186.0	201.0	158.0	197.0	196.0	206.0	170.0	227.0	176.0	270.0	179.0	256.0	248.0	264.0	205.0	285.0	219.0	299.0	219.0	367.0	187.0	1
79.0	201.0	74.0	216.0	99.0	198.0	158.0	164.0	141.0	179.0	172.0	213.0	170.0	236.0	161.0	253.0	179.0	186.0	199.0	158.0	196.0	197.0	203.0	170.0	222.0	175.0	262.0	178.0	255.0	248.0	261.0	207.0	285.0	220.0	296.0	220.0	360.0	187.0	1
70.0	201.0	65.0	217.0	93.0	198.0	154.0	161.0	140.0	176.0	175.0	213.0	172.0	239.0	162.0	257.0	181.0	183.0	200.0	155.0	201.0	197.0	205.0	167.0	227.0	174.0	276.0	178.0	258.0	250.0	266.0	206.0	289.0	220.0	300.0	220.0	373.0	187.0	1
74.0	201.0	70.0	217.0	98.0	198.0	156.0	162.0	139.0	178.0	174.0	213.0	171.0	236.0	163.0	254.0	181.0	184.0	200.0	156.0	200.0	197.0	203.0	168.0	225.0	175.0	262.0	177.0	256.0	251.0	262.0	204.0	286.0	221.0	300.0	221.0	369.0	187.0	1
71.0	200.0	67.0	216.0	93.0	197.0	153.0	162.0	138.0	177.0	174.0	213.0	171.0	237.0	161.0	254.0	179.0	184.0	202.0	154.0	197.0	196.0	205.0	167.0	227.0	173.0	268.0	176.0	256.0	251.0	266.0	206.0	288.0	219.0	302.0	220.0	373.0	185.0	1
77.0	200.0	71.0	216.0	97.0	197.0	157.0	162.0	142.0	178.0	175.0	214.0	172.0	236.0	164.0	252.0	180.0	184.0	198.0	156.0	197.0	196.0	202.0	169.0	222.0	174.0	265.0	177.0	256.0	249.0	261.0	204.0	286.0	219.0	300.0	219.0	365.0	185.0	1
77.0	200.0	72.0	216.0	99.0	198.0	158.0	162.0	140.0	179.0	174.0	214.0	170.0	237.0	161.0	254.0	181.0	185.0	201.0	156.0	200.0	198.0	205.0	168.0	227.0	174.0	267.0	177.0	256.0	251.0	264.0	207.0	285.0	221.0	298.0	221.0	364.0	186.0	1
68.0	200.0	66.0	217.0	95.0	196.0	155.0	160.0	138.0	175.0	172.0	212.0	169.0	236.0	160.0	254.0	182.0	184.0	201.0	153.0	196.0	195.0	204.0	166.0	227.0	173.0	277.0	176.0	260.0	250.0	269.0	206.0	292.0	220.0	306.0	219.0	373.0	182.0	1
74.0	201.0	70.0	215.0	97.0	199.0	156.0	164.0	140.0	180.0	170.0	212.0	168.0	234.0	160.0	251.0	177.0	185.0	200.0	157.0	194.0	196.0	205.0	169.0	224.0	174.0	271.0	177.0	257.0	249.0	264.0	206.0	290.0	221.0	303.0	220.0	370.0	184.0	1
77.0	201.0	72.0	216.0	100.0	198.0	159.0	162.0	143.0	175.0	173.0	213.0	170.0	236.0	161.0	254.0	182.0	183.0	202.0	156.0	198.0	195.0	207.0	168.0	229.0	175.0	269.0	179.0	255.0	253.0	263.0	207.0	285.0	222.0	298.0	222.0	366.0	184.0	1
75.0	200.0	71.0	216.0	98.0	198.0	157.0	162.0	139.0	179.0	172.0	213.0	170.0	237.0	161.0	254.0	179.0	185.0	200.0	155.0	197.0	198.0	207.0	169.0	226.0	175.0	263.0	178.0	254.0	251.0	262.0	206.0	285.0	221.0	298.0	221.0	366.0	185.0	1
77.0	201.0	73.0	216.0	100.0	198.0	156.0	164.0	140.0	179.0	177.0	212.0	173.0	235.0	163.0	251.0	180.0	185.0	199.0	157.0	199.0	197.0	203.0	169.0	228.0	175.0	264.0	177.0	254.0	249.0	264.0	205.0	284.0	219.0	297.0	219.0	364.0	187.0	1
75.0	202.0	70.0	216.0	100.0	200.0	158.0	164.0	142.0	179.0	175.0	213.0	173.0	236.0	165.0	252.0	180.0	185.0	199.0	159.0	197.0	197.0	204.0	171.0	223.0	176.0	265.0	179.0	257.0	246.0	261.0	205.0	285.0	219.0	296.0	218.0	366.0	188.0	1
79.0	201.0	75.0	213.0	102.0	199.0	157.0	163.0	140.0	179.0	173.0	212.0	172.0	235.0	163.0	251.0	181.0	186.0	201.0	157.0	193.0	195.0	207.0	169.0	227.0	175.0	261.0	178.0	251.0	246.0	261.0	205.0	282.0	218.0	296.0	218.0	364.0	186.0	1
73.0	200.0	69.0	217.0	96.0	198.0	160.0	161.0	142.0	177.0	173.0	214.0	170.0	238.0	159.0	255.0	181.0	184.0	203.0	154.0	197.0	195.0	207.0	167.0	226.0	173.0	267.0	177.0	256.0	251.0	260.0	205.0	287.0	223.0	300.0	223.0	369.0	188.0	1
74.0	201.0	70.0	215.0	94.0	198.0	155.0	161.0	140.0	176.0	173.0	213.0	169.0	237.0	158.0	254.0	179.0	183.0	201.0	155.0	201.0	197.0	206.0	168.0	229.0	175.0	270.0	178.0	258.0	251.0	264.0	206.0	286.0	221.0	299.0	221.0	369.0	183.0	1
74.0	200.0	71.0	215.0	99.0	197.0	159.0	163.0	142.0	179.0	172.0	214.0	169.0	237.0	161.0	254.0	183.0	187.0	202.0	157.0	196.0	196.0	205.0	170.0	226.0	176.0	264.0	178.0	256.0	250.0	264.0	207.0	285.0	220.0	297.0	220.0	363.0	185.0	1
73.0	201.0	70.0	215.0	93.0	198.0	156.0	164.0	141.0	178.0	173.0	212.0	171.0	236.0	163.0	252.0	182.0	185.0	201.0	158.0	196.0	196.0	205.0	169.0	226.0	174.0	268.0	177.0	258.0	249.0	266.0	206.0	289.0	220.0	300.0	219.0	368.0	185.0	1
70.0	201.0	67.0	216.0	95.0	199.0	155.0	162.0	137.0	178.0	174.0	213.0	170.0	236.0	162.0	254.0	182.0	184.0	199.0	156.0	198.0	197.0	203.0	168.0	225.0	175.0	268.0	177.0	262.0	248.0	268.0	205.0	289.0	220.0	302.0	219.0	377.0	187.0	1
74.0	202.0	70.0	217.0	96.0	199.0	154.0	163.0	137.0	180.0	174.0	215.0	173.0	239.0	165.0	255.0	178.0	185.0	199.0	157.0	197.0	197.0	204.0	170.0	224.0	175.0	270.0	178.0	257.0	249.0	267.0	208.0	286.0	220.0	299.0	219.0	369.0	184.0	1
69.0	201.0	63.0	217.0	91.0	198.0	151.0	161.0	134.0	177.0	174.0	213.0	171.0	238.0	161.0	254.0	180.0	184.0	197.0	154.0	195.0	195.0	203.0	167.0	226.0	173.0	270.0	176.0	261.0	253.0	271.0	207.0	292.0	220.0	305.0	220.0	373.0	184.0	1
75.0	198.0	71.0	212.0	98.0	196.0	157.0	162.0	139.0	177.0	173.0	211.0	169.0	232.0	160.0	248.0	179.0	185.0	199.0	158.0	195.0	197.0	203.0	170.0	225.0	176.0	266.0	178.0	255.0	247.0	266.0	208.0	282.0	217.0	294.0	217.0	360.0	183.0	1
77.0	202.0	73.0	217.0	94.0	199.0	155.0	162.0	137.0	178.0	173.0	213.0	171.0	236.0	163.0	255.0	178.0	183.0	198.0	155.0	197.0	196.0	204.0	169.0	221.0	174.0	265.0	177.0	258.0	250.0	263.0	206.0	287.0	220.0	300.0	219.0	368.0	186.0	1
72.0	201.0	68.0	217.0	93.0	198.0	155.0	162.0	140.0	176.0	173.0	212.0	172.0	237.0	162.0	255.0	179.0	183.0	199.0	155.0	195.0	195.0	204.0	168.0	226.0	174.0	269.0	178.0	257.0	251.0	267.0	205.0	290.0	220.0	301.0	220.0	373.0	185.0	1
77.0	201.0	74.0	213.0	98.0	199.0	156.0	164.0	139.0	180.0	173.0	211.0	171.0	234.0	163.0	251.0	180.0	187.0	199.0	159.0	197.0	197.0	203.0	170.0	223.0	175.0	263.0	177.0	256.0	246.0	263.0	206.0	282.0	218.0	294.0	218.0	363.0	184.0	1
67.0	200.0	63.0	217.0	92.0	198.0	156.0	159.0	139.0	177.0	172.0	214.0	170.0	239.0	162.0	256.0	181.0	185.0	201.0	154.0	195.0	196.0	206.0	167.0	230.0	174.0	265.0	177.0	261.0	252.0	268.0	208.0	290.0	221.0	302.0	221.0	369.0	182.0	1
78.0	201.0	75.0	217.0	99.0	198.0	158.0	163.0	141.0	179.0	175.0	213.0	170.0	235.0	162.0	250.0	184.0	185.0	201.0	158.0	200.0	198.0	205.0	169.0	226.0	175.0	264.0	177.0	257.0	248.0	263.0	206.0	285.0	220.0	299.0	220.0	367.0	186.0	1
71.0	201.0	67.0	218.0	90.0	198.0	155.0	161.0	137.0	178.0	172.0	213.0	171.0	238.0	162.0	256.0	177.0	184.0	199.0	154.0	197.0	196.0	204.0	167.0	227.0	172.0	274.0	176.0	258.0	252.0	270.0	208.0	291.0	221.0	304.0	220.0	378.0	185.0	1
67.0	200.0	64.0	216.0	93.0	198.0	154.0	160.0	136.0	177.0	170.0	214.0	167.0	238.0	156.0	255.0	179.0	184.0	202.0	153.0	198.0	196.0	207.0	166.0	227.0	172.0	268.0	177.0	257.0	254.0	270.0	208.0	291.0	222.0	305.0	221.0	378.0	186.0	1
73.0	200.0	68.0	217.0	94.0	198.0	156.0	161.0	140.0	178.0	174.0	212.0	170.0	236.0	162.0	254.0	177.0	182.0	201.0	155.0	200.0	196.0	205.0	167.0	226.0	174.0	265.0	177.0	257.0	249.0	262.0	206.0	284.0	220.0	298.0	220.0	367.0	187.0	1
71.0	200.0	67.0	216.0	90.0	198.0	155.0	160.0	137.0	176.0	173.0	213.0	170.0	236.0	161.0	255.0	178.0	183.0	201.0	154.0	196.0	195.0	205.0	166.0	227.0	172.0	269.0	176.0	258.0	253.0	267.0	207.0	288.0	221.0	302.0	221.0	375.0	182.0	1
71.0	201.0	67.0	217.0	94.0	198.0	156.0	162.0	139.0	177.0	171.0	213.0	168.0	236.0	161.0	253.0	178.0	184.0	200.0	156.0	197.0	197.0	204.0	168.0	224.0	174.0	271.0	177.0	260.0	251.0	268.0	208.0	289.0	221.0	301.0	220.0	374.0	184.0	1
67.0	200.0	62.0	217.0	87.0	198.0	153.0	160.0	136.0	176.0	172.0	213.0	170.0	239.0	160.0	257.0	178.0	182.0	203.0	153.0	199.0	196.0	207.0	166.0	226.0	171.0	271.0	176.0	261.0	254.0	268.0	206.0	293.0	221.0	306.0	221.0	380.0	185.0	1
74.0	200.0	70.0	216.0	99.0	197.0	157.0	162.0	141.0	178.0	174.0	213.0	170.0	235.0	160.0	252.0	182.0	185.0	202.0	156.0	198.0	196.0	208.0	168.0	231.0	175.0	269.0	178.0	257.0	251.0	265.0	206.0	286.0	220.0	298.0	220.0	367.0	186.0	1
77.0	201.0	73.0	215.0	98.0	198.0	157.0	163.0	139.0	180.0	172.0	213.0	170.0	236.0	160.0	252.0	182.0	187.0	200.0	158.0	195.0	197.0	205.0	171.0	226.0	176.0	268.0	179.0	254.0	249.0	263.0	206.0	285.0	220.0	299.0	220.0	368.0	186.0	1
71.0	201.0	67.0	215.0	93.0	198.0	157.0	163.0	139.0	179.0	173.0	214.0	172.0	237.0	164.0	254.0	179.0	185.0	201.0	157.0	196.0	198.0	205.0	170.0	226.0	176.0	266.0	178.0	257.0	249.0	265.0	207.0	287.0	219.0	299.0	219.0	371.0	185.0	1
74.0	202.0	73.0	215.0	98.0	198.0	158.0	163.0	141.0	179.0	173.0	211.0	174.0	235.0	167.0	253.0	178.0	185.0	202.0	157.0	196.0	197.0	206.0	170.0	226.0	175.0	267.0	179.0	256.0	247.0	261.0	204.0	283.0	219.0	297.0	219.0	361.0	185.0	1
72.0	202.0	69.0	217.0	101.0	199.0	158.0	163.0	142.0	178.0	176.0	213.0	173.0	235.0	163.0	253.0	183.0	186.0	201.0	156.0	199.0	197.0	206.0	169.0	228.0	175.0	263.0	178.0	255.0	248.0	264.0	206.0	283.0	218.0	298.0	219.0	369.0	190.0	1
73.0	202.0	69.0	218.0	94.0	199.0	155.0	162.0	140.0	179.0	172.0	213.0	169.0	237.0	161.0	254.0	177.0	185.0	199.0	155.0	198.0	196.0	204.0	169.0	226.0	174.0	269.0	176.0	258.0	250.0	267.0	208.0	287.0	222.0	300.0	222.0	367.0	185.0	1
73.0	201.0	66.0	217.0	96.0	198.0	154.0	161.0	139.0	176.0	173.0	214.0	171.0	238.0	162.0	255.0	180.0	183.0	201.0	154.0	195.0	195.0	205.0	166.0	227.0	172.0	267.0	175.0	256.0	251.0	262.0	205.0	288.0	221.0	300.0	221.0	370.0	186.0	1
71.0	200.0	67.0	214.0	93.0	198.0	156.0	161.0	140.0	176.0	173.0	213.0	170.0	237.0	161.0	255.0	180.0	184.0	200.0	155.0	196.0	194.0	207.0	168.0	227.0	173.0	272.0	177.0	258.0	251.0	267.0	206.0	292.0	220.0	304.0	219.0	377.0	184.0	1
78.0	201.0	73.0	216.0	98.0	199.0	157.0	163.0	141.0	179.0	175.0	213.0	172.0	236.0	164.0	251.0	180.0	185.0	202.0	158.0	197.0	196.0	205.0	169.0	225.0	175.0	264.0	178.0	256.0	248.0	263.0	206.0	286.0	220.0	298.0	220.0	364.0	187.0	1
74.0	202.0	70.0	218.0	93.0	199.0	154.0	162.0	137.0	178.0	174.0	213.0	171.0	238.0	164.0	255.0	181.0	185.0	199.0	156.0	199.0	197.0	205.0	169.0	226.0	174.0	271.0	178.0	262.0	249.0	266.0	205.0	291.0	220.0	304.0	219.0	372.0	187.0	1
77.0	201.0	72.0	218.0	94.0	199.0	158.0	160.0	141.0	177.0	173.0	213.0	172.0	238.0	162.0	257.0	181.0	183.0	202.0	154.0	196.0	195.0	206.0	167.0	226.0	173.0	268.0	176.0	252.0	252.0	265.0	206.0	287.0	221.0	301.0	221.0	375.0	188.0	1
71.0	200.0	66.0	216.0	95.0	197.0	155.0	163.0	139.0	178.0	173.0	214.0	170.0	236.0	161.0	253.0	178.0	184.0	200.0	157.0	198.0	197.0	206.0	170.0	225.0	175.0	267.0	177.0	257.0	251.0	263.0	205.0	289.0	220.0	301.0	220.0	369.0	186.0	1
72.0	200.0	67.0	214.0	92.0	198.0	156.0	161.0	137.0	178.0	171.0	212.0	169.0	235.0	160.0	253.0	179.0	184.0	201.0	155.0	193.0	196.0	207.0	168.0	229.0	175.0	266.0	177.0	255.0	250.0	262.0	205.0	287.0	221.0	300.0	221.0	366.0	185.0	1
76.0	201.0	73.0	216.0	98.0	199.0	159.0	163.0	142.0	178.0	174.0	213.0	172.0	236.0	163.0	253.0	177.0	184.0	201.0	155.0	197.0	195.0	204.0	168.0	226.0	175.0	266.0	178.0	257.0	250.0	265.0	206.0	287.0	220.0	298.0	220.0	367.0	186.0	1
74.0	202.0	68.0	215.0	97.0	199.0	156.0	163.0	139.0	179.0	174.0	212.0	170.0	234.0	159.0	251.0	178.0	184.0	201.0	157.0	197.0	197.0	206.0	169.0	227.0	174.0	264.0	176.0	256.0	251.0	265.0	206.0	286.0	220.0	299.0	221.0	368.0	185.0	1
71.0	202.0	67.0	217.0	94.0	200.0	153.0	163.0	138.0	178.0	174.0	214.0	171.0	236.0	162.0	254.0	179.0	185.0	200.0	156.0	198.0	198.0	204.0	169.0	225.0	174.0	266.0	177.0	256.0	249.0	264.0	206.0	287.0	221.0	299.0	220.0	370.0	186.0	1
75.0	201.0	71.0	216.0	98.0	198.0	161.0	162.0	144.0	177.0	174.0	213.0	170.0	236.0	162.0	252.0	179.0	184.0	201.0	157.0	199.0	198.0	206.0	169.0	225.0	175.0	265.0	178.0	254.0	248.0	263.0	207.0	284.0	221.0	295.0	220.0	365.0	188.0	1
74.0	201.0	68.0	216.0	92.0	198.0	159.0	162.0	139.0	178.0	173.0	213.0	169.0	236.0	160.0	253.0	177.0	184.0	201.0	157.0	198.0	197.0	204.0	168.0	223.0	175.0	273.0	179.0	255.0	249.0	267.0	207.0	286.0	220.0	299.0	220.0	366.0	187.0	1
76.0	200.0	70.0	216.0	98.0	197.0	161.0	162.0	144.0	177.0	174.0	213.0	170.0	234.0	160.0	254.0	182.0	183.0	203.0	155.0	202.0	197.0	208.0	168.0	228.0	175.0	265.0	178.0	256.0	250.0	265.0	206.0	286.0	221.0	298.0	220.0	371.0	189.0	1
70.0	201.0	67.0	216.0	95.0	198.0	156.0	161.0	138.0	178.0	172.0	214.0	171.0	237.0	163.0	254.0	181.0	185.0	197.0	155.0	194.0	195.0	203.0	168.0	226.0	174.0	266.0	176.0	259.0	250.0	268.0	207.0	288.0	220.0	301.0	219.0	372.0	183.0	1
75.0	201.0	70.0	215.0	96.0	199.0	157.0	163.0	139.0	179.0	172.0	213.0	172.0	237.0	163.0	253.0	183.0	187.0	200.0	158.0	197.0	197.0	203.0	170.0	226.0	176.0	265.0	179.0	257.0	247.0	264.0	207.0	284.0	220.0	298.0	220.0	364.0	187.0	1
72.0	200.0	68.0	217.0	94.0	197.0	156.0	160.0	137.0	177.0	173.0	213.0	170.0	235.0	160.0	254.0	179.0	184.0	203.0	154.0	200.0	196.0	207.0	166.0	229.0	173.0	270.0	178.0	255.0	251.0	264.0	207.0	286.0	221.0	298.0	221.0	370.0	186.0	1
72.0	199.0	67.0	215.0	95.0	196.0	159.0	161.0	145.0	176.0	174.0	213.0	168.0	235.0	157.0	253.0	183.0	184.0	204.0	156.0	199.0	197.0	209.0	168.0	231.0	174.0	271.0	178.0	251.0	251.0	265.0	208.0	285.0	221.0	298.0	221.0	368.0	187.0	1
75.0	202.0	71.0	216.0	97.0	199.0	158.0	163.0	140.0	179.0	176.0	214.0	172.0	237.0	164.0	254.0	179.0	183.0	199.0	157.0	198.0	195.0	202.0	169.0	222.0	174.0	263.0	176.0	256.0	250.0	261.0	204.0	286.0	220.0	299.0	220.0	364.0	187.0	1
69.0	199.0	63.0	215.0	96.0	196.0	158.0	159.0	142.0	174.0	172.0	214.0	168.0	237.0	157.0	255.0	184.0	183.0	201.0	154.0	195.0	193.0	207.0	165.0	230.0	172.0	270.0	176.0	255.0	254.0	266.0	205.0	291.0	222.0	303.0	221.0	374.0	186.0	1
70.0	202.0	67.0	217.0	92.0	198.0	155.0	162.0	137.0	179.0	173.0	213.0	173.0	237.0	163.0	254.0	181.0	185.0	199.0	156.0	197.0	196.0	205.0	169.0	227.0	175.0	270.0	178.0	257.0	250.0	267.0	206.0	292.0	221.0	303.0	220.0	373.0	187.0	1
73.0	200.0	68.0	215.0	96.0	198.0	157.0	161.0	140.0	178.0	173.0	211.0	171.0	236.0	160.0	253.0	183.0	184.0	200.0	155.0	196.0	195.0	207.0	168.0	228.0	174.0	272.0	178.0	253.0	250.0	266.0	206.0	287.0	220.0	299.0	221.0	369.0	187.0	1
70.0	200.0	68.0	214.0	93.0	197.0	153.0	162.0	136.0	178.0	169.0	210.0	168.0	234.0	161.0	250.0	177.0	183.0	201.0	155.0	197.0	195.0	204.0	168.0	226.0	174.0	270.0	176.0	259.0	247.0	267.0	205.0	289.0	219.0	302.0	219.0	371.0	182.0	1
78.0	201.0	73.0	215.0	101.0	198.0	156.0	165.0	142.0	179.0	174.0	213.0	171.0	235.0	163.0	253.0	181.0	186.0	202.0	158.0	197.0	196.0	205.0	170.0	227.0	175.0	267.0	178.0	255.0	247.0	263.0	206.0	286.0	221.0	300.0	221.0	368.0	186.0	1
70.0	201.0	65.0	217.0	90.0	198.0	156.0	160.0	139.0	177.0	171.0	214.0	170.0	240.0	162.0	258.0	179.0	185.0	202.0	154.0	194.0	196.0	209.0	169.0	227.0	174.0	266.0	177.0	259.0	253.0	263.0	205.0	289.0	221.0	302.0	221.0	377.0	187.0	1
71.0	199.0	67.0	215.0	94.0	195.0	152.0	158.0	135.0	175.0	169.0	211.0	166.0	234.0	159.0	252.0	178.0	183.0	201.0	154.0	193.0	193.0	204.0	166.0	225.0	173.0	269.0	177.0	255.0	248.0	264.0	205.0	285.0	219.0	300.0	219.0	370.0	186.0	1
75.0	201.0	72.0	216.0	101.0	198.0	160.0	164.0	144.0	179.0	175.0	214.0	172.0	237.0	164.0	253.0	182.0	186.0	200.0	158.0	196.0	196.0	204.0	170.0	224.0	174.0	263.0	178.0	257.0	248.0	265.0	206.0	286.0	220.0	298.0	219.0	367.0	185.0	1
78.0	201.0	74.0	216.0	103.0	199.0	159.0	163.0	142.0	178.0	175.0	213.0	171.0	236.0	164.0	253.0	180.0	184.0	202.0	156.0	197.0	196.0	205.0	169.0	225.0	174.0	266.0	178.0	255.0	249.0	263.0	207.0	284.0	221.0	297.0	221.0	365.0	185.0	1
70.0	201.0	65.0	216.0	95.0	198.0	156.0	161.0	138.0	177.0	172.0	214.0	169.0	237.0	159.0	255.0	179.0	183.0	202.0	154.0	198.0	196.0	205.0	166.0	226.0	172.0	266.0	174.0	261.0	253.0	267.0	207.0	292.0	222.0	305.0	221.0	378.0	184.0	1
77.0	199.0	72.0	215.0	98.0	197.0	160.0	162.0	142.0	177.0	175.0	212.0	172.0	237.0	162.0	253.0	180.0	184.0	201.0	156.0	199.0	197.0	206.0	169.0	226.0	174.0	266.0	177.0	253.0	252.0	264.0	206.0	286.0	220.0	297.0	219.0	365.0	183.0	1
76.0	202.0	73.0	217.0	98.0	198.0	155.0	163.0	142.0	178.0	173.0	213.0	171.0	237.0	162.0	254.0	178.0	184.0	201.0	156.0	197.0	197.0	204.0	168.0	223.0	173.0	261.0	176.0	257.0	250.0	262.0	206.0	287.0	221.0	300.0	221.0	370.0	185.0	1
70.0	199.0	65.0	216.0	92.0	197.0	160.0	161.0	143.0	176.0	172.0	213.0	168.0	236.0	157.0	254.0	179.0	184.0	204.0	155.0	197.0	197.0	208.0	168.0	229.0	174.0	267.0	177.0	256.0	252.0	263.0	206.0	287.0	222.0	300.0	222.0	372.0	184.0	1
76.0	201.0	73.0	215.0	95.0	198.0	157.0	163.0	141.0	179.0	174.0	213.0	170.0	236.0	162.0	253.0	180.0	185.0	201.0	157.0	196.0	196.0	206.0	170.0	227.0	175.0	269.0	179.0	257.0	249.0	265.0	207.0	286.0	221.0	297.0	220.0	368.0	185.0	1
72.0	201.0	66.0	215.0	96.0	198.0	156.0	164.0	139.0	178.0	173.0	214.0	171.0	238.0	161.0	255.0	180.0	186.0	199.0	157.0	197.0	196.0	202.0	168.0	225.0	175.0	270.0	178.0	257.0	251.0	263.0	205.0	290.0	220.0	302.0	220.0	369.0	184.0	1
74.0	199.0	71.0	214.0	97.0	197.0	160.0	162.0	145.0	176.0	172.0	213.0	168.0	235.0	158.0	251.0	184.0	186.0	202.0	156.0	199.0	198.0	206.0	168.0	227.0	175.0	266.0	179.0	256.0	251.0	262.0	207.0	283.0	222.0	296.0	221.0	364.0	186.0	1
73.0	200.0	68.0	216.0	97.0	198.0	153.0	162.0	140.0	177.0	173.0	214.0	168.0	236.0	161.0	254.0	182.0	185.0	199.0	156.0	199.0	196.0	204.0	169.0	226.0	175.0	268.0	179.0	257.0	250.0	264.0	206.0	287.0	220.0	300.0	220.0	364.0	183.0	1
74.0	201.0	71.0	216.0	98.0	198.0	158.0	161.0	143.0	176.0	171.0	212.0	168.0	235.0	159.0	252.0	181.0	185.0	202.0	156.0	196.0	196.0	207.0	170.0	227.0	176.0	268.0	180.0	255.0	250.0	260.0	206.0	282.0	221.0	296.0	221.0	365.0	188.0	1
78.0	201.0	73.0	216.0	96.0	198.0	159.0	162.0	139.0	178.0	175.0	215.0	174.0	238.0	166.0	255.0	178.0	184.0	198.0	156.0	196.0	196.0	202.0	168.0	224.0	174.0	263.0	176.0	255.0	252.0	261.0	205.0	286.0	220.0	299.0	219.0	366.0	184.0	1
76.0	202.0	73.0	216.0	98.0	199.0	157.0	163.0	141.0	180.0	173.0	213.0	170.0	236.0	162.0	251.0	181.0	185.0	201.0	158.0	196.0	196.0	206.0	170.0	227.0	175.0	271.0	179.0	258.0	248.0	265.0	205.0	287.0	219.0	301.0	219.0	370.0	187.0	1
74.0	201.0	69.0	216.0	101.0	197.0	159.0	163.0	145.0	178.0	173.0	212.0	170.0	235.0	162.0	252.0	181.0	185.0	198.0	158.0	195.0	196.0	203.0	170.0	223.0	174.0	269.0	177.0	256.0	248.0	267.0	207.0	287.0	219.0	299.0	219.0	370.0	185.0	1
77.0	196.0	74.0	212.0	99.0	194.0	160.0	158.0	142.0	174.0	173.0	210.0	169.0	233.0	160.0	250.0	182.0	182.0	202.0	154.0	196.0	193.0	205.0	165.0	226.0	172.0	261.0	176.0	254.0	248.0	261.0	205.0	283.0	218.0	294.0	218.0	366.0	183.0	1
77.0	200.0	73.0	215.0	100.0	198.0	157.0	163.0	143.0	179.0	172.0	213.0	170.0	236.0	161.0	253.0	182.0	185.0	203.0	156.0	199.0	197.0	207.0	169.0	223.0	174.0	262.0	178.0	251.0	249.0	260.0	206.0	281.0	221.0	294.0	221.0	361.0	186.0	1
72.0	200.0	67.0	216.0	94.0	198.0	156.0	160.0	140.0	177.0	172.0	214.0	170.0	238.0	160.0	256.0	181.0	184.0	202.0	155.0	197.0	196.0	207.0	167.0	227.0	173.0	269.0	177.0	258.0	251.0	266.0	206.0	288.0	222.0	302.0	221.0	373.0	186.0	1
75.0	202.0	71.0	217.0	98.0	198.0	157.0	163.0	140.0	178.0	173.0	213.0	171.0	237.0	163.0	253.0	178.0	185.0	201.0	157.0	196.0	197.0	205.0	170.0	225.0	175.0	266.0	179.0	257.0	249.0	265.0	207.0	284.0	219.0	298.0	219.0	367.0	186.0	1
75.0	201.0	71.0	215.0	95.0	198.0	156.0	164.0	140.0	180.0	172.0	213.0	169.0	236.0	161.0	253.0	180.0	186.0	200.0	157.0	197.0	197.0	204.0	170.0	226.0	176.0	263.0	178.0	255.0	248.0	263.0	205.0	284.0	220.0	296.0	220.0	366.0	188.0	1
69.0	200.0	66.0	216.0	95.0	198.0	158.0	161.0	140.0	177.0	171.0	213.0	169.0	237.0	163.0	254.0	180.0	185.0	201.0	154.0	196.0	197.0	205.0	168.0	226.0	174.0	268.0	176.0	260.0	251.0	266.0	207.0	287.0	220.0	299.0	220.0	373.0	185.0	1
73.0	200.0	70.0	216.0	98.0	198.0	159.0	161.0	142.0	177.0	172.0	213.0	169.0	238.0	161.0	256.0	185.0	184.0	201.0	155.0	199.0	194.0	206.0	167.0	229.0	174.0	269.0	178.0	254.0	251.0	264.0	206.0	284.0	220.0	298.0	221.0	367.0	186.0	1
73.0	202.0	69.0	216.0	96.0	199.0	154.0	162.0	139.0	179.0	174.0	214.0	172.0	238.0	164.0	254.0	182.0	186.0	201.0	155.0	199.0	197.0	206.0	169.0	227.0	175.0	266.0	178.0	256.0	251.0	265.0	206.0	287.0	220.0	300.0	220.0	369.0	184.0	1
74.0	199.0	71.0	215.0	100.0	197.0	159.0	163.0	141.0	178.0	174.0	213.0	173.0	236.0	164.0	252.0	182.0	186.0	201.0	157.0	197.0	197.0	205.0	169.0	227.0	175.0	271.0	178.0	257.0	248.0	266.0	206.0	287.0	220.0	300.0	219.0	368.0	184.0	1
73.0	202.0	70.0	216.0	97.0	198.0	155.0	162.0	138.0	178.0	174.0	213.0	171.0	237.0	165.0	254.0	179.0	185.0	200.0	157.0	196.0	196.0	204.0	168.0	227.0	175.0	266.0	177.0	257.0	251.0	262.0	205.0	286.0	220.0	300.0	220.0	370.0	185.0	1
74.0	202.0	69.0	216.0	98.0	198.0	155.0	163.0	141.0	178.0	175.0	212.0	171.0	236.0	161.0	252.0	179.0	185.0	198.0	156.0	199.0	197.0	205.0	169.0	225.0	174.0	265.0	177.0	255.0	248.0	263.0	205.0	287.0	220.0	300.0	219.0	367.0	186.0	1
71.0	202.0	67.0	217.0	96.0	199.0	154.0	161.0	140.0	177.0	175.0	213.0	171.0	238.0	160.0	256.0	178.0	183.0	198.0	154.0	198.0	197.0	204.0	167.0	222.0	172.0	270.0	175.0	256.0	252.0	265.0	206.0	288.0	221.0	302.0	221.0	370.0	185.0	1
74.0	200.0	69.0	216.0	95.0	198.0	153.0	160.0	135.0	178.0	170.0	213.0	169.0	239.0	159.0	256.0	180.0	185.0	198.0	154.0	197.0	196.0	205.0	167.0	223.0	173.0	267.0	177.0	254.0	251.0	261.0	205.0	287.0	220.0	302.0	220.0	374.0	186.0	1
75.0	201.0	71.0	215.0	98.0	199.0	158.0	162.0	142.0	178.0	174.0	213.0	170.0	237.0	161.0	253.0	182.0	185.0	203.0	156.0	199.0	197.0	209.0	170.0	227.0	174.0	266.0	177.0	260.0	250.0	267.0	207.0	289.0	221.0	300.0	220.0	369.0	186.0	1
75.0	202.0	72.0	216.0	99.0	199.0	156.0	164.0	141.0	179.0	175.0	212.0	171.0	236.0	163.0	251.0	182.0	186.0	199.0	158.0	198.0	196.0	204.0	170.0	227.0	176.0	266.0	178.0	254.0	248.0	263.0	206.0	285.0	220.0	300.0	220.0	365.0	187.0	1
69.0	201.0	65.0	217.0	92.0	198.0	157.0	160.0	138.0	177.0	171.0	213.0	168.0	236.0	160.0	253.0	179.0	184.0	199.0	155.0	196.0	195.0	205.0	169.0	227.0	174.0	273.0	178.0	258.0	250.0	268.0	205.0	291.0	220.0	306.0	221.0	376.0	186.0	1
76.0	201.0	71.0	216.0	99.0	199.0	158.0	164.0	144.0	178.0	174.0	213.0	169.0	236.0	161.0	252.0	183.0	186.0	199.0	158.0	199.0	197.0	203.0	170.0	225.0	176.0	263.0	179.0	254.0	248.0	262.0	206.0	283.0	220.0	297.0	219.0	362.0	187.0	1
77.0	200.0	73.0	216.0	98.0	197.0	159.0	162.0	141.0	178.0	173.0	213.0	169.0	236.0	161.0	253.0	182.0	185.0	202.0	156.0	197.0	196.0	205.0	168.0	225.0	174.0	265.0	176.0	253.0	249.0	265.0	208.0	285.0	220.0	299.0	221.0	368.0	187.0	1
76.0	202.0	73.0	219.0	97.0	199.0	156.0	161.0	138.0	178.0	173.0	213.0	171.0	237.0	162.0	256.0	182.0	184.0	202.0	155.0	198.0	196.0	205.0	167.0	226.0	173.0	269.0	177.0	256.0	250.0	265.0	205.0	287.0	220.0	299.0	220.0	370.0	189.0	1
78.0	201.0	75.0	216.0	100.0	198.0	159.0	163.0	142.0	178.0	175.0	212.0	173.0	235.0	164.0	252.0	181.0	184.0	202.0	157.0	199.0	196.0	207.0	170.0	227.0	176.0	267.0	179.0	253.0	249.0	261.0	205.0	285.0	221.0	296.0	221.0	364.0	187.0	1
77.0	201.0	70.0	216.0	100.0	198.0	159.0	161.0	142.0	178.0	176.0	214.0	172.0	236.0	164.0	253.0	181.0	183.0	201.0	155.0	202.0	197.0	207.0	168.0	227.0	174.0	267.0	177.0	253.0	250.0	263.0	204.0	285.0	220.0	299.0	220.0	367.0	187.0	1
75.0	202.0	70.0	217.0	97.0	199.0	156.0	162.0	141.0	178.0	174.0	213.0	172.0	238.0	163.0	255.0	180.0	184.0	201.0	155.0	197.0	195.0	206.0	168.0	226.0	174.0	268.0	177.0	255.0	250.0	263.0	205.0	288.0	221.0	302.0	221.0	368.0	187.0	1
65.0	200.0	62.0	215.0	91.0	197.0	151.0	160.0	135.0	176.0	170.0	214.0	165.0	238.0	154.0	255.0	177.0	185.0	196.0	155.0	196.0	197.0	201.0	168.0	223.0	174.0	260.0	177.0	254.0	253.0	260.0	207.0	284.0	222.0	297.0	222.0	372.0	187.0	1
76.0	200.0	71.0	216.0	97.0	198.0	158.0	163.0	140.0	180.0	174.0	213.0	173.0	237.0	164.0	254.0	178.0	185.0	202.0	157.0	199.0	197.0	205.0	169.0	227.0	176.0	266.0	179.0	258.0	247.0	265.0	206.0	284.0	219.0	295.0	219.0	368.0	188.0	1
69.0	200.0	64.0	216.0	95.0	197.0	155.0	161.0	138.0	177.0	172.0	215.0	169.0	239.0	161.0	257.0	178.0	184.0	199.0	155.0	197.0	196.0	203.0	168.0	226.0	174.0	269.0	177.0	257.0	253.0	264.0	205.0	291.0	221.0	304.0	221.0	375.0	183.0	1
75.0	201.0	70.0	215.0	96.0	198.0	157.0	163.0	140.0	180.0	174.0	211.0	171.0	236.0	162.0	252.0	179.0	185.0	202.0	157.0	198.0	197.0	208.0	170.0	228.0	176.0	268.0	179.0	259.0	249.0	265.0	206.0	286.0	220.0	299.0	220.0	368.0	187.0	1
73.0	200.0	67.0	215.0	97.0	198.0	159.0	163.0	141.0	178.0	172.0	212.0	170.0	235.0	161.0	252.0	181.0	186.0	202.0	157.0	194.0	196.0	208.0	169.0	230.0	175.0	267.0	178.0	259.0	249.0	265.0	207.0	288.0	221.0	301.0	220.0	370.0	186.0	1
70.0	201.0	67.0	218.0	95.0	198.0	154.0	161.0	139.0	176.0	174.0	214.0	170.0	238.0	161.0	256.0	179.0	184.0	200.0	155.0	195.0	195.0	204.0	167.0	228.0	175.0	269.0	177.0	261.0	250.0	266.0	205.0	289.0	220.0	301.0	220.0	373.0	186.0	1
74.0	199.0	69.0	215.0	98.0	197.0	159.0	161.0	143.0	177.0	174.0	212.0	170.0	236.0	161.0	252.0	184.0	185.0	203.0	156.0	199.0	196.0	208.0	169.0	228.0	175.0	265.0	176.0	258.0	251.0	263.0	204.0	287.0	219.0	299.0	220.0	367.0	185.0	1
75.0	201.0	70.0	216.0	95.0	199.0	158.0	163.0	144.0	177.0	173.0	213.0	170.0	235.0	162.0	252.0	178.0	184.0	203.0	156.0	196.0	196.0	206.0	168.0	227.0	174.0	267.0	178.0	259.0	248.0	263.0	206.0	286.0	220.0	298.0	219.0	371.0	188.0	1
75.0	202.0	71.0	217.0	95.0	199.0	156.0	162.0	139.0	179.0	175.0	214.0	171.0	237.0	165.0	254.0	178.0	185.0	200.0	157.0	198.0	197.0	203.0	169.0	226.0	175.0	267.0	179.0	257.0	250.0	262.0	205.0	286.0	219.0	299.0	218.0	367.0	187.0	1
74.0	200.0	70.0	214.0	99.0	198.0	158.0	163.0	140.0	178.0	173.0	213.0	169.0	236.0	161.0	252.0	180.0	185.0	202.0	157.0	198.0	196.0	206.0	168.0	225.0	174.0	262.0	177.0	256.0	248.0	261.0	206.0	283.0	219.0	298.0	218.0	367.0	186.0	1
78.0	200.0	73.0	215.0	99.0	198.0	155.0	163.0	138.0	180.0	173.0	212.0	171.0	236.0	163.0	252.0	179.0	185.0	200.0	158.0	198.0	198.0	204.0	170.0	225.0	176.0	267.0	178.0	254.0	250.0	263.0	206.0	288.0	221.0	301.0	221.0	366.0	184.0	1
77.0	202.0	75.0	216.0	97.0	199.0	155.0	163.0	139.0	178.0	175.0	214.0	173.0	237.0	167.0	254.0	180.0	185.0	200.0	158.0	196.0	197.0	204.0	170.0	224.0	175.0	268.0	178.0	257.0	248.0	262.0	204.0	286.0	219.0	299.0	219.0	365.0	187.0	1
77.0	201.0	70.0	216.0	100.0	198.0	157.0	162.0	142.0	177.0	174.0	214.0	169.0	236.0	160.0	255.0	182.0	185.0	199.0	156.0	200.0	197.0	204.0	169.0	225.0	174.0	266.0	178.0	256.0	252.0	264.0	207.0	289.0	221.0	301.0	220.0	366.0	185.0	1
73.0	202.0	71.0	216.0	93.0	199.0	155.0	162.0	139.0	178.0	173.0	213.0	171.0	238.0	161.0	255.0	180.0	185.0	200.0	155.0	196.0	197.0	205.0	168.0	225.0	173.0	266.0	177.0	257.0	251.0	264.0	207.0	286.0	221.0	300.0	220.0	369.0	184.0	1
70.0	200.0	65.0	218.0	92.0	197.0	157.0	160.0	140.0	176.0	172.0	213.0	169.0	239.0	158.0	258.0	180.0	183.0	202.0	154.0	198.0	198.0	208.0	167.0	230.0	174.0	273.0	179.0	258.0	253.0	268.0	208.0	290.0	223.0	304.0	223.0	371.0	185.0	1
61.0	199.0	58.0	217.0	87.0	197.0	153.0	159.0	135.0	176.0	171.0	214.0	167.0	238.0	158.0	256.0	182.0	185.0	201.0	153.0	197.0	196.0	204.0	165.0	226.0	171.0	280.0	176.0	263.0	253.0	272.0	207.0	297.0	221.0	311.0	220.0	383.0	181.0	1
74.0	202.0	70.0	216.0	94.0	198.0	155.0	162.0	139.0	178.0	173.0	214.0	168.0	237.0	161.0	254.0	182.0	185.0	200.0	156.0	197.0	196.0	205.0	169.0	227.0	175.0	268.0	178.0	255.0	250.0	264.0	206.0	284.0	220.0	298.0	220.0	366.0	188.0	1
78.0	201.0	74.0	216.0	99.0	198.0	158.0	163.0	141.0	179.0	173.0	213.0	171.0	237.0	163.0	251.0	180.0	186.0	200.0	157.0	193.0	196.0	206.0	171.0	226.0	175.0	268.0	178.0	255.0	248.0	264.0	206.0	284.0	219.0	298.0	220.0	368.0	188.0	1
73.0	200.0	68.0	216.0	95.0	197.0	157.0	161.0	140.0	178.0	172.0	213.0	168.0	235.0	158.0	253.0	180.0	184.0	204.0	156.0	196.0	196.0	209.0	168.0	227.0	174.0	267.0	178.0	258.0	250.0	265.0	206.0	287.0	222.0	301.0	223.0	372.0	187.0	1
76.0	201.0	74.0	215.0	99.0	199.0	156.0	164.0	139.0	179.0	173.0	214.0	170.0	237.0	163.0	251.0	178.0	186.0	199.0	158.0	197.0	197.0	202.0	170.0	222.0	175.0	264.0	177.0	261.0	248.0	264.0	206.0	286.0	220.0	298.0	219.0	366.0	184.0	1
75.0	201.0	71.0	215.0	99.0	198.0	158.0	163.0	138.0	179.0	173.0	211.0	171.0	235.0	162.0	251.0	186.0	187.0	200.0	158.0	196.0	197.0	207.0	171.0	230.0	177.0	270.0	180.0	253.0	246.0	264.0	206.0	282.0	219.0	297.0	220.0	367.0	189.0	1
73.0	201.0	69.0	217.0	91.0	199.0	157.0	161.0	138.0	177.0	173.0	215.0	171.0	240.0	162.0	257.0	179.0	185.0	201.0	156.0	195.0	196.0	205.0	169.0	225.0	175.0	272.0	178.0	261.0	252.0	266.0	207.0	289.0	221.0	302.0	220.0	368.0	185.0	1
71.0	201.0	67.0	217.0	96.0	197.0	158.0	162.0	140.0	178.0	172.0	213.0	168.0	237.0	161.0	255.0	181.0	184.0	201.0	155.0	199.0	197.0	205.0	168.0	226.0	174.0	268.0	177.0	258.0	252.0	265.0	206.0	289.0	222.0	303.0	222.0	373.0	185.0	1
73.0	199.0	69.0	214.0	95.0	197.0	160.0	161.0	142.0	177.0	174.0	214.0	170.0	237.0	162.0	253.0	180.0	184.0	203.0	156.0	199.0	197.0	207.0	169.0	225.0	174.0	269.0	177.0	256.0	250.0	264.0	207.0	285.0	220.0	300.0	221.0	371.0	186.0	1
74.0	202.0	69.0	217.0	97.0	199.0	155.0	161.0	137.0	178.0	174.0	213.0	173.0	238.0	164.0	255.0	181.0	184.0	200.0	155.0	195.0	195.0	204.0	167.0	226.0	173.0	270.0	178.0	255.0	249.0	263.0	204.0	286.0	220.0	300.0	221.0	368.0	188.0	1
74.0	201.0	71.0	215.0	96.0	199.0	156.0	164.0	140.0	179.0	173.0	214.0	170.0	237.0	163.0	251.0	179.0	186.0	199.0	158.0	195.0	197.0	203.0	170.0	223.0	175.0	264.0	178.0	259.0	248.0	265.0	206.0	287.0	219.0	299.0	218.0	367.0	184.0	1
71.0	200.0	66.0	216.0	92.0	198.0	156.0	161.0	136.0	178.0	171.0	214.0	169.0	238.0	160.0	255.0	180.0	185.0	202.0	155.0	197.0	196.0	207.0	169.0	228.0	175.0	271.0	179.0	259.0	251.0	270.0	208.0	290.0	222.0	305.0	221.0	374.0	183.0	1
70.0	201.0	65.0	216.0	93.0	198.0	156.0	161.0	139.0	177.0	175.0	213.0	172.0	237.0	165.0	254.0	182.0	184.0	201.0	155.0	199.0	197.0	206.0	168.0	228.0	174.0	268.0	177.0	259.0	248.0	262.0	202.0	288.0	220.0	303.0	220.0	373.0	188.0	1
72.0	201.0	69.0	216.0	97.0	198.0	157.0	162.0	141.0	177.0	172.0	213.0	169.0	236.0	159.0	252.0	177.0	184.0	202.0	156.0	195.0	196.0	206.0	168.0	229.0	175.0	271.0	178.0	254.0	250.0	261.0	205.0	285.0	221.0	299.0	221.0	368.0	189.0	1
75.0	201.0	71.0	217.0	97.0	198.0	154.0	163.0	138.0	178.0	173.0	213.0	172.0	238.0	165.0	254.0	183.0	185.0	199.0	157.0	195.0	195.0	205.0	170.0	226.0	176.0	270.0	178.0	259.0	249.0	263.0	205.0	287.0	220.0	300.0	220.0	365.0	186.0	1
79.0	202.0	76.0	217.0	99.0	199.0	157.0	163.0	140.0	178.0	174.0	213.0	171.0	236.0	164.0	252.0	181.0	185.0	198.0	158.0	198.0	196.0	203.0	170.0	223.0	175.0	267.0	177.0	258.0	247.0	263.0	205.0	286.0	220.0	298.0	219.0	366.0	187.0	1
74.0	196.0	70.0	212.0	98.0	194.0	159.0	158.0	142.0	175.0	172.0	210.0	168.0	232.0	160.0	249.0	177.0	182.0	201.0	153.0	196.0	195.0	205.0	166.0	226.0	173.0	265.0	176.0	252.0	248.0	262.0	204.0	283.0	219.0	295.0	219.0	366.0	185.0	1
72.0	202.0	68.0	219.0	95.0	199.0	154.0	160.0	138.0	176.0	173.0	213.0	171.0	238.0	163.0	257.0	180.0	183.0	202.0	152.0	198.0	194.0	205.0	165.0	229.0	172.0	268.0	174.0	259.0	252.0	267.0	205.0	290.0	221.0	303.0	221.0	374.0	183.0	1
73.0	201.0	69.0	216.0	100.0	198.0	156.0	164.0	141.0	178.0	174.0	212.0	170.0	234.0	160.0	250.0	178.0	184.0	201.0	157.0	199.0	197.0	205.0	169.0	227.0	175.0	267.0	177.0	258.0	248.0	266.0	207.0	286.0	220.0	300.0	220.0	367.0	183.0	1
73.0	201.0	68.0	215.0	95.0	199.0	158.0	162.0	143.0	177.0	172.0	212.0	168.0	236.0	160.0	253.0	178.0	183.0	203.0	157.0	200.0	196.0	207.0	169.0	228.0	175.0	266.0	178.0	253.0	250.0	267.0	209.0	285.0	221.0	298.0	221.0	367.0	187.0	1
74.0	202.0	70.0	218.0	95.0	199.0	157.0	160.0	141.0	177.0	173.0	213.0	170.0	237.0	161.0	255.0	179.0	184.0	199.0	155.0	198.0	197.0	204.0	168.0	223.0	174.0	266.0	176.0	255.0	253.0	266.0	207.0	288.0	221.0	302.0	220.0	368.0	185.0	1
76.0	201.0	72.0	217.0	98.0	198.0	157.0	162.0	138.0	178.0	175.0	213.0	173.0	237.0	164.0	255.0	182.0	186.0	199.0	154.0	197.0	196.0	204.0	168.0	225.0	174.0	263.0	177.0	257.0	247.0	264.0	204.0	288.0	219.0	300.0	219.0	367.0	185.0	1
75.0	201.0	72.0	217.0	95.0	199.0	156.0	163.0	139.0	179.0	173.0	214.0	172.0	237.0	164.0	254.0	178.0	185.0	198.0	158.0	199.0	197.0	202.0	169.0	222.0	174.0	266.0	177.0	258.0	249.0	265.0	206.0	288.0	220.0	301.0	219.0	368.0	187.0	1
74.0	201.0	67.0	216.0	95.0	199.0	156.0	162.0	139.0	179.0	174.0	214.0	172.0	237.0	163.0	254.0	179.0	186.0	200.0	157.0	197.0	196.0	205.0	170.0	227.0	175.0	267.0	178.0	258.0	249.0	265.0	206.0	287.0	219.0	302.0	219.0	373.0	185.0	1
72.0	200.0	65.0	216.0	93.0	198.0	157.0	161.0	139.0	178.0	171.0	215.0	168.0	238.0	160.0	256.0	179.0	185.0	200.0	155.0	197.0	197.0	205.0	168.0	225.0	173.0	268.0	177.0	260.0	253.0	267.0	207.0	291.0	221.0	304.0	222.0	374.0	184.0	1
62.0	200.0	57.0	217.0	88.0	198.0	151.0	159.0	132.0	176.0	171.0	216.0	168.0	241.0	159.0	261.0	178.0	184.0	199.0	152.0	195.0	196.0	203.0	165.0	226.0	172.0	271.0	175.0	261.0	256.0	273.0	209.0	295.0	223.0	309.0	222.0	386.0	183.0	1
75.0	200.0	71.0	216.0	93.0	197.0	155.0	162.0	139.0	177.0	172.0	213.0	170.0	236.0	160.0	253.0	181.0	184.0	201.0	156.0	197.0	196.0	205.0	168.0	227.0	175.0	265.0	177.0	253.0	249.0	265.0	207.0	284.0	220.0	298.0	220.0	364.0	185.0	1
73.0	200.0	70.0	215.0	95.0	198.0	158.0	161.0	138.0	178.0	173.0	213.0	170.0	237.0	160.0	255.0	181.0	184.0	202.0	154.0	199.0	195.0	207.0	167.0	227.0	173.0	270.0	178.0	256.0	251.0	263.0	206.0	285.0	220.0	299.0	221.0	371.0	186.0	1
70.0	199.0	65.0	215.0	95.0	198.0	156.0	162.0	138.0	178.0	172.0	214.0	170.0	237.0	161.0	255.0	183.0	186.0	203.0	156.0	199.0	197.0	208.0	169.0	228.0	175.0	270.0	178.0	255.0	251.0	266.0	207.0	287.0	221.0	301.0	221.0	374.0	186.0	1
74.0	200.0	70.0	215.0	97.0	198.0	158.0	161.0	141.0	177.0	173.0	213.0	170.0	237.0	159.0	256.0	183.0	184.0	202.0	156.0	197.0	194.0	208.0	168.0	230.0	175.0	272.0	179.0	255.0	251.0	263.0	205.0	287.0	220.0	298.0	219.0	367.0	187.0	1
77.0	201.0	73.0	216.0	101.0	198.0	158.0	162.0	142.0	178.0	175.0	212.0	172.0	236.0	164.0	253.0	181.0	184.0	202.0	156.0	200.0	197.0	205.0	169.0	225.0	175.0	266.0	178.0	257.0	250.0	262.0	205.0	286.0	220.0	299.0	220.0	362.0	185.0	1
69.0	202.0	64.0	216.0	92.0	199.0	153.0	163.0	137.0	178.0	173.0	213.0	170.0	237.0	159.0	254.0	178.0	184.0	200.0	155.0	197.0	197.0	204.0	167.0	226.0	173.0	266.0	176.0	259.0	250.0	264.0	206.0	289.0	220.0	302.0	220.0	376.0	186.0	1
69.0	201.0	64.0	217.0	89.0	199.0	151.0	161.0	135.0	177.0	172.0	213.0	171.0	237.0	162.0	255.0	179.0	184.0	198.0	154.0	195.0	196.0	204.0	167.0	224.0	173.0	268.0	176.0	261.0	252.0	267.0	206.0	292.0	220.0	306.0	220.0	377.0	183.0	1
70.0	199.0	64.0	215.0	92.0	198.0	155.0	159.0	137.0	177.0	171.0	213.0	169.0	238.0	159.0	256.0	180.0	183.0	200.0	153.0	198.0	196.0	207.0	166.0	230.0	172.0	269.0	176.0	254.0	253.0	265.0	206.0	288.0	221.0	301.0	221.0	375.0	186.0	1
68.0	199.0	64.0	215.0	91.0	198.0	155.0	161.0	137.0	177.0	171.0	213.0	165.0	236.0	156.0	253.0	177.0	183.0	199.0	156.0	195.0	194.0	204.0	167.0	225.0	173.0	264.0	175.0	257.0	250.0	265.0	205.0	288.0	220.0	301.0	220.0	372.0	183.0	1
76.0	202.0	73.0	218.0	97.0	199.0	158.0	162.0	139.0	178.0	173.0	215.0	170.0	237.0	163.0	254.0	178.0	184.0	199.0	156.0	197.0	197.0	204.0	168.0	224.0	174.0	261.0	176.0	255.0	250.0	262.0	207.0	285.0	221.0	299.0	221.0	366.0	185.0	1
71.0	198.0	67.0	215.0	94.0	195.0	157.0	160.0	137.0	176.0	173.0	212.0	170.0	235.0	161.0	252.0	180.0	183.0	202.0	153.0	198.0	196.0	206.0	166.0	227.0	172.0	268.0	175.0	256.0	249.0	267.0	206.0	286.0	218.0	301.0	218.0	373.0	184.0	1
74.0	200.0	67.0	215.0	96.0	199.0	156.0	163.0	140.0	179.0	175.0	214.0	173.0	238.0	166.0	255.0	177.0	184.0	203.0	157.0	199.0	198.0	206.0	170.0	227.0	175.0	267.0	178.0	257.0	251.0	263.0	206.0	287.0	221.0	299.0	220.0	368.0	182.0	1
69.0	201.0	65.0	218.0	92.0	198.0	155.0	160.0	139.0	177.0	171.0	213.0	169.0	237.0	158.0	254.0	178.0	182.0	203.0	153.0	198.0	196.0	207.0	166.0	228.0	173.0	270.0	177.0	257.0	254.0	263.0	206.0	286.0	222.0	300.0	223.0	374.0	187.0	1
72.0	200.0	70.0	216.0	98.0	197.0	159.0	162.0	141.0	177.0	172.0	213.0	169.0	236.0	161.0	253.0	181.0	185.0	201.0	156.0	198.0	196.0	205.0	169.0	225.0	174.0	267.0	178.0	254.0	249.0	266.0	208.0	286.0	220.0	299.0	220.0	367.0	185.0	1
75.0	201.0	71.0	217.0	98.0	198.0	155.0	163.0	139.0	178.0	176.0	213.0	172.0	236.0	161.0	253.0	177.0	183.0	202.0	156.0	199.0	196.0	206.0	168.0	227.0	174.0	269.0	177.0	259.0	251.0	265.0	206.0	290.0	220.0	302.0	220.0	367.0	184.0	1
74.0	201.0	68.0	215.0	98.0	197.0	158.0	162.0	141.0	177.0	174.0	214.0	170.0	237.0	162.0	254.0	181.0	185.0	201.0	157.0	200.0	197.0	206.0	168.0	227.0	174.0	267.0	177.0	256.0	250.0	265.0	206.0	286.0	220.0	299.0	220.0	371.0	186.0	1
72.0	201.0	69.0	216.0	93.0	198.0	156.0	162.0	140.0	176.0	172.0	214.0	170.0	238.0	160.0	254.0	183.0	185.0	201.0	156.0	196.0	196.0	206.0	169.0	228.0	174.0	271.0	178.0	254.0	250.0	266.0	207.0	287.0	220.0	299.0	219.0	370.0	186.0	1
76.0	201.0	73.0	216.0	97.0	198.0	161.0	162.0	142.0	177.0	174.0	212.0	171.0	237.0	165.0	254.0	184.0	186.0	202.0	158.0	199.0	196.0	207.0	170.0	228.0	176.0	266.0	179.0	257.0	248.0	264.0	206.0	286.0	219.0	298.0	219.0	365.0	187.0	1
75.0	200.0	70.0	216.0	93.0	198.0	157.0	162.0	138.0	178.0	172.0	214.0	170.0	237.0	163.0	256.0	182.0	185.0	201.0	157.0	198.0	196.0	206.0	170.0	226.0	175.0	266.0	176.0	254.0	251.0	260.0	206.0	285.0	221.0	300.0	222.0	367.0	186.0	1
76.0	201.0	71.0	216.0	96.0	199.0	158.0	161.0	140.0	177.0	174.0	213.0	172.0	237.0	164.0	255.0	180.0	184.0	202.0	156.0	198.0	197.0	208.0	168.0	229.0	174.0	266.0	177.0	255.0	248.0	263.0	205.0	284.0	220.0	296.0	219.0	367.0	188.0	1
72.0	201.0	68.0	216.0	94.0	198.0	153.0	162.0	138.0	178.0	174.0	213.0	171.0	237.0	162.0	254.0	181.0	185.0	199.0	157.0	199.0	198.0	203.0	169.0	226.0	175.0	268.0	177.0	257.0	251.0	265.0	205.0	289.0	220.0	301.0	219.0	371.0	184.0	1
70.0	200.0	66.0	218.0	90.0	197.0	154.0	159.0	137.0	175.0	172.0	213.0	169.0	238.0	162.0	256.0	178.0	181.0	201.0	152.0	197.0	196.0	206.0	165.0	227.0	171.0	269.0	175.0	260.0	252.0	266.0	206.0	290.0	221.0	306.0	221.0	377.0	183.0	1
72.0	200.0	68.0	215.0	96.0	197.0	158.0	163.0	142.0	177.0	173.0	212.0	171.0	236.0	162.0	252.0	183.0	186.0	202.0	157.0	198.0	198.0	208.0	170.0	229.0	177.0	264.0	179.0	251.0	248.0	261.0	206.0	282.0	220.0	296.0	221.0	367.0	186.0	1
72.0	201.0	70.0	218.0	93.0	198.0	152.0	160.0	137.0	176.0	174.0	212.0	170.0	238.0	163.0	255.0	180.0	183.0	200.0	153.0	197.0	194.0	204.0	166.0	227.0	172.0	271.0	175.0	260.0	251.0	268.0	204.0	293.0	220.0	306.0	220.0	378.0	184.0	1
75.0	200.0	71.0	216.0	99.0	198.0	158.0	162.0	141.0	178.0	174.0	213.0	172.0	237.0	164.0	253.0	179.0	184.0	201.0	157.0	200.0	198.0	206.0	170.0	226.0	175.0	271.0	178.0	260.0	249.0	266.0	206.0	288.0	219.0	300.0	219.0	372.0	186.0	1
73.0	202.0	71.0	217.0	94.0	199.0	156.0	161.0	138.0	178.0	173.0	214.0	171.0	238.0	163.0	254.0	180.0	184.0	199.0	154.0	198.0	197.0	204.0	167.0	225.0	173.0	268.0	177.0	256.0	250.0	264.0	206.0	288.0	221.0	301.0	221.0	369.0	185.0	1
74.0	201.0	71.0	217.0	94.0	198.0	156.0	162.0	140.0	177.0	175.0	213.0	172.0	236.0	162.0	254.0	180.0	183.0	198.0	156.0	198.0	197.0	203.0	167.0	227.0	174.0	265.0	177.0	257.0	251.0	265.0	205.0	287.0	219.0	298.0	219.0	369.0	186.0	1
77.0	201.0	74.0	217.0	98.0	197.0	157.0	160.0	142.0	176.0	172.0	211.0	170.0	234.0	163.0	251.0	178.0	182.0	200.0	156.0	197.0	195.0	203.0	167.0	224.0	173.0	266.0	177.0	254.0	247.0	262.0	205.0	284.0	219.0	298.0	220.0	367.0	186.0	1
75.0	201.0	72.0	218.0	96.0	199.0	156.0	163.0	145.0	175.0	173.0	214.0	171.0	238.0	161.0	255.0	179.0	185.0	197.0	156.0	195.0	196.0	203.0	168.0	223.0	174.0	265.0	176.0	256.0	251.0	261.0	205.0	286.0	219.0	299.0	219.0	365.0	185.0	1
76.0	201.0	73.0	216.0	101.0	198.0	155.0	162.0	140.0	178.0	173.0	212.0	173.0	236.0	164.0	253.0	180.0	185.0	199.0	157.0	198.0	197.0	205.0	169.0	227.0	175.0	267.0	178.0	254.0	249.0	261.0	206.0	284.0	219.0	297.0	219.0	366.0	186.0	1
77.0	201.0	74.0	216.0	96.0	198.0	156.0	163.0	140.0	178.0	172.0	213.0	170.0	237.0	160.0	252.0	183.0	185.0	198.0	157.0	196.0	196.0	204.0	170.0	225.0	174.0	268.0	177.0	256.0	250.0	265.0	207.0	286.0	220.0	297.0	219.0	364.0	186.0	1
78.0	202.0	74.0	215.0	100.0	199.0	155.0	165.0	140.0	180.0	172.0	212.0	171.0	235.0	164.0	251.0	180.0	186.0	197.0	158.0	194.0	197.0	202.0	171.0	223.0	176.0	264.0	178.0	252.0	247.0	264.0	207.0	282.0	219.0	298.0	219.0	364.0	184.0	1
75.0	201.0	70.0	216.0	94.0	199.0	158.0	161.0	140.0	178.0	171.0	213.0	169.0	237.0	160.0	254.0	181.0	186.0	200.0	156.0	196.0	197.0	204.0	169.0	229.0	175.0	270.0	178.0	258.0	251.0	267.0	207.0	287.0	221.0	301.0	220.0	369.0	187.0	1
75.0	201.0	71.0	216.0	96.0	198.0	156.0	163.0	141.0	179.0	172.0	214.0	168.0	236.0	160.0	252.0	179.0	185.0	200.0	157.0	197.0	197.0	206.0	169.0	227.0	175.0	267.0	178.0	253.0	250.0	264.0	207.0	286.0	221.0	299.0	221.0	362.0	185.0	1
77.0	201.0	73.0	216.0	100.0	198.0	156.0	163.0	139.0	178.0	174.0	212.0	171.0	235.0	160.0	252.0	181.0	184.0	202.0	156.0	199.0	196.0	206.0	168.0	225.0	173.0	264.0	176.0	253.0	250.0	265.0	207.0	285.0	220.0	299.0	221.0	370.0	187.0	1
74.0	201.0	70.0	217.0	98.0	198.0	158.0	164.0	142.0	178.0	173.0	212.0	171.0	235.0	162.0	250.0	180.0	185.0	199.0	158.0	195.0	195.0	203.0	169.0	226.0	175.0	267.0	178.0	257.0	247.0	266.0	207.0	285.0	219.0	299.0	219.0	370.0	187.0	1
75.0	202.0	71.0	217.0	96.0	199.0	156.0	163.0	138.0	179.0	173.0	212.0	172.0	237.0	165.0	254.0	180.0	184.0	201.0	156.0	197.0	197.0	205.0	169.0	226.0	175.0	270.0	178.0	255.0	248.0	263.0	205.0	285.0	220.0	298.0	220.0	365.0	188.0	1
74.0	200.0	71.0	217.0	96.0	198.0	156.0	163.0	142.0	177.0	172.0	213.0	170.0	237.0	160.0	253.0	181.0	185.0	201.0	157.0	197.0	197.0	205.0	169.0	226.0	175.0	266.0	177.0	258.0	252.0	264.0	206.0	288.0	221.0	302.0	220.0	371.0	184.0	1
77.0	202.0	73.0	218.0	94.0	199.0	157.0	161.0	138.0	178.0	175.0	214.0	174.0	238.0	168.0	257.0	183.0	185.0	199.0	156.0	198.0	196.0	204.0	169.0	224.0	174.0	265.0	177.0	255.0	250.0	263.0	205.0	286.0	220.0	300.0	221.0	368.0	185.0	1
75.0	201.0	71.0	217.0	100.0	198.0	158.0	163.0	141.0	178.0	173.0	214.0	170.0	237.0	161.0	254.0	183.0	185.0	200.0	156.0	198.0	197.0	205.0	169.0	223.0	174.0	264.0	177.0	255.0	249.0	264.0	207.0	283.0	219.0	296.0	220.0	362.0	189.0	1
72.0	200.0	70.0	216.0	95.0	197.0	159.0	162.0	143.0	176.0	172.0	212.0	170.0	236.0	161.0	252.0	185.0	185.0	200.0	157.0	198.0	196.0	207.0	170.0	228.0	176.0	273.0	178.0	258.0	250.0	264.0	205.0	287.0	218.0	299.0	218.0	368.0	186.0	1
73.0	200.0	69.0	216.0	98.0	197.0	157.0	161.0	138.0	178.0	175.0	214.0	172.0	239.0	164.0	256.0	182.0	185.0	200.0	155.0	201.0	198.0	206.0	169.0	226.0	174.0	265.0	177.0	257.0	252.0	266.0	207.0	287.0	220.0	299.0	220.0	363.0	183.0	1
75.0	201.0	71.0	216.0	98.0	197.0	159.0	162.0	141.0	178.0	172.0	213.0	169.0	237.0	162.0	254.0	179.0	185.0	200.0	157.0	199.0	197.0	204.0	168.0	225.0	174.0	268.0	177.0	258.0	250.0	266.0	208.0	286.0	220.0	299.0	220.0	369.0	184.0	1
78.0	201.0	75.0	215.0	102.0	199.0	159.0	163.0	141.0	179.0	176.0	213.0	174.0	236.0	166.0	252.0	182.0	185.0	200.0	158.0	198.0	197.0	205.0	170.0	226.0	176.0	262.0	178.0	252.0	247.0	262.0	206.0	283.0	220.0	294.0	220.0	362.0	188.0	1
78.0	201.0	73.0	215.0	99.0	198.0	161.0	163.0	145.0	178.0	174.0	212.0	171.0	236.0	162.0	254.0	183.0	185.0	204.0	158.0	198.0	196.0	206.0	170.0	226.0	176.0	264.0	178.0	255.0	247.0	263.0	207.0	282.0	220.0	295.0	220.0	362.0	188.0	1
73.0	200.0	67.0	215.0	94.0	198.0	157.0	160.0	140.0	176.0	173.0	213.0	171.0	238.0	160.0	257.0	183.0	185.0	200.0	153.0	198.0	196.0	206.0	166.0	223.0	171.0	265.0	175.0	258.0	254.0	266.0	207.0	290.0	222.0	302.0	222.0	370.0	182.0	1
77.0	201.0	72.0	216.0	98.0	198.0	159.0	162.0	144.0	177.0	173.0	213.0	171.0	237.0	162.0	255.0	183.0	184.0	202.0	157.0	199.0	196.0	206.0	169.0	224.0	173.0	262.0	177.0	255.0	249.0	263.0	206.0	287.0	220.0	299.0	220.0	368.0	187.0	1
75.0	197.0	71.0	213.0	97.0	195.0	159.0	160.0	139.0	176.0	172.0	211.0	171.0	234.0	163.0	252.0	180.0	182.0	201.0	155.0	195.0	193.0	205.0	167.0	225.0	173.0	259.0	175.0	255.0	247.0	262.0	205.0	283.0	219.0	296.0	219.0	364.0	185.0	1
73.0	197.0	69.0	211.0	96.0	194.0	156.0	160.0	139.0	176.0	169.0	210.0	168.0	232.0	160.0	248.0	177.0	184.0	199.0	156.0	192.0	194.0	202.0	168.0	224.0	174.0	266.0	177.0	250.0	245.0	262.0	205.0	280.0	217.0	294.0	218.0	365.0	185.0	1
75.0	199.0	70.0	214.0	96.0	197.0	156.0	161.0	138.0	177.0	171.0	214.0	169.0	237.0	158.0	255.0	180.0	184.0	203.0	154.0	199.0	197.0	210.0	167.0	231.0	174.0	271.0	178.0	255.0	251.0	267.0	206.0	289.0	220.0	302.0	220.0	372.0	185.0	1
77.0	200.0	73.0	215.0	99.0	198.0	161.0	162.0	144.0	177.0	174.0	213.0	172.0	236.0	163.0	252.0	181.0	185.0	203.0	157.0	198.0	196.0	207.0	169.0	227.0	176.0	262.0	177.0	258.0	249.0	265.0	206.0	285.0	219.0	299.0	220.0	363.0	185.0	1
74.0	200.0	69.0	214.0	100.0	197.0	158.0	163.0	143.0	177.0	174.0	212.0	172.0	233.0	163.0	250.0	180.0	184.0	201.0	157.0	196.0	196.0	206.0	169.0	228.0	175.0	265.0	177.0	258.0	247.0	263.0	205.0	284.0	219.0	299.0	219.0	367.0	185.0	1
73.0	201.0	68.0	216.0	93.0	198.0	155.0	163.0	138.0	179.0	171.0	213.0	170.0	237.0	161.0	255.0	180.0	185.0	200.0	157.0	195.0	196.0	205.0	169.0	224.0	174.0	268.0	178.0	259.0	250.0	267.0	206.0	287.0	219.0	301.0	219.0	369.0	185.0	1
72.0	201.0	67.0	217.0	90.0	198.0	154.0	161.0	136.0	176.0	173.0	214.0	172.0	239.0	164.0	257.0	178.0	183.0	198.0	154.0	195.0	196.0	202.0	167.0	226.0	173.0	272.0	176.0	261.0	252.0	265.0	207.0	290.0	221.0	306.0	221.0	375.0	184.0	1
73.0	201.0	69.0	216.0	96.0	198.0	157.0	162.0	139.0	179.0	174.0	214.0	170.0	237.0	161.0	253.0	180.0	186.0	201.0	157.0	199.0	198.0	205.0	170.0	227.0	175.0	273.0	178.0	257.0	250.0	266.0	207.0	287.0	220.0	300.0	219.0	372.0	185.0	1
72.0	202.0	68.0	218.0	96.0	199.0	155.0	161.0	139.0	177.0	176.0	215.0	169.0	238.0	160.0	256.0	180.0	183.0	199.0	155.0	199.0	197.0	204.0	167.0	226.0	174.0	267.0	177.0	258.0	251.0	265.0	207.0	289.0	222.0	302.0	222.0	365.0	185.0	1
76.0	201.0	72.0	216.0	99.0	198.0	156.0	162.0	140.0	178.0	174.0	213.0	172.0	237.0	164.0	254.0	183.0	185.0	201.0	157.0	197.0	195.0	204.0	169.0	225.0	174.0	267.0	176.0	254.0	250.0	261.0	204.0	286.0	220.0	299.0	221.0	364.0	186.0	1
61.0	200.0	57.0	216.0	85.0	197.0	155.0	159.0	134.0	176.0	172.0	213.0	167.0	237.0	158.0	256.0	178.0	183.0	203.0	152.0	197.0	196.0	209.0	166.0	231.0	171.0	275.0	175.0	263.0	252.0	273.0	206.0	296.0	221.0	309.0	220.0	386.0	183.0	1
77.0	201.0	72.0	214.0	100.0	199.0	156.0	164.0	141.0	179.0	175.0	212.0	171.0	235.0	164.0	251.0	179.0	185.0	199.0	159.0	196.0	197.0	204.0	170.0	223.0	175.0	266.0	178.0	253.0	247.0	260.0	205.0	282.0	219.0	298.0	220.0	364.0	186.0	1
74.0	201.0	69.0	215.0	97.0	199.0	158.0	164.0	143.0	177.0	174.0	213.0	171.0	235.0	162.0	252.0	180.0	185.0	201.0	157.0	199.0	198.0	205.0	168.0	227.0	174.0	267.0	177.0	256.0	249.0	264.0	206.0	285.0	219.0	299.0	220.0	368.0	186.0	1
70.0	202.0	65.0	217.0	91.0	199.0	156.0	159.0	134.0	177.0	173.0	215.0	171.0	239.0	164.0	257.0	179.0	184.0	202.0	153.0	199.0	197.0	206.0	167.0	224.0	172.0	265.0	175.0	259.0	253.0	266.0	206.0	290.0	221.0	301.0	221.0	372.0	184.0	1
74.0	197.0	70.0	214.0	97.0	195.0	155.0	158.0	138.0	173.0	169.0	209.0	167.0	234.0	158.0	250.0	178.0	181.0	203.0	154.0	196.0	194.0	205.0	164.0	224.0	171.0	265.0	175.0	252.0	248.0	263.0	205.0	282.0	219.0	297.0	220.0	366.0	188.0	1
73.0	202.0	70.0	216.0	94.0	200.0	151.0	164.0	134.0	180.0	173.0	214.0	170.0	237.0	162.0	253.0	179.0	186.0	199.0	157.0	194.0	196.0	204.0	169.0	224.0	174.0	273.0	178.0	261.0	250.0	266.0	206.0	288.0	220.0	302.0	220.0	371.0	184.0	1
73.0	202.0	70.0	217.0	97.0	198.0	157.0	163.0	139.0	178.0	174.0	213.0	172.0	237.0	165.0	254.0	177.0	184.0	199.0	157.0	196.0	196.0	204.0	169.0	225.0	174.0	266.0	177.0	258.0	248.0	266.0	206.0	288.0	219.0	301.0	218.0	368.0	185.0	1
68.0	200.0	64.0	215.0	92.0	197.0	158.0	162.0	141.0	177.0	174.0	213.0	171.0	235.0	161.0	252.0	181.0	184.0	202.0	156.0	197.0	196.0	207.0	170.0	229.0	176.0	269.0	179.0	255.0	249.0	266.0	207.0	283.0	219.0	297.0	219.0	367.0	186.0	1
76.0	201.0	72.0	215.0	95.0	199.0	159.0	163.0	141.0	178.0	174.0	213.0	171.0	235.0	163.0	250.0	181.0	185.0	200.0	157.0	197.0	196.0	204.0	170.0	224.0	175.0	265.0	177.0	255.0	247.0	262.0	205.0	284.0	219.0	297.0	219.0	364.0	188.0	1
78.0	203.0	72.0	216.0	102.0	199.0	156.0	164.0	139.0	180.0	175.0	213.0	173.0	235.0	164.0	252.0	181.0	185.0	200.0	157.0	199.0	197.0	205.0	170.0	227.0	175.0	266.0	178.0	253.0	248.0	264.0	206.0	285.0	220.0	299.0	220.0	365.0	187.0	1
69.0	200.0	64.0	215.0	91.0	197.0	152.0	161.0	135.0	178.0	172.0	214.0	169.0	239.0	162.0	257.0	179.0	184.0	199.0	155.0	197.0	196.0	203.0	167.0	223.0	173.0	273.0	177.0	259.0	252.0	265.0	206.0	290.0	220.0	303.0	220.0	374.0	184.0	1
74.0	203.0	71.0	217.0	101.0	199.0	159.0	163.0	143.0	178.0	176.0	213.0	174.0	236.0	167.0	252.0	183.0	185.0	199.0	158.0	198.0	196.0	204.0	169.0	226.0	175.0	265.0	178.0	256.0	248.0	263.0	206.0	283.0	219.0	296.0	218.0	364.0	186.0	1
75.0	202.0	71.0	218.0	96.0	199.0	153.0	162.0	139.0	177.0	174.0	214.0	172.0	237.0	163.0	255.0	179.0	185.0	199.0	156.0	196.0	196.0	202.0	168.0	224.0	173.0	267.0	177.0	258.0	250.0	264.0	205.0	287.0	220.0	301.0	220.0	366.0	185.0	1
72.0	202.0	68.0	218.0	93.0	199.0	156.0	163.0	138.0	177.0	174.0	213.0	170.0	237.0	160.0	254.0	176.0	183.0	200.0	155.0	199.0	197.0	205.0	168.0	226.0	174.0	267.0	176.0	256.0	250.0	265.0	205.0	289.0	220.0	303.0	220.0	371.0	187.0	1
74.0	199.0	69.0	215.0	94.0	197.0	160.0	162.0	141.0	178.0	175.0	213.0	170.0	235.0	158.0	252.0	182.0	184.0	202.0	156.0	198.0	196.0	208.0	168.0	229.0	174.0	269.0	178.0	255.0	251.0	264.0	207.0	285.0	221.0	299.0	221.0	368.0	187.0	1
73.0	201.0	68.0	216.0	93.0	198.0	157.0	161.0	139.0	177.0	173.0	214.0	172.0	239.0	162.0	255.0	179.0	184.0	203.0	155.0	197.0	196.0	207.0	168.0	227.0	174.0	267.0	177.0	256.0	251.0	265.0	206.0	286.0	220.0	299.0	220.0	369.0	187.0	1
70.0	202.0	66.0	218.0	92.0	199.0	155.0	160.0	138.0	176.0	173.0	213.0	171.0	237.0	161.0	255.0	183.0	184.0	199.0	155.0	197.0	195.0	204.0	167.0	226.0	173.0	268.0	176.0	257.0	249.0	265.0	205.0	288.0	221.0	302.0	221.0	374.0	188.0	1
75.0	202.0	71.0	217.0	97.0	199.0	156.0	163.0	142.0	178.0	175.0	213.0	174.0	237.0	166.0	252.0	180.0	184.0	201.0	158.0	199.0	198.0	206.0	170.0	227.0	176.0	264.0	178.0	256.0	249.0	262.0	203.0	286.0	220.0	300.0	220.0	368.0	186.0	1
74.0	203.0	70.0	217.0	97.0	200.0	154.0	164.0	139.0	179.0	171.0	212.0	169.0	236.0	161.0	252.0	178.0	184.0	197.0	158.0	195.0	196.0	202.0	169.0	225.0	174.0	265.0	176.0	258.0	249.0	265.0	205.0	289.0	219.0	300.0	219.0	372.0	188.0	1
71.0	200.0	68.0	216.0	97.0	197.0	152.0	162.0	139.0	177.0	173.0	213.0	169.0	236.0	160.0	253.0	179.0	184.0	200.0	156.0	197.0	197.0	206.0	169.0	230.0	176.0	267.0	178.0	259.0	249.0	263.0	205.0	287.0	221.0	301.0	220.0	366.0	184.0	1
77.0	202.0	73.0	216.0	100.0	199.0	157.0	163.0	142.0	180.0	174.0	213.0	171.0	237.0	164.0	253.0	182.0	186.0	200.0	157.0	197.0	196.0	204.0	169.0	222.0	174.0	265.0	178.0	256.0	249.0	261.0	205.0	284.0	220.0	297.0	220.0	366.0	188.0	1
72.0	199.0	67.0	215.0	96.0	197.0	154.0	161.0	136.0	178.0	172.0	213.0	169.0	238.0	159.0	254.0	179.0	185.0	201.0	155.0	197.0	198.0	206.0	168.0	228.0	174.0	265.0	177.0	255.0	251.0	264.0	207.0	287.0	221.0	301.0	220.0	371.0	182.0	1
77.0	202.0	72.0	218.0	96.0	199.0	157.0	162.0	140.0	178.0	174.0	215.0	172.0	238.0	165.0	257.0	177.0	184.0	198.0	155.0	198.0	197.0	202.0	168.0	223.0	174.0	259.0	177.0	257.0	251.0	260.0	205.0	285.0	221.0	298.0	220.0	365.0	185.0	1
79.0	203.0	73.0	218.0	94.0	200.0	156.0	163.0	141.0	179.0	174.0	214.0	173.0	237.0	165.0	254.0	179.0	184.0	202.0	157.0	197.0	195.0	206.0	169.0	225.0	174.0	264.0	176.0	258.0	250.0	264.0	204.0	290.0	221.0	302.0	221.0	371.0	186.0	1
79.0	201.0	76.0	216.0	98.0	199.0	158.0	164.0	142.0	178.0	172.0	213.0	170.0	235.0	163.0	250.0	178.0	186.0	201.0	158.0	195.0	197.0	205.0	170.0	223.0	174.0	264.0	177.0	257.0	249.0	263.0	207.0	285.0	221.0	299.0	221.0	366.0	185.0	1
69.0	201.0	64.0	217.0	91.0	198.0	154.0	162.0	135.0	178.0	173.0	213.0	170.0	238.0	161.0	255.0	181.0	184.0	202.0	156.0	199.0	196.0	206.0	168.0	227.0	174.0	272.0	177.0	259.0	252.0	270.0	207.0	289.0	221.0	303.0	221.0	375.0	185.0	1
69.0	199.0	66.0	215.0	92.0	197.0	158.0	163.0	141.0	177.0	172.0	212.0	169.0	235.0	160.0	253.0	180.0	184.0	204.0	157.0	196.0	195.0	208.0	168.0	228.0	174.0	265.0	176.0	260.0	249.0	264.0	206.0	287.0	220.0	302.0	220.0	373.0	185.0	1
74.0	200.0	68.0	214.0	98.0	198.0	160.0	164.0	143.0	179.0	175.0	214.0	171.0	237.0	163.0	252.0	179.0	186.0	201.0	158.0	197.0	198.0	206.0	170.0	227.0	176.0	268.0	179.0	257.0	251.0	261.0	206.0	288.0	222.0	300.0	221.0	363.0	183.0	1
66.0	201.0	62.0	217.0	92.0	198.0	154.0	161.0	137.0	177.0	171.0	213.0	168.0	238.0	160.0	255.0	180.0	184.0	197.0	154.0	195.0	195.0	204.0	168.0	227.0	173.0	269.0	176.0	261.0	251.0	270.0	207.0	292.0	221.0	305.0	221.0	376.0	184.0	1
76.0	201.0	73.0	216.0	98.0	199.0	159.0	164.0	140.0	179.0	176.0	213.0	177.0	237.0	170.0	252.0	184.0	187.0	201.0	159.0	196.0	196.0	205.0	170.0	225.0	175.0	265.0	178.0	259.0	247.0	262.0	203.0	288.0	219.0	300.0	219.0	368.0	186.0	1
68.0	200.0	64.0	216.0	92.0	197.0	156.0	160.0	138.0	175.0	172.0	214.0	170.0	237.0	161.0	255.0	180.0	183.0	200.0	153.0	198.0	194.0	205.0	165.0	228.0	172.0	273.0	175.0	262.0	251.0	270.0	206.0	294.0	221.0	307.0	220.0	379.0	181.0	1
76.0	201.0	74.0	215.0	99.0	198.0	156.0	165.0	139.0	178.0	171.0	211.0	168.0	232.0	160.0	248.0	180.0	186.0	201.0	159.0	197.0	198.0	205.0	170.0	225.0	175.0	265.0	179.0	253.0	246.0	262.0	206.0	283.0	220.0	295.0	219.0	363.0	189.0	1
68.0	200.0	62.0	216.0	93.0	198.0	156.0	161.0	141.0	176.0	173.0	214.0	170.0	239.0	161.0	258.0	181.0	183.0	200.0	156.0	198.0	196.0	204.0	168.0	226.0	174.0	266.0	177.0	258.0	254.0	265.0	206.0	289.0	221.0	304.0	222.0	371.0	184.0	1
67.0	199.0	63.0	216.0	94.0	196.0	155.0	159.0	139.0	174.0	172.0	213.0	168.0	238.0	158.0	256.0	180.0	183.0	202.0	155.0	194.0	193.0	206.0	167.0	227.0	173.0	272.0	177.0	257.0	253.0	267.0	208.0	287.0	221.0	301.0	221.0	374.0	184.0	1
74.0	200.0	70.0	214.0	97.0	198.0	158.0	163.0	142.0	179.0	173.0	212.0	170.0	235.0	163.0	252.0	178.0	184.0	200.0	158.0	197.0	196.0	203.0	169.0	225.0	175.0	273.0	177.0	257.0	248.0	268.0	207.0	287.0	219.0	300.0	218.0	370.0	185.0	1
78.0	201.0	73.0	217.0	96.0	199.0	158.0	161.0	139.0	179.0	175.0	215.0	174.0	237.0	167.0	256.0	179.0	185.0	201.0	156.0	198.0	198.0	205.0	169.0	228.0	174.0	262.0	176.0	259.0	251.0	264.0	206.0	286.0	220.0	298.0	220.0	366.0	185.0	1
75.0	200.0	69.0	213.0	103.0	198.0	159.0	164.0	144.0	179.0	174.0	213.0	170.0	234.0	158.0	251.0	181.0	186.0	204.0	157.0	199.0	199.0	208.0	170.0	227.0	176.0	268.0	179.0	258.0	249.0	264.0	206.0	285.0	219.0	299.0	220.0	368.0	186.0	1
74.0	201.0	70.0	216.0	98.0	199.0	158.0	161.0	141.0	177.0	172.0	214.0	169.0	237.0	160.0	255.0	181.0	184.0	201.0	155.0	197.0	196.0	206.0	168.0	229.0	174.0	265.0	176.0	255.0	252.0	266.0	207.0	289.0	222.0	302.0	222.0	371.0	187.0	1
77.0	203.0	70.0	217.0	100.0	200.0	157.0	162.0	139.0	180.0	175.0	215.0	174.0	238.0	167.0	256.0	180.0	185.0	197.0	156.0	196.0	197.0	202.0	169.0	221.0	173.0	260.0	176.0	260.0	251.0	264.0	206.0	287.0	219.0	299.0	218.0	366.0	181.0	1
67.0	201.0	63.0	218.0	86.0	199.0	154.0	160.0	132.0	178.0	172.0	213.0	171.0	238.0	163.0	256.0	179.0	183.0	200.0	154.0	195.0	194.0	206.0	167.0	227.0	173.0	271.0	177.0	265.0	252.0	270.0	205.0	294.0	221.0	308.0	221.0	383.0	186.0	1
72.0	201.0	67.0	215.0	94.0	198.0	157.0	162.0	141.0	177.0	174.0	213.0	174.0	237.0	163.0	254.0	181.0	184.0	200.0	156.0	197.0	196.0	205.0	169.0	229.0	176.0	268.0	178.0	257.0	251.0	267.0	206.0	288.0	220.0	300.0	219.0	369.0	184.0	1
73.0	201.0	68.0	217.0	96.0	199.0	156.0	162.0	140.0	179.0	173.0	213.0	172.0	237.0	163.0	255.0	180.0	184.0	202.0	155.0	198.0	196.0	207.0	167.0	228.0	173.0	272.0	177.0	259.0	251.0	266.0	206.0	290.0	221.0	302.0	220.0	372.0	188.0	1
73.0	203.0	69.0	219.0	96.0	199.0	158.0	162.0	141.0	177.0	173.0	213.0	170.0	237.0	164.0	256.0	178.0	183.0	200.0	155.0	197.0	196.0	205.0	168.0	228.0	174.0	267.0	177.0	261.0	252.0	266.0	206.0	289.0	221.0	303.0	221.0	371.0	185.0	1
77.0	200.0	71.0	215.0	100.0	197.0	158.0	161.0	143.0	176.0	172.0	213.0	169.0	235.0	160.0	251.0	180.0	183.0	203.0	155.0	197.0	197.0	207.0	168.0	228.0	174.0	267.0	178.0	258.0	249.0	261.0	205.0	285.0	220.0	298.0	220.0	362.0	185.0	1
75.0	201.0	70.0	216.0	99.0	198.0	157.0	163.0	141.0	178.0	174.0	214.0	171.0	237.0	164.0	252.0	181.0	185.0	200.0	156.0	199.0	197.0	204.0	169.0	227.0	175.0	267.0	178.0	256.0	249.0	266.0	207.0	284.0	220.0	299.0	219.0	367.0	186.0	1
71.0	201.0	68.0	216.0	93.0	199.0	156.0	163.0	140.0	178.0	172.0	213.0	168.0	236.0	159.0	253.0	179.0	183.0	203.0	157.0	198.0	196.0	206.0	168.0	224.0	174.0	269.0	177.0	257.0	250.0	263.0	206.0	289.0	221.0	301.0	221.0	370.0	186.0	1
75.0	199.0	72.0	214.0	92.0	196.0	157.0	160.0	140.0	175.0	172.0	210.0	170.0	234.0	162.0	250.0	179.0	181.0	198.0	154.0	198.0	195.0	203.0	167.0	226.0	174.0	265.0	178.0	251.0	247.0	261.0	204.0	282.0	218.0	295.0	218.0	366.0	188.0	1
73.0	200.0	70.0	217.0	94.0	197.0	157.0	159.0	139.0	176.0	172.0	214.0	168.0	238.0	160.0	255.0	184.0	184.0	202.0	154.0	200.0	196.0	207.0	167.0	227.0	173.0	269.0	177.0	257.0	253.0	266.0	207.0	289.0	222.0	301.0	221.0	374.0	185.0	1
71.0	201.0	67.0	216.0	93.0	198.0	156.0	161.0	139.0	177.0	173.0	212.0	172.0	236.0	164.0	253.0	177.0	184.0	201.0	155.0	196.0	196.0	204.0	168.0	226.0	174.0	268.0	176.0	259.0	248.0	266.0	205.0	288.0	218.0	301.0	218.0	372.0	185.0	1
70.0	201.0	66.0	217.0	92.0	198.0	155.0	162.0	138.0	177.0	172.0	213.0	171.0	238.0	163.0	254.0	180.0	185.0	198.0	156.0	197.0	197.0	203.0	168.0	226.0	174.0	270.0	176.0	262.0	250.0	268.0	205.0	292.0	219.0	306.0	218.0	375.0	184.0	1
68.0	201.0	63.0	217.0	94.0	197.0	158.0	160.0	140.0	176.0	172.0	214.0	169.0	238.0	158.0	256.0	179.0	183.0	202.0	153.0	195.0	194.0	207.0	166.0	229.0	173.0	273.0	178.0	257.0	253.0	267.0	207.0	291.0	222.0	303.0	222.0	374.0	186.0	1
71.0	200.0	68.0	216.0	95.0	198.0	157.0	162.0	142.0	178.0	175.0	212.0	172.0	236.0	164.0	255.0	178.0	183.0	202.0	155.0	199.0	196.0	206.0	168.0	227.0	173.0	265.0	176.0	256.0	250.0	264.0	207.0	286.0	221.0	299.0	220.0	369.0	185.0	1
74.0	202.0	69.0	217.0	92.0	199.0	154.0	163.0	138.0	178.0	173.0	214.0	171.0	237.0	162.0	254.0	177.0	184.0	199.0	156.0	195.0	196.0	204.0	169.0	224.0	175.0	267.0	177.0	256.0	250.0	266.0	206.0	287.0	220.0	300.0	219.0	368.0	184.0	1
75.0	200.0	70.0	216.0	96.0	198.0	159.0	162.0	144.0	177.0	172.0	212.0	169.0	236.0	160.0	253.0	183.0	185.0	199.0	157.0	200.0	197.0	205.0	169.0	225.0	174.0	265.0	176.0	255.0	250.0	266.0	208.0	286.0	220.0	299.0	220.0	365.0	185.0	1
73.0	201.0	69.0	216.0	99.0	198.0	155.0	163.0	139.0	179.0	173.0	213.0	172.0	236.0	164.0	253.0	181.0	186.0	198.0	155.0	195.0	195.0	203.0	169.0	223.0	174.0	262.0	176.0	259.0	249.0	263.0	204.0	287.0	220.0	300.0	220.0	371.0	184.0	1
76.0	201.0	72.0	216.0	94.0	198.0	158.0	162.0	140.0	179.0	172.0	213.0	169.0	236.0	163.0	253.0	184.0	186.0	202.0	156.0	196.0	196.0	206.0	169.0	228.0	175.0	266.0	178.0	258.0	249.0	261.0	206.0	285.0	222.0	298.0	222.0	366.0	184.0	1
77.0	202.0	73.0	217.0	96.0	200.0	157.0	162.0	140.0	179.0	175.0	214.0	173.0	237.0	165.0	253.0	182.0	186.0	202.0	157.0	197.0	196.0	206.0	170.0	225.0	175.0	262.0	178.0	255.0	250.0	261.0	206.0	286.0	220.0	299.0	220.0	364.0	186.0	1
74.0	202.0	72.0	217.0	97.0	199.0	159.0	163.0	142.0	179.0	174.0	212.0	171.0	235.0	165.0	251.0	179.0	186.0	201.0	158.0	194.0	196.0	205.0	170.0	224.0	175.0	265.0	178.0	258.0	247.0	264.0	206.0	285.0	219.0	298.0	219.0	363.0	188.0	1
72.0	202.0	67.0	217.0	95.0	199.0	156.0	160.0	141.0	177.0	172.0	214.0	169.0	238.0	159.0	257.0	180.0	183.0	198.0	154.0	196.0	195.0	202.0	167.0	222.0	172.0	269.0	176.0	254.0	253.0	269.0	208.0	290.0	223.0	305.0	223.0	374.0	184.0	1
66.0	200.0	62.0	216.0	89.0	197.0	154.0	162.0	138.0	177.0	172.0	213.0	169.0	237.0	160.0	255.0	187.0	186.0	200.0	156.0	198.0	195.0	205.0	168.0	228.0	174.0	271.0	176.0	260.0	252.0	268.0	206.0	291.0	219.0	306.0	219.0	371.0	183.0	1
76.0	202.0	71.0	217.0	95.0	199.0	155.0	162.0	138.0	178.0	174.0	214.0	170.0	238.0	162.0	254.0	181.0	184.0	200.0	155.0	200.0	197.0	204.0	168.0	226.0	174.0	267.0	178.0	257.0	251.0	265.0	207.0	287.0	222.0	301.0	221.0	368.0	186.0	1
71.0	201.0	68.0	216.0	93.0	199.0	158.0	163.0	139.0	180.0	173.0	213.0	169.0	237.0	161.0	255.0	180.0	185.0	200.0	157.0	197.0	196.0	204.0	170.0	226.0	176.0	267.0	177.0	259.0	250.0	269.0	208.0	289.0	221.0	303.0	221.0	370.0	185.0	1
70.0	200.0	66.0	215.0	94.0	197.0	157.0	161.0	140.0	177.0	171.0	213.0	169.0	237.0	159.0	254.0	179.0	184.0	200.0	156.0	198.0	197.0	206.0	168.0	229.0	174.0	269.0	176.0	257.0	250.0	266.0	206.0	286.0	220.0	299.0	220.0	375.0	187.0	1
75.0	200.0	70.0	217.0	98.0	198.0	155.0	162.0	137.0	178.0	172.0	213.0	170.0	237.0	162.0	254.0	179.0	184.0	199.0	154.0	199.0	197.0	205.0	167.0	224.0	172.0	265.0	175.0	256.0	251.0	266.0	207.0	289.0	221.0	301.0	220.0	376.0	186.0	1
72.0	201.0	69.0	218.0	94.0	199.0	157.0	161.0	141.0	176.0	170.0	213.0	169.0	237.0	158.0	254.0	179.0	184.0	202.0	154.0	198.0	196.0	205.0	166.0	225.0	173.0	266.0	176.0	258.0	251.0	267.0	207.0	289.0	221.0	302.0	221.0	372.0	188.0	1
72.0	200.0	68.0	216.0	92.0	198.0	155.0	163.0	138.0	176.0	172.0	213.0	170.0	237.0	163.0	256.0	178.0	184.0	200.0	157.0	195.0	196.0	204.0	169.0	225.0	174.0	266.0	177.0	256.0	249.0	262.0	205.0	287.0	221.0	302.0	221.0	370.0	186.0	1
75.0	202.0	72.0	218.0	94.0	198.0	155.0	162.0	139.0	178.0	173.0	212.0	171.0	237.0	162.0	253.0	181.0	185.0	200.0	156.0	194.0	194.0	204.0	169.0	224.0	174.0	271.0	178.0	257.0	249.0	264.0	204.0	288.0	219.0	300.0	219.0	369.0	187.0	1
68.0	201.0	65.0	217.0	93.0	198.0	157.0	159.0	139.0	177.0	172.0	213.0	168.0	237.0	162.0	253.0	182.0	182.0	202.0	152.0	198.0	193.0	207.0	165.0	231.0	172.0	271.0	175.0	260.0	251.0	271.0	208.0	293.0	222.0	307.0	222.0	378.0	183.0	1
73.0	200.0	70.0	218.0	94.0	198.0	154.0	161.0	137.0	177.0	174.0	214.0	172.0	238.0	164.0	256.0	178.0	182.0	199.0	155.0	199.0	195.0	202.0	167.0	223.0	173.0	264.0	174.0	261.0	251.0	268.0	206.0	293.0	220.0	305.0	220.0	375.0	183.0	1
74.0	200.0	71.0	215.0	97.0	198.0	159.0	163.0	142.0	178.0	174.0	214.0	173.0	236.0	164.0	252.0	185.0	186.0	201.0	158.0	198.0	196.0	205.0	170.0	228.0	175.0	268.0	177.0	259.0	247.0	266.0	205.0	286.0	219.0	298.0	219.0	367.0	186.0	1
71.0	200.0	69.0	216.0	95.0	198.0	156.0	162.0	141.0	176.0	173.0	214.0	173.0	238.0	164.0	255.0	180.0	184.0	202.0	156.0	196.0	195.0	206.0	167.0	228.0	174.0	266.0	177.0	256.0	251.0	266.0	206.0	286.0	220.0	300.0	219.0	371.0	187.0	1
75.0	201.0	71.0	216.0	101.0	198.0	158.0	164.0	142.0	179.0	176.0	213.0	173.0	236.0	164.0	252.0	181.0	185.0	200.0	157.0	199.0	197.0	205.0	170.0	224.0	175.0	268.0	178.0	256.0	248.0	263.0	205.0	288.0	221.0	302.0	220.0	367.0	183.0	1
74.0	200.0	66.0	214.0	97.0	198.0	159.0	162.0	141.0	178.0	174.0	213.0	171.0	238.0	162.0	255.0	181.0	183.0	203.0	156.0	198.0	197.0	207.0	167.0	225.0	173.0	263.0	177.0	257.0	251.0	262.0	205.0	286.0	221.0	299.0	221.0	365.0	183.0	1
79.0	202.0	75.0	218.0	97.0	198.0	159.0	160.0	141.0	178.0	174.0	213.0	170.0	237.0	162.0	256.0	179.0	183.0	200.0	154.0	197.0	195.0	204.0	167.0	220.0	172.0	261.0	177.0	256.0	251.0	260.0	206.0	284.0	222.0	297.0	222.0	366.0	186.0	1
75.0	199.0	73.0	215.0	95.0	198.0	159.0	162.0	139.0	178.0	172.0	213.0	169.0	236.0	160.0	251.0	181.0	186.0	203.0	157.0	196.0	198.0	208.0	170.0	228.0	176.0	273.0	180.0	252.0	248.0	266.0	206.0	285.0	219.0	297.0	219.0	370.0	188.0	1
74.0	202.0	71.0	218.0	93.0	199.0	157.0	163.0	141.0	178.0	172.0	214.0	169.0	237.0	161.0	254.0	180.0	186.0	200.0	158.0	198.0	197.0	205.0	169.0	227.0	174.0	268.0	176.0	261.0	249.0	267.0	206.0	292.0	221.0	303.0	221.0	372.0	186.0	1
78.0	201.0	73.0	216.0	102.0	199.0	159.0	163.0	142.0	179.0	175.0	211.0	174.0	235.0	165.0	252.0	184.0	186.0	203.0	158.0	196.0	196.0	208.0	171.0	228.0	176.0	267.0	178.0	259.0	246.0	265.0	206.0	286.0	220.0	297.0	219.0	366.0	187.0	1
77.0	201.0	74.0	215.0	97.0	198.0	157.0	164.0	142.0	178.0	174.0	212.0	173.0	237.0	164.0	253.0	185.0	186.0	198.0	158.0	195.0	195.0	203.0	170.0	226.0	176.0	266.0	178.0	252.0	248.0	264.0	205.0	285.0	220.0	298.0	219.0	368.0	186.0	1
70.0	200.0	64.0	216.0	94.0	197.0	156.0	161.0	138.0	176.0	172.0	213.0	171.0	239.0	161.0	256.0	180.0	183.0	201.0	155.0	198.0	196.0	205.0	167.0	228.0	174.0	272.0	177.0	260.0	252.0	269.0	207.0	292.0	220.0	304.0	220.0	372.0	183.0	1
69.0	200.0	65.0	217.0	94.0	198.0	154.0	161.0	138.0	177.0	173.0	214.0	170.0	238.0	160.0	255.0	177.0	183.0	200.0	154.0	198.0	196.0	205.0	167.0	226.0	173.0	269.0	177.0	257.0	253.0	263.0	205.0	288.0	221.0	302.0	220.0	375.0	186.0	1
71.0	200.0	67.0	217.0	93.0	197.0	158.0	160.0	141.0	175.0	173.0	214.0	170.0	238.0	159.0	257.0	182.0	185.0	202.0	153.0	199.0	197.0	206.0	167.0	226.0	173.0	269.0	176.0	259.0	254.0	266.0	206.0	292.0	223.0	305.0	222.0	372.0	184.0	1
69.0	199.0	65.0	216.0	89.0	197.0	153.0	160.0	136.0	176.0	171.0	214.0	169.0	239.0	159.0	257.0	179.0	184.0	201.0	153.0	197.0	197.0	207.0	167.0	229.0	173.0	271.0	177.0	256.0	253.0	268.0	206.0	291.0	221.0	305.0	220.0	378.0	185.0	1
70.0	201.0	65.0	216.0	96.0	198.0	154.0	162.0	139.0	177.0	173.0	214.0	169.0	238.0	160.0	255.0	178.0	184.0	199.0	155.0	199.0	199.0	205.0	167.0	224.0	173.0	268.0	177.0	258.0	251.0	265.0	207.0	290.0	221.0	302.0	221.0	370.0	183.0	1
69.0	200.0	65.0	216.0	90.0	199.0	154.0	160.0	135.0	177.0	171.0	214.0	169.0	239.0	161.0	258.0	181.0	184.0	201.0	154.0	195.0	196.0	206.0	168.0	228.0	173.0	271.0	177.0	258.0	252.0	263.0	205.0	289.0	221.0	302.0	221.0	381.0	187.0	1
75.0	200.0	71.0	216.0	96.0	197.0	155.0	163.0	137.0	179.0	171.0	213.0	168.0	237.0	160.0	254.0	177.0	185.0	201.0	156.0	196.0	197.0	205.0	168.0	224.0	174.0	264.0	176.0	256.0	252.0	263.0	206.0	286.0	221.0	300.0	221.0	368.0	183.0	1
75.0	200.0	69.0	213.0	98.0	198.0	155.0	162.0	139.0	179.0	174.0	213.0	171.0	236.0	162.0	253.0	180.0	185.0	202.0	156.0	198.0	197.0	207.0	169.0	228.0	175.0	264.0	177.0	257.0	250.0	260.0	204.0	285.0	220.0	297.0	220.0	363.0	183.0	1
74.0	200.0	69.0	216.0	101.0	198.0	157.0	163.0	140.0	179.0	176.0	213.0	173.0	237.0	166.0	255.0	178.0	184.0	198.0	157.0	200.0	197.0	203.0	169.0	223.0	175.0	264.0	177.0	258.0	250.0	262.0	205.0	287.0	219.0	300.0	219.0	365.0	183.0	1
75.0	201.0	72.0	218.0	97.0	197.0	156.0	162.0	139.0	177.0	172.0	214.0	169.0	237.0	161.0	255.0	179.0	184.0	200.0	155.0	198.0	197.0	204.0	167.0	227.0	174.0	270.0	176.0	259.0	251.0	264.0	205.0	289.0	221.0	302.0	221.0	369.0	184.0	1
68.0	199.0	64.0	215.0	92.0	196.0	151.0	160.0	133.0	176.0	171.0	212.0	170.0	238.0	162.0	257.0	176.0	182.0	201.0	152.0	198.0	196.0	204.0	166.0	227.0	173.0	269.0	175.0	260.0	252.0	268.0	206.0	293.0	220.0	309.0	220.0	378.0	181.0	1
73.0	201.0	68.0	216.0	93.0	199.0	158.0	163.0	141.0	178.0	174.0	213.0	171.0	238.0	162.0	254.0	182.0	187.0	200.0	157.0	198.0	198.0	207.0	170.0	226.0	175.0	268.0	178.0	258.0	249.0	264.0	206.0	287.0	220.0	301.0	220.0	368.0	186.0	1
71.0	201.0	66.0	215.0	99.0	197.0	157.0	162.0	139.0	180.0	172.0	213.0	170.0	236.0	163.0	253.0	182.0	187.0	200.0	157.0	197.0	197.0	207.0	171.0	226.0	175.0	268.0	178.0	260.0	249.0	268.0	206.0	288.0	219.0	301.0	219.0	369.0	187.0	1
67.0	200.0	62.0	216.0	89.0	198.0	154.0	160.0	138.0	176.0	173.0	214.0	169.0	238.0	157.0	256.0	179.0	183.0	200.0	154.0	201.0	197.0	206.0	167.0	227.0	174.0	266.0	176.0	260.0	254.0	266.0	207.0	291.0	222.0	304.0	222.0	375.0	183.0	1
77.0	201.0	71.0	215.0	99.0	199.0	159.0	162.0	141.0	179.0	173.0	213.0	175.0	238.0	167.0	255.0	180.0	185.0	200.0	157.0	194.0	196.0	204.0	168.0	224.0	174.0	262.0	177.0	256.0	250.0	260.0	205.0	283.0	219.0	296.0	219.0	368.0	185.0	1
73.0	199.0	70.0	215.0	97.0	197.0	157.0	160.0	140.0	177.0	173.0	212.0	169.0	235.0	160.0	252.0	180.0	183.0	203.0	154.0	199.0	196.0	207.0	167.0	229.0	173.0	271.0	176.0	258.0	250.0	267.0	206.0	287.0	219.0	299.0	219.0	370.0	187.0	1
71.0	200.0	65.0	217.0	90.0	198.0	155.0	159.0	137.0	177.0	171.0	213.0	168.0	238.0	160.0	258.0	182.0	184.0	199.0	154.0	194.0	195.0	204.0	167.0	227.0	173.0	269.0	176.0	255.0	253.0	264.0	205.0	290.0	222.0	303.0	221.0	377.0	187.0	1
75.0	199.0	71.0	216.0	94.0	197.0	155.0	161.0	141.0	175.0	173.0	212.0	169.0	237.0	160.0	254.0	179.0	182.0	203.0	155.0	196.0	195.0	205.0	167.0	226.0	174.0	267.0	177.0	258.0	251.0	266.0	205.0	291.0	221.0	302.0	221.0	371.0	185.0	1
77.0	202.0	71.0	217.0	100.0	198.0	156.0	163.0	141.0	179.0	174.0	213.0	172.0	238.0	163.0	255.0	179.0	184.0	200.0	157.0	197.0	196.0	204.0	169.0	227.0	175.0	265.0	178.0	255.0	251.0	265.0	207.0	289.0	221.0	301.0	220.0	370.0	186.0	1
70.0	200.0	65.0	215.0	93.0	198.0	157.0	161.0	138.0	178.0	170.0	214.0	167.0	237.0	159.0	254.0	179.0	184.0	202.0	155.0	197.0	197.0	206.0	167.0	228.0	173.0	272.0	178.0	257.0	250.0	266.0	207.0	288.0	221.0	301.0	222.0	372.0	187.0	1
74.0	201.0	69.0	216.0	97.0	198.0	157.0	163.0	140.0	178.0	173.0	214.0	170.0	237.0	161.0	253.0	178.0	186.0	199.0	157.0	196.0	197.0	204.0	170.0	225.0	175.0	269.0	179.0	258.0	248.0	265.0	207.0	285.0	220.0	299.0	220.0	364.0	186.0	1
74.0	201.0	69.0	216.0	98.0	198.0	157.0	162.0	142.0	179.0	174.0	213.0	171.0	236.0	161.0	253.0	180.0	185.0	201.0	156.0	198.0	197.0	206.0	169.0	229.0	175.0	265.0	177.0	256.0	250.0	265.0	207.0	285.0	220.0	299.0	221.0	369.0	186.0	1
69.0	199.0	66.0	215.0	93.0	197.0	158.0	161.0	138.0	178.0	171.0	214.0	169.0	238.0	161.0	254.0	180.0	184.0	200.0	155.0	196.0	195.0	207.0	168.0	229.0	174.0	272.0	177.0	256.0	252.0	265.0	206.0	288.0	221.0	301.0	221.0	371.0	184.0	1
78.0	201.0	73.0	216.0	102.0	199.0	159.0	164.0	142.0	180.0	175.0	211.0	174.0	235.0	166.0	250.0	180.0	185.0	202.0	158.0	198.0	197.0	206.0	171.0	226.0	176.0	262.0	178.0	257.0	245.0	262.0	206.0	281.0	220.0	296.0	220.0	363.0	188.0	1
76.0	202.0	72.0	218.0	95.0	199.0	155.0	161.0	137.0	177.0	173.0	214.0	170.0	237.0	163.0	255.0	179.0	184.0	197.0	157.0	197.0	196.0	201.0	168.0	224.0	174.0	264.0	177.0	258.0	250.0	264.0	205.0	290.0	221.0	302.0	220.0	372.0	183.0	1
80.0	201.0	76.0	216.0	99.0	199.0	157.0	164.0	140.0	180.0	175.0	213.0	174.0	237.0	167.0	253.0	181.0	185.0	198.0	158.0	197.0	196.0	203.0	170.0	223.0	175.0	262.0	178.0	254.0	247.0	257.0	204.0	283.0	219.0	295.0	218.0	361.0	189.0	1
69.0	202.0	66.0	218.0	94.0	198.0	156.0	161.0	140.0	176.0	173.0	213.0	170.0	238.0	160.0	255.0	186.0	185.0	201.0	155.0	196.0	195.0	208.0	169.0	230.0	175.0	279.0	180.0	256.0	253.0	266.0	206.0	289.0	221.0	302.0	221.0	372.0	190.0	1
80.0	202.0	78.0	216.0	98.0	199.0	157.0	162.0	140.0	178.0	174.0	213.0	171.0	236.0	164.0	250.0	178.0	185.0	201.0	157.0	195.0	196.0	204.0	168.0	224.0	174.0	264.0	177.0	254.0	247.0	260.0	204.0	283.0	220.0	297.0	220.0	364.0	188.0	1
77.0	202.0	74.0	217.0	97.0	198.0	156.0	163.0	141.0	178.0	172.0	213.0	170.0	237.0	162.0	253.0	184.0	186.0	200.0	157.0	196.0	195.0	206.0	170.0	226.0	175.0	265.0	178.0	257.0	250.0	265.0	207.0	285.0	220.0	299.0	220.0	366.0	186.0	1
76.0	200.0	70.0	215.0	99.0	197.0	158.0	163.0	141.0	179.0	174.0	213.0	171.0	237.0	160.0	253.0	180.0	185.0	202.0	157.0	199.0	197.0	205.0	169.0	228.0	175.0	264.0	178.0	258.0	249.0	264.0	206.0	286.0	221.0	297.0	220.0	365.0	186.0	1
68.0	200.0	65.0	216.0	90.0	198.0	158.0	161.0	141.0	175.0	171.0	212.0	167.0	238.0	159.0	256.0	177.0	183.0	200.0	155.0	198.0	197.0	206.0	168.0	228.0	174.0	269.0	177.0	256.0	251.0	268.0	208.0	287.0	221.0	302.0	221.0	374.0	187.0	1
73.0	201.0	68.0	216.0	94.0	199.0	155.0	163.0	141.0	177.0	173.0	213.0	170.0	236.0	161.0	254.0	179.0	184.0	199.0	156.0	197.0	196.0	204.0	168.0	226.0	174.0	270.0	177.0	256.0	249.0	265.0	205.0	288.0	220.0	301.0	220.0	371.0	185.0	1
66.0	200.0	63.0	218.0	89.0	197.0	157.0	160.0	137.0	176.0	171.0	213.0	168.0	236.0	158.0	255.0	181.0	183.0	203.0	153.0	198.0	196.0	207.0	166.0	230.0	173.0	271.0	177.0	258.0	253.0	268.0	207.0	290.0	222.0	302.0	222.0	375.0	186.0	1
72.0	201.0	67.0	216.0	96.0	198.0	153.0	163.0	139.0	178.0	172.0	212.0	170.0	236.0	161.0	253.0	180.0	185.0	200.0	156.0	195.0	196.0	204.0	168.0	225.0	173.0	268.0	177.0	260.0	250.0	266.0	206.0	290.0	221.0	303.0	220.0	371.0	184.0	1
73.0	201.0	70.0	216.0	98.0	198.0	157.0	162.0	141.0	177.0	175.0	212.0	173.0	236.0	164.0	252.0	182.0	185.0	203.0	156.0	198.0	196.0	209.0	168.0	228.0	174.0	270.0	179.0	257.0	248.0	266.0	206.0	286.0	220.0	299.0	220.0	365.0	185.0	1
75.0	202.0	71.0	218.0	96.0	200.0	159.0	162.0	143.0	178.0	175.0	213.0	172.0	236.0	163.0	254.0	181.0	185.0	202.0	156.0	199.0	197.0	207.0	169.0	227.0	174.0	266.0	177.0	256.0	249.0	266.0	207.0	286.0	220.0	299.0	221.0	372.0	188.0	1
70.0	201.0	68.0	216.0	92.0	198.0	154.0	163.0	139.0	177.0	170.0	213.0	169.0	237.0	161.0	254.0	182.0	186.0	199.0	157.0	195.0	196.0	205.0	170.0	226.0	175.0	266.0	178.0	257.0	249.0	264.0	206.0	285.0	220.0	297.0	220.0	368.0	186.0	1
75.0	199.0	70.0	217.0	92.0	197.0	157.0	160.0	140.0	176.0	173.0	213.0	171.0	237.0	157.0	255.0	182.0	184.0	203.0	156.0	199.0	197.0	207.0	168.0	228.0	174.0	272.0	179.0	255.0	250.0	264.0	206.0	287.0	221.0	300.0	220.0	372.0	187.0	1
71.0	201.0	67.0	218.0	91.0	198.0	156.0	160.0	140.0	177.0	171.0	214.0	169.0	238.0	160.0	256.0	178.0	184.0	202.0	153.0	194.0	195.0	207.0	167.0	228.0	173.0	271.0	178.0	259.0	252.0	267.0	207.0	289.0	221.0	303.0	221.0	370.0	185.0	1
72.0	201.0	69.0	217.0	97.0	198.0	157.0	163.0	142.0	177.0	173.0	212.0	171.0	236.0	164.0	252.0	187.0	187.0	201.0	156.0	197.0	196.0	205.0	169.0	228.0	176.0	266.0	178.0	255.0	248.0	263.0	206.0	284.0	219.0	297.0	219.0	368.0	187.0	1
69.0	201.0	64.0	217.0	93.0	198.0	153.0	161.0	137.0	176.0	173.0	214.0	169.0	238.0	159.0	256.0	176.0	182.0	201.0	154.0	200.0	197.0	205.0	166.0	225.0	172.0	268.0	175.0	261.0	254.0	269.0	208.0	292.0	222.0	304.0	221.0	375.0	184.0	1
69.0	202.0	64.0	217.0	90.0	199.0	151.0	162.0	132.0	178.0	172.0	212.0	171.0	238.0	165.0	256.0	178.0	184.0	199.0	156.0	195.0	197.0	203.0	168.0	224.0	174.0	272.0	177.0	259.0	248.0	264.0	204.0	288.0	219.0	301.0	218.0	371.0	187.0	1
70.0	199.0	66.0	213.0	95.0	196.0	154.0	161.0	137.0	176.0	171.0	211.0	168.0	234.0	159.0	252.0	180.0	183.0	201.0	153.0	198.0	194.0	204.0	166.0	228.0	173.0	270.0	175.0	257.0	249.0	267.0	205.0	289.0	218.0	302.0	218.0	372.0	185.0	1
76.0	201.0	71.0	217.0	98.0	198.0	156.0	162.0	140.0	177.0	172.0	213.0	170.0	237.0	162.0	254.0	179.0	184.0	197.0	155.0	197.0	196.0	202.0	168.0	226.0	174.0	262.0	177.0	257.0	250.0	264.0	206.0	286.0	220.0	301.0	220.0	367.0	184.0	1
72.0	201.0	66.0	216.0	96.0	198.0	155.0	163.0	138.0	179.0	174.0	213.0	171.0	237.0	163.0	255.0	181.0	184.0	200.0	155.0	198.0	196.0	205.0	169.0	226.0	175.0	268.0	178.0	256.0	249.0	263.0	206.0	287.0	220.0	302.0	220.0	367.0	185.0	1
75.0	201.0	70.0	215.0	99.0	198.0	158.0	163.0	144.0	178.0	175.0	212.0	173.0	237.0	163.0	253.0	181.0	184.0	200.0	156.0	196.0	194.0	204.0	168.0	227.0	174.0	265.0	177.0	254.0	249.0	264.0	205.0	286.0	220.0	300.0	221.0	367.0	185.0	1
73.0	201.0	69.0	215.0	99.0	198.0	158.0	162.0	141.0	178.0	173.0	213.0	172.0	237.0	162.0	254.0	183.0	186.0	201.0	156.0	194.0	195.0	207.0	169.0	224.0	173.0	267.0	177.0	257.0	249.0	262.0	206.0	284.0	220.0	298.0	219.0	365.0	187.0	1
74.0	201.0	71.0	215.0	97.0	198.0	158.0	162.0	141.0	178.0	172.0	214.0	171.0	238.0	164.0	256.0	179.0	185.0	201.0	155.0	198.0	197.0	206.0	168.0	228.0	173.0	270.0	177.0	258.0	250.0	265.0	206.0	290.0	220.0	301.0	220.0	373.0	186.0	1
71.0	202.0	67.0	216.0	94.0	200.0	155.0	162.0	137.0	179.0	171.0	213.0	172.0	237.0	166.0	255.0	178.0	185.0	198.0	156.0	191.0	196.0	204.0	169.0	224.0	174.0	263.0	177.0	259.0	250.0	263.0	205.0	285.0	220.0	300.0	219.0	374.0	185.0	1
76.0	202.0	72.0	217.0	100.0	199.0	158.0	164.0	141.0	179.0	177.0	213.0	174.0	236.0	165.0	253.0	183.0	185.0	201.0	157.0	201.0	197.0	206.0	170.0	226.0	175.0	266.0	179.0	252.0	250.0	263.0	207.0	284.0	220.0	298.0	220.0	362.0	186.0	1
75.0	201.0	72.0	216.0	97.0	198.0	157.0	163.0	141.0	178.0	174.0	213.0	171.0	237.0	163.0	252.0	182.0	185.0	202.0	157.0	199.0	197.0	206.0	169.0	225.0	174.0	267.0	177.0	253.0	249.0	261.0	205.0	284.0	221.0	298.0	220.0	367.0	188.0	1
68.0	198.0	63.0	214.0	93.0	197.0	158.0	160.0	140.0	176.0	172.0	215.0	168.0	240.0	156.0	259.0	180.0	183.0	204.0	153.0	197.0	195.0	209.0	166.0	233.0	174.0	272.0	178.0	257.0	255.0	265.0	206.0	288.0	222.0	299.0	221.0	371.0	187.0	1
69.0	202.0	65.0	216.0	93.0	199.0	155.0	162.0	137.0	178.0	174.0	213.0	170.0	237.0	164.0	254.0	182.0	184.0	199.0	157.0	200.0	197.0	205.0	170.0	228.0	176.0	272.0	179.0	260.0	250.0	264.0	204.0	291.0	220.0	305.0	220.0	373.0	185.0	1
71.0	201.0	68.0	217.0	92.0	198.0	154.0	161.0	135.0	178.0	171.0	214.0	168.0	238.0	162.0	257.0	181.0	185.0	198.0	156.0	194.0	195.0	203.0	168.0	226.0	174.0	267.0	177.0	257.0	250.0	264.0	206.0	289.0	221.0	302.0	221.0	373.0	184.0	1
76.0	201.0	72.0	216.0	98.0	198.0	157.0	162.0	139.0	179.0	174.0	213.0	172.0	237.0	165.0	253.0	179.0	186.0	200.0	157.0	197.0	197.0	204.0	170.0	226.0	174.0	270.0	178.0	257.0	248.0	266.0	207.0	283.0	219.0	297.0	219.0	368.0	188.0	1
71.0	200.0	67.0	216.0	94.0	197.0	155.0	161.0	136.0	178.0	171.0	213.0	168.0	237.0	157.0	254.0	181.0	185.0	200.0	154.0	197.0	196.0	205.0	167.0	228.0	174.0	273.0	179.0	258.0	251.0	268.0	207.0	289.0	221.0	302.0	221.0	375.0	185.0	1
78.0	201.0	72.0	215.0	98.0	198.0	158.0	162.0	142.0	178.0	174.0	214.0	171.0	238.0	164.0	255.0	183.0	185.0	200.0	156.0	198.0	197.0	204.0	169.0	223.0	175.0	263.0	179.0	254.0	252.0	257.0	206.0	284.0	222.0	295.0	221.0	361.0	185.0	1
72.0	200.0	68.0	215.0	97.0	197.0	158.0	162.0	141.0	178.0	173.0	213.0	172.0	237.0	163.0	252.0	182.0	186.0	201.0	158.0	193.0	195.0	207.0	170.0	227.0	176.0	266.0	179.0	252.0	249.0	262.0	207.0	281.0	219.0	295.0	218.0	366.0	186.0	1
74.0	201.0	71.0	217.0	95.0	198.0	157.0	161.0	139.0	177.0	173.0	215.0	169.0	238.0	161.0	255.0	177.0	183.0	202.0	155.0	197.0	196.0	206.0	167.0	225.0	173.0	264.0	176.0	259.0	250.0	266.0	208.0	286.0	221.0	298.0	220.0	370.0	187.0	1
75.0	201.0	71.0	215.0	98.0	198.0	155.0	163.0	140.0	178.0	174.0	214.0	171.0	237.0	164.0	252.0	178.0	185.0	198.0	156.0	197.0	196.0	203.0	169.0	223.0	175.0	267.0	178.0	255.0	249.0	263.0	206.0	285.0	220.0	300.0	220.0	366.0	184.0	1
76.0	201.0	72.0	217.0	92.0	199.0	156.0	162.0	139.0	177.0	174.0	213.0	173.0	237.0	163.0	254.0	178.0	183.0	200.0	156.0	199.0	197.0	205.0	168.0	227.0	174.0	263.0	176.0	255.0	249.0	263.0	205.0	286.0	220.0	300.0	220.0	365.0	186.0	1
73.0	201.0	71.0	217.0	94.0	198.0	153.0	161.0	135.0	178.0	171.0	213.0	168.0	236.0	160.0	253.0	179.0	183.0	200.0	154.0	197.0	196.0	204.0	166.0	225.0	173.0	265.0	175.0	257.0	250.0	264.0	204.0	289.0	220.0	301.0	219.0	373.0	185.0	1
77.0	202.0	76.0	217.0	100.0	199.0	158.0	164.0	142.0	179.0	175.0	213.0	172.0	236.0	163.0	251.0	183.0	186.0	201.0	158.0	197.0	197.0	204.0	171.0	225.0	177.0	267.0	181.0	251.0	247.0	262.0	206.0	282.0	219.0	295.0	220.0	365.0	187.0	1
74.0	199.0	70.0	215.0	94.0	198.0	159.0	163.0	140.0	179.0	174.0	214.0	171.0	237.0	161.0	254.0	181.0	186.0	202.0	156.0	200.0	198.0	206.0	169.0	224.0	173.0	263.0	176.0	262.0	250.0	265.0	208.0	288.0	221.0	299.0	220.0	366.0	183.0	1
78.0	201.0	73.0	216.0	99.0	199.0	156.0	164.0	141.0	179.0	175.0	213.0	171.0	236.0	164.0	253.0	180.0	184.0	202.0	158.0	198.0	196.0	205.0	170.0	223.0	174.0	266.0	178.0	259.0	248.0	261.0	205.0	285.0	220.0	300.0	219.0	365.0	187.0	1
69.0	201.0	65.0	215.0	95.0	198.0	155.0	162.0	141.0	177.0	172.0	213.0	169.0	237.0	161.0	255.0	180.0	184.0	200.0	155.0	196.0	195.0	205.0	168.0	225.0	174.0	266.0	177.0	256.0	251.0	262.0	204.0	288.0	221.0	299.0	221.0	369.0	185.0	1
74.0	201.0	70.0	216.0	97.0	198.0	159.0	162.0	143.0	178.0	175.0	213.0	171.0	236.0	161.0	252.0	181.0	185.0	202.0	155.0	198.0	196.0	208.0	168.0	228.0	174.0	266.0	178.0	257.0	251.0	261.0	205.0	284.0	220.0	297.0	220.0	370.0	187.0	1
68.0	199.0	63.0	215.0	96.0	196.0	155.0	161.0	141.0	175.0	172.0	212.0	170.0	237.0	159.0	255.0	178.0	183.0	200.0	154.0	200.0	197.0	207.0	167.0	229.0	173.0	270.0	177.0	256.0	254.0	268.0	207.0	291.0	222.0	304.0	222.0	374.0	183.0	1
69.0	201.0	65.0	216.0	95.0	198.0	154.0	163.0	137.0	178.0	171.0	213.0	169.0	236.0	160.0	253.0	178.0	185.0	199.0	157.0	197.0	197.0	204.0	168.0	227.0	174.0	270.0	177.0	261.0	250.0	268.0	207.0	290.0	220.0	303.0	219.0	373.0	183.0	1
71.0	202.0	67.0	217.0	92.0	200.0	153.0	163.0	136.0	179.0	173.0	213.0	170.0	235.0	164.0	253.0	179.0	185.0	200.0	156.0	196.0	196.0	205.0	168.0	226.0	174.0	266.0	177.0	259.0	250.0	264.0	206.0	287.0	221.0	302.0	222.0	368.0	186.0	1
76.0	201.0	69.0	216.0	99.0	198.0	157.0	161.0	138.0	179.0	174.0	214.0	172.0	238.0	164.0	256.0	183.0	185.0	202.0	155.0	198.0	197.0	207.0	168.0	225.0	174.0	263.0	177.0	255.0	252.0	261.0	206.0	287.0	222.0	299.0	221.0	363.0	185.0	1
81.0	201.0	75.0	215.0	99.0	198.0	161.0	163.0	143.0	178.0	175.0	212.0	172.0	236.0	164.0	252.0	183.0	185.0	202.0	158.0	197.0	196.0	207.0	170.0	229.0	175.0	266.0	179.0	256.0	250.0	263.0	206.0	286.0	221.0	300.0	221.0	366.0	185.0	1
78.0	201.0	72.0	215.0	99.0	199.0	158.0	163.0	142.0	179.0	174.0	214.0	172.0	236.0	164.0	252.0	182.0	186.0	201.0	157.0	196.0	196.0	207.0	170.0	229.0	176.0	264.0	178.0	255.0	250.0	260.0	205.0	286.0	220.0	299.0	220.0	366.0	188.0	1
72.0	200.0	68.0	216.0	94.0	197.0	155.0	162.0	138.0	178.0	174.0	213.0	172.0	237.0	163.0	254.0	180.0	184.0	201.0	155.0	199.0	197.0	207.0	168.0	229.0	174.0	271.0	178.0	258.0	251.0	264.0	206.0	288.0	221.0	303.0	221.0	367.0	184.0	1
70.0	201.0	66.0	216.0	94.0	198.0	156.0	161.0	139.0	178.0	173.0	213.0	171.0	237.0	162.0	255.0	183.0	186.0	200.0	156.0	198.0	197.0	205.0	169.0	227.0	174.0	269.0	177.0	261.0	251.0	270.0	207.0	290.0	221.0	305.0	221.0	374.0	184.0	1
75.0	201.0	72.0	216.0	97.0	198.0	156.0	162.0	138.0	179.0	173.0	213.0	171.0	237.0	163.0	253.0	183.0	185.0	202.0	156.0	197.0	196.0	207.0	169.0	228.0	174.0	267.0	177.0	259.0	249.0	265.0	207.0	286.0	220.0	300.0	220.0	370.0	186.0	1
72.0	199.0	66.0	216.0	95.0	198.0	157.0	163.0	141.0	178.0	175.0	214.0	173.0	237.0	162.0	255.0	180.0	184.0	199.0	156.0	200.0	198.0	204.0	169.0	225.0	174.0	268.0	177.0	257.0	252.0	266.0	207.0	290.0	221.0	303.0	221.0	367.0	181.0	1
72.0	202.0	67.0	217.0	96.0	199.0	155.0	162.0	136.0	179.0	175.0	213.0	175.0	239.0	169.0	257.0	180.0	184.0	199.0	156.0	197.0	196.0	203.0	169.0	223.0	173.0	266.0	176.0	261.0	250.0	263.0	205.0	290.0	221.0	303.0	220.0	371.0	183.0	1
76.0	201.0	72.0	215.0	99.0	198.0	158.0	163.0	143.0	179.0	174.0	214.0	172.0	237.0	164.0	252.0	183.0	186.0	201.0	157.0	198.0	198.0	205.0	169.0	225.0	174.0	266.0	178.0	254.0	248.0	263.0	207.0	284.0	220.0	300.0	221.0	368.0	187.0	1
80.0	202.0	75.0	217.0	98.0	199.0	156.0	162.0	138.0	178.0	175.0	212.0	174.0	235.0	166.0	252.0	182.0	186.0	200.0	156.0	197.0	197.0	205.0	169.0	226.0	174.0	267.0	177.0	259.0	250.0	260.0	204.0	287.0	220.0	299.0	220.0	369.0	185.0	1
79.0	203.0	77.0	216.0	98.0	200.0	158.0	164.0	142.0	180.0	174.0	213.0	172.0	235.0	163.0	250.0	180.0	185.0	200.0	157.0	198.0	196.0	204.0	170.0	222.0	175.0	261.0	178.0	254.0	247.0	262.0	207.0	281.0	219.0	294.0	219.0	361.0	188.0	1
75.0	201.0	71.0	217.0	95.0	198.0	155.0	162.0	137.0	178.0	172.0	214.0	169.0	237.0	159.0	253.0	181.0	186.0	199.0	156.0	195.0	196.0	204.0	169.0	229.0	176.0	268.0	178.0	257.0	250.0	266.0	206.0	290.0	221.0	303.0	220.0	367.0	184.0	1
75.0	202.0	72.0	217.0	96.0	199.0	155.0	163.0	137.0	180.0	175.0	214.0	173.0	238.0	166.0	255.0	180.0	185.0	200.0	156.0	197.0	196.0	203.0	169.0	225.0	175.0	261.0	177.0	255.0	250.0	262.0	205.0	285.0	220.0	299.0	220.0	364.0	184.0	1
73.0	201.0	69.0	216.0	96.0	198.0	159.0	162.0	141.0	179.0	175.0	214.0	171.0	237.0	164.0	254.0	180.0	185.0	202.0	156.0	199.0	197.0	205.0	169.0	226.0	175.0	263.0	177.0	257.0	250.0	263.0	206.0	286.0	221.0	299.0	220.0	367.0	185.0	1
70.0	199.0	68.0	215.0	94.0	195.0	154.0	159.0	137.0	175.0	171.0	210.0	167.0	234.0	159.0	252.0	179.0	182.0	202.0	154.0	197.0	194.0	205.0	165.0	226.0	172.0	263.0	175.0	254.0	249.0	264.0	205.0	285.0	219.0	296.0	220.0	366.0	187.0	1
73.0	201.0	68.0	215.0	95.0	198.0	153.0	162.0	135.0	179.0	172.0	214.0	171.0	239.0	163.0	255.0	182.0	186.0	201.0	155.0	195.0	196.0	206.0	169.0	226.0	174.0	270.0	178.0	260.0	251.0	264.0	206.0	289.0	221.0	301.0	221.0	370.0	183.0	1
74.0	200.0	71.0	215.0	100.0	196.0	159.0	164.0	142.0	178.0	173.0	212.0	171.0	235.0	164.0	250.0	185.0	186.0	200.0	159.0	195.0	195.0	204.0	171.0	227.0	177.0	266.0	178.0	253.0	247.0	263.0	206.0	282.0	218.0	297.0	217.0	366.0	187.0	1
78.0	201.0	73.0	217.0	98.0	198.0	159.0	163.0	143.0	177.0	174.0	213.0	170.0	236.0	162.0	254.0	180.0	184.0	200.0	157.0	196.0	196.0	204.0	170.0	224.0	175.0	266.0	178.0	255.0	250.0	262.0	206.0	284.0	221.0	300.0	222.0	366.0	185.0	1
75.0	200.0	71.0	215.0	98.0	197.0	158.0	162.0	142.0	177.0	173.0	213.0	172.0	235.0	162.0	253.0	180.0	184.0	201.0	156.0	196.0	197.0	206.0	169.0	224.0	174.0	266.0	177.0	254.0	250.0	263.0	206.0	286.0	220.0	299.0	220.0	367.0	187.0	1
71.0	200.0	66.0	213.0	94.0	198.0	154.0	163.0	138.0	177.0	172.0	214.0	170.0	236.0	160.0	253.0	179.0	184.0	202.0	156.0	195.0	196.0	205.0	168.0	227.0	173.0	272.0	176.0	259.0	252.0	266.0	206.0	291.0	220.0	303.0	220.0	371.0	183.0	1
68.0	199.0	62.0	216.0	93.0	198.0	151.0	160.0	136.0	176.0	170.0	213.0	169.0	238.0	159.0	258.0	180.0	184.0	201.0	154.0	196.0	196.0	207.0	167.0	226.0	173.0	269.0	176.0	256.0	253.0	270.0	207.0	291.0	220.0	304.0	221.0	376.0	184.0	1
73.0	200.0	71.0	217.0	93.0	197.0	152.0	159.0	134.0	174.0	170.0	211.0	169.0	235.0	160.0	253.0	180.0	183.0	199.0	152.0	197.0	194.0	203.0	165.0	227.0	172.0	270.0	175.0	259.0	249.0	267.0	204.0	290.0	218.0	304.0	218.0	375.0	185.0	1
73.0	201.0	69.0	216.0	97.0	198.0	157.0	162.0	141.0	177.0	174.0	212.0	173.0	236.0	163.0	252.0	182.0	185.0	203.0	156.0	198.0	197.0	209.0	169.0	228.0	175.0	270.0	179.0	256.0	248.0	266.0	207.0	286.0	220.0	299.0	221.0	365.0	186.0	1
72.0	201.0	67.0	216.0	92.0	198.0	157.0	162.0	141.0	176.0	173.0	213.0	171.0	238.0	161.0	254.0	179.0	184.0	197.0	156.0	199.0	196.0	203.0	167.0	226.0	173.0	270.0	176.0	258.0	251.0	267.0	207.0	289.0	220.0	303.0	220.0	368.0	183.0	1
72.0	200.0	69.0	216.0	93.0	197.0	157.0	163.0	138.0	178.0	173.0	213.0	171.0	237.0	161.0	254.0	178.0	184.0	204.0	156.0	196.0	196.0	208.0	169.0	228.0	174.0	266.0	177.0	258.0	249.0	265.0	205.0	288.0	220.0	303.0	220.0	374.0	186.0	1
75.0	201.0	73.0	217.0	97.0	198.0	155.0	163.0	140.0	177.0	174.0	213.0	173.0	236.0	163.0	252.0	178.0	183.0	199.0	156.0	199.0	197.0	205.0	168.0	225.0	173.0	267.0	176.0	255.0	251.0	263.0	206.0	286.0	221.0	300.0	221.0	366.0	184.0	1
71.0	201.0	65.0	215.0	92.0	198.0	156.0	163.0	140.0	177.0	175.0	214.0	171.0	237.0	163.0	254.0	181.0	184.0	201.0	156.0	199.0	197.0	205.0	168.0	228.0	174.0	270.0	178.0	262.0	250.0	263.0	205.0	287.0	220.0	301.0	219.0	372.0	184.0	1
76.0	200.0	73.0	216.0	100.0	197.0	157.0	163.0	140.0	179.0	171.0	212.0	170.0	236.0	159.0	253.0	182.0	185.0	199.0	158.0	195.0	195.0	204.0	170.0	227.0	175.0	266.0	178.0	253.0	250.0	264.0	207.0	284.0	220.0	297.0	219.0	365.0	187.0	1
71.0	200.0	66.0	215.0	90.0	199.0	155.0	163.0	138.0	177.0	173.0	215.0	172.0	237.0	163.0	256.0	183.0	186.0	199.0	156.0	197.0	197.0	204.0	168.0	223.0	172.0	263.0	176.0	258.0	251.0	264.0	207.0	287.0	220.0	300.0	219.0	367.0	184.0	1
78.0	200.0	75.0	216.0	98.0	198.0	159.0	163.0	141.0	179.0	173.0	213.0	172.0	238.0	164.0	254.0	177.0	185.0	201.0	157.0	198.0	198.0	206.0	170.0	227.0	176.0	266.0	179.0	257.0	250.0	263.0	208.0	284.0	220.0	298.0	220.0	369.0	185.0	1
69.0	202.0	65.0	217.0	91.0	199.0	153.0	162.0	138.0	178.0	173.0	213.0	171.0	238.0	163.0	254.0	180.0	185.0	198.0	155.0	195.0	195.0	204.0	168.0	229.0	175.0	269.0	177.0	261.0	250.0	266.0	206.0	289.0	220.0	301.0	219.0	370.0	186.0	1
76.0	201.0	71.0	215.0	98.0	198.0	156.0	164.0	139.0	180.0	172.0	213.0	171.0	237.0	162.0	253.0	182.0	187.0	199.0	158.0	197.0	198.0	204.0	171.0	226.0	176.0	268.0	179.0	255.0	249.0	265.0	207.0	285.0	220.0	298.0	220.0	364.0	184.0	1
70.0	200.0	66.0	216.0	91.0	197.0	151.0	163.0	135.0	177.0	173.0	213.0	168.0	235.0	160.0	253.0	178.0	184.0	199.0	157.0	198.0	197.0	204.0	168.0	228.0	175.0	271.0	177.0	260.0	248.0	268.0	206.0	290.0	219.0	303.0	218.0	371.0	183.0	1
75.0	199.0	72.0	216.0	95.0	196.0	155.0	162.0	138.0	177.0	172.0	212.0	169.0	235.0	161.0	253.0	177.0	183.0	201.0	154.0	198.0	196.0	203.0	167.0	225.0	174.0	266.0	177.0	257.0	249.0	265.0	205.0	287.0	219.0	302.0	219.0	371.0	183.0	1
78.0	201.0	72.0	216.0	100.0	198.0	158.0	162.0	141.0	178.0	174.0	213.0	172.0	238.0	162.0	256.0	177.0	184.0	199.0	156.0	197.0	196.0	204.0	169.0	223.0	174.0	268.0	176.0	252.0	251.0	265.0	208.0	285.0	221.0	301.0	221.0	366.0	184.0	1
72.0	202.0	69.0	218.0	94.0	199.0	157.0	163.0	139.0	178.0	174.0	214.0	172.0	237.0	164.0	255.0	182.0	185.0	200.0	156.0	197.0	196.0	205.0	169.0	226.0	174.0	267.0	177.0	260.0	249.0	267.0	207.0	288.0	220.0	301.0	220.0	371.0	187.0	1
70.0	201.0	66.0	216.0	95.0	197.0	155.0	161.0	139.0	177.0	172.0	213.0	169.0	235.0	159.0	253.0	179.0	185.0	198.0	156.0	197.0	197.0	205.0	170.0	226.0	175.0	267.0	177.0	255.0	250.0	267.0	208.0	286.0	220.0	299.0	220.0	370.0	184.0	1
73.0	201.0	68.0	215.0	97.0	197.0	156.0	162.0	139.0	178.0	174.0	212.0	171.0	236.0	161.0	252.0	179.0	184.0	203.0	156.0	197.0	196.0	207.0	168.0	231.0	175.0	270.0	177.0	253.0	249.0	265.0	206.0	285.0	221.0	298.0	221.0	369.0	185.0	1
75.0	201.0	70.0	217.0	100.0	198.0	160.0	163.0	143.0	178.0	173.0	212.0	170.0	234.0	158.0	252.0	181.0	185.0	200.0	155.0	197.0	196.0	205.0	169.0	227.0	176.0	267.0	178.0	260.0	249.0	264.0	205.0	287.0	220.0	301.0	219.0	370.0	188.0	1
70.0	199.0	65.0	215.0	93.0	197.0	157.0	161.0	140.0	176.0	173.0	214.0	169.0	238.0	159.0	255.0	180.0	184.0	202.0	154.0	197.0	197.0	207.0	167.0	225.0	172.0	268.0	176.0	257.0	252.0	263.0	206.0	287.0	221.0	300.0	220.0	370.0	184.0	1
75.0	202.0	70.0	217.0	97.0	198.0	156.0	162.0	140.0	178.0	175.0	214.0	171.0	237.0	162.0	254.0	181.0	184.0	200.0	155.0	201.0	197.0	204.0	169.0	226.0	175.0	264.0	177.0	259.0	251.0	264.0	206.0	288.0	221.0	302.0	220.0	368.0	184.0	1
73.0	201.0	71.0	218.0	93.0	198.0	158.0	163.0	142.0	177.0	171.0	214.0	170.0	237.0	162.0	254.0	182.0	186.0	200.0	157.0	195.0	196.0	204.0	170.0	227.0	175.0	267.0	178.0	259.0	251.0	266.0	208.0	287.0	220.0	300.0	220.0	370.0	186.0	1
69.0	201.0	65.0	218.0	93.0	198.0	156.0	162.0	139.0	179.0	173.0	214.0	170.0	238.0	160.0	255.0	179.0	185.0	200.0	156.0	198.0	197.0	205.0	169.0	227.0	174.0	270.0	176.0	261.0	252.0	269.0	208.0	292.0	222.0	304.0	221.0	373.0	183.0	1
77.0	202.0	75.0	217.0	101.0	199.0	155.0	164.0	139.0	180.0	174.0	213.0	171.0	235.0	163.0	251.0	178.0	185.0	199.0	158.0	199.0	196.0	202.0	169.0	226.0	175.0	266.0	177.0	254.0	248.0	264.0	205.0	287.0	220.0	299.0	219.0	365.0	186.0	1
76.0	200.0	72.0	217.0	97.0	198.0	159.0	160.0	143.0	177.0	172.0	213.0	169.0	238.0	160.0	256.0	182.0	183.0	204.0	154.0	200.0	197.0	209.0	167.0	228.0	174.0	266.0	177.0	254.0	251.0	265.0	208.0	283.0	222.0	295.0	222.0	368.0	187.0	1
69.0	200.0	65.0	216.0	90.0	198.0	157.0	160.0	140.0	177.0	172.0	215.0	168.0	238.0	159.0	256.0	177.0	183.0	202.0	154.0	196.0	196.0	206.0	167.0	226.0	173.0	266.0	176.0	256.0	252.0	265.0	207.0	287.0	221.0	300.0	221.0	372.0	184.0	1
76.0	201.0	72.0	214.0	97.0	198.0	159.0	163.0	143.0	178.0	173.0	212.0	171.0	234.0	162.0	250.0	181.0	184.0	199.0	158.0	196.0	196.0	204.0	171.0	224.0	176.0	272.0	179.0	255.0	246.0	263.0	206.0	284.0	219.0	296.0	219.0	365.0	189.0	1
74.0	201.0	69.0	214.0	96.0	199.0	153.0	163.0	136.0	179.0	173.0	214.0	170.0	237.0	161.0	252.0	177.0	185.0	199.0	156.0	196.0	198.0	205.0	169.0	225.0	174.0	267.0	176.0	259.0	249.0	267.0	207.0	288.0	220.0	301.0	220.0	366.0	183.0	1
75.0	201.0	71.0	216.0	100.0	198.0	156.0	163.0	140.0	179.0	174.0	213.0	173.0	237.0	165.0	254.0	182.0	185.0	200.0	158.0	198.0	196.0	206.0	170.0	224.0	175.0	270.0	178.0	255.0	250.0	262.0	204.0	290.0	221.0	303.0	221.0	366.0	183.0	1
76.0	203.0	71.0	217.0	95.0	199.0	153.0	163.0	136.0	180.0	174.0	214.0	170.0	238.0	163.0	252.0	176.0	185.0	199.0	155.0	197.0	196.0	203.0	168.0	222.0	173.0	268.0	176.0	258.0	250.0	263.0	205.0	286.0	220.0	299.0	220.0	369.0	188.0	1
78.0	200.0	74.0	215.0	102.0	197.0	158.0	163.0	143.0	177.0	175.0	213.0	171.0	236.0	161.0	254.0	178.0	183.0	199.0	157.0	199.0	196.0	204.0	168.0	223.0	174.0	268.0	177.0	254.0	249.0	262.0	206.0	285.0	220.0	299.0	220.0	364.0	186.0	1
74.0	200.0	71.0	214.0	97.0	197.0	159.0	162.0	140.0	178.0	173.0	213.0	171.0	236.0	162.0	252.0	181.0	185.0	202.0	157.0	197.0	196.0	208.0	168.0	230.0	175.0	271.0	179.0	255.0	248.0	269.0	208.0	285.0	219.0	297.0	219.0	368.0	185.0	1
67.0	200.0	63.0	215.0	96.0	197.0	154.0	162.0	137.0	178.0	172.0	213.0	170.0	236.0	162.0	254.0	180.0	184.0	202.0	156.0	197.0	196.0	208.0	169.0	229.0	175.0	271.0	178.0	259.0	249.0	265.0	205.0	290.0	220.0	303.0	220.0	373.0	185.0	1
75.0	202.0	70.0	217.0	100.0	199.0	157.0	164.0	140.0	180.0	174.0	213.0	172.0	236.0	164.0	252.0	182.0	186.0	201.0	158.0	198.0	197.0	206.0	171.0	229.0	176.0	268.0	179.0	256.0	247.0	263.0	205.0	284.0	219.0	298.0	219.0	365.0	188.0	1
72.0	199.0	66.0	216.0	95.0	197.0	158.0	160.0	138.0	178.0	173.0	213.0	170.0	237.0	161.0	255.0	179.0	184.0	202.0	154.0	196.0	195.0	207.0	168.0	227.0	173.0	268.0	175.0	255.0	252.0	264.0	205.0	288.0	220.0	302.0	221.0	372.0	183.0	1
73.0	201.0	68.0	216.0	96.0	199.0	154.0	161.0	137.0	179.0	172.0	212.0	170.0	237.0	160.0	254.0	178.0	183.0	197.0	155.0	197.0	196.0	202.0	168.0	223.0	173.0	268.0	176.0	259.0	252.0	267.0	206.0	291.0	221.0	304.0	220.0	371.0	183.0	1
76.0	200.0	73.0	218.0	96.0	198.0	158.0	161.0	139.0	178.0	174.0	214.0	172.0	238.0	165.0	257.0	179.0	183.0	201.0	155.0	200.0	197.0	206.0	169.0	225.0	174.0	264.0	177.0	254.0	251.0	263.0	207.0	284.0	221.0	298.0	221.0	368.0	186.0	1
72.0	201.0	68.0	217.0	95.0	197.0	155.0	161.0	138.0	178.0	171.0	213.0	171.0	238.0	163.0	255.0	183.0	185.0	201.0	153.0	196.0	195.0	206.0	167.0	229.0	173.0	268.0	176.0	259.0	252.0	267.0	207.0	289.0	220.0	300.0	220.0	370.0	184.0	1
73.0	201.0	72.0	218.0	96.0	198.0	155.0	162.0	141.0	176.0	173.0	213.0	172.0	238.0	164.0	255.0	180.0	184.0	202.0	156.0	197.0	197.0	207.0	169.0	224.0	174.0	264.0	177.0	255.0	250.0	263.0	205.0	287.0	221.0	299.0	220.0	367.0	187.0	1
78.0	202.0	75.0	216.0	99.0	199.0	158.0	164.0	142.0	179.0	175.0	213.0	173.0	236.0	163.0	251.0	178.0	185.0	200.0	158.0	196.0	195.0	203.0	170.0	222.0	175.0	268.0	178.0	257.0	248.0	262.0	205.0	287.0	220.0	299.0	219.0	367.0	186.0	1
76.0	201.0	73.0	216.0	101.0	199.0	158.0	163.0	141.0	179.0	174.0	213.0	173.0	237.0	165.0	252.0	183.0	185.0	199.0	158.0	197.0	196.0	204.0	170.0	224.0	176.0	266.0	179.0	254.0	249.0	261.0	205.0	285.0	220.0	299.0	220.0	363.0	185.0	1
74.0	200.0	69.0	215.0	98.0	197.0	157.0	163.0	143.0	178.0	174.0	213.0	173.0	236.0	164.0	252.0	184.0	186.0	202.0	158.0	196.0	196.0	206.0	170.0	226.0	175.0	269.0	179.0	255.0	248.0	263.0	206.0	284.0	219.0	295.0	219.0	365.0	185.0	1
77.0	202.0	75.0	217.0	98.0	198.0	153.0	163.0	138.0	178.0	173.0	212.0	171.0	235.0	164.0	252.0	180.0	186.0	198.0	157.0	198.0	197.0	202.0	169.0	223.0	175.0	269.0	177.0	260.0	247.0	264.0	205.0	288.0	219.0	302.0	218.0	368.0	184.0	1
75.0	201.0	71.0	216.0	93.0	198.0	158.0	162.0	142.0	176.0	174.0	214.0	171.0	237.0	162.0	254.0	180.0	184.0	203.0	156.0	200.0	197.0	208.0	169.0	228.0	174.0	266.0	177.0	256.0	251.0	269.0	209.0	285.0	220.0	299.0	221.0	370.0	186.0	1
68.0	200.0	63.0	216.0	92.0	197.0	153.0	162.0	138.0	177.0	172.0	213.0	169.0	236.0	159.0	254.0	178.0	184.0	198.0	156.0	196.0	197.0	203.0	168.0	227.0	175.0	274.0	177.0	259.0	251.0	267.0	207.0	290.0	221.0	303.0	220.0	371.0	182.0	1
77.0	201.0	73.0	215.0	99.0	198.0	159.0	161.0	142.0	176.0	173.0	214.0	171.0	238.0	165.0	254.0	183.0	183.0	203.0	156.0	201.0	196.0	207.0	168.0	227.0	174.0	265.0	176.0	258.0	250.0	268.0	207.0	287.0	220.0	299.0	220.0	369.0	184.0	1
70.0	201.0	66.0	215.0	95.0	198.0	155.0	162.0	138.0	177.0	175.0	213.0	171.0	235.0	160.0	252.0	179.0	184.0	202.0	155.0	198.0	197.0	206.0	167.0	231.0	175.0	266.0	178.0	258.0	251.0	261.0	206.0	287.0	221.0	299.0	221.0	367.0	184.0	1
73.0	200.0	69.0	216.0	96.0	198.0	157.0	162.0	140.0	178.0	174.0	213.0	169.0	237.0	160.0	255.0	180.0	184.0	203.0	156.0	198.0	197.0	205.0	167.0	226.0	173.0	265.0	176.0	257.0	252.0	265.0	206.0	287.0	221.0	301.0	221.0	372.0	187.0	1
75.0	200.0	71.0	215.0	96.0	198.0	157.0	164.0	139.0	179.0	171.0	212.0	169.0	235.0	162.0	249.0	181.0	186.0	202.0	159.0	194.0	196.0	205.0	170.0	226.0	176.0	266.0	178.0	256.0	247.0	261.0	204.0	285.0	219.0	298.0	219.0	371.0	188.0	1
76.0	200.0	72.0	216.0	94.0	198.0	156.0	163.0	140.0	178.0	174.0	213.0	172.0	237.0	164.0	254.0	181.0	185.0	202.0	158.0	196.0	195.0	205.0	169.0	229.0	176.0	267.0	179.0	256.0	249.0	262.0	204.0	286.0	220.0	301.0	219.0	368.0	187.0	1
75.0	201.0	72.0	216.0	96.0	198.0	156.0	162.0	141.0	178.0	176.0	213.0	174.0	237.0	166.0	255.0	180.0	184.0	202.0	156.0	196.0	196.0	207.0	169.0	226.0	174.0	266.0	177.0	261.0	249.0	261.0	204.0	287.0	220.0	301.0	220.0	369.0	187.0	1
64.0	199.0	59.0	216.0	90.0	196.0	154.0	160.0	136.0	176.0	172.0	214.0	168.0	238.0	160.0	257.0	182.0	184.0	203.0	153.0	198.0	196.0	206.0	165.0	228.0	172.0	272.0	176.0	260.0	254.0	268.0	207.0	293.0	223.0	307.0	222.0	379.0	185.0	1
70.0	201.0	67.0	217.0	93.0	198.0	156.0	163.0	139.0	178.0	173.0	214.0	171.0	238.0	162.0	256.0	180.0	186.0	200.0	156.0	200.0	198.0	204.0	169.0	226.0	175.0	267.0	178.0	259.0	250.0	266.0	207.0	289.0	221.0	303.0	221.0	371.0	185.0	1
72.0	199.0	67.0	214.0	95.0	197.0	157.0	161.0	139.0	177.0	173.0	212.0	168.0	237.0	157.0	253.0	181.0	184.0	201.0	156.0	198.0	196.0	206.0	169.0	228.0	175.0	270.0	178.0	254.0	250.0	266.0	207.0	286.0	220.0	298.0	219.0	370.0	186.0	1
70.0	200.0	63.0	215.0	98.0	198.0	157.0	161.0	141.0	178.0	173.0	213.0	169.0	236.0	158.0	254.0	184.0	185.0	201.0	154.0	199.0	197.0	207.0	168.0	227.0	174.0	266.0	176.0	259.0	251.0	264.0	206.0	289.0	221.0	302.0	221.0	373.0	185.0	1
78.0	200.0	75.0	214.0	98.0	198.0	160.0	163.0	144.0	178.0	174.0	213.0	170.0	236.0	162.0	252.0	180.0	185.0	201.0	158.0	195.0	195.0	205.0	170.0	223.0	176.0	266.0	180.0	254.0	249.0	258.0	205.0	284.0	221.0	296.0	221.0	363.0	186.0	1
74.0	199.0	72.0	213.0	95.0	196.0	159.0	160.0	141.0	176.0	174.0	210.0	170.0	233.0	162.0	249.0	182.0	183.0	201.0	156.0	197.0	193.0	206.0	168.0	229.0	175.0	266.0	177.0	257.0	247.0	266.0	205.0	285.0	218.0	297.0	218.0	366.0	185.0	1
73.0	200.0	70.0	214.0	97.0	198.0	156.0	162.0	140.0	177.0	174.0	213.0	172.0	237.0	162.0	254.0	182.0	184.0	204.0	156.0	199.0	197.0	210.0	169.0	228.0	174.0	272.0	179.0	258.0	250.0	264.0	204.0	288.0	219.0	300.0	218.0	372.0	187.0	1
74.0	199.0	71.0	216.0	97.0	197.0	158.0	162.0	141.0	177.0	174.0	212.0	171.0	236.0	162.0	254.0	182.0	185.0	201.0	157.0	196.0	195.0	204.0	168.0	223.0	173.0	270.0	177.0	257.0	251.0	265.0	207.0	287.0	220.0	300.0	219.0	367.0	184.0	1
72.0	199.0	69.0	216.0	96.0	196.0	158.0	161.0	139.0	178.0	172.0	213.0	169.0	237.0	160.0	254.0	181.0	185.0	201.0	156.0	198.0	198.0	207.0	169.0	227.0	175.0	270.0	178.0	255.0	250.0	268.0	209.0	286.0	220.0	298.0	220.0	369.0	184.0	1
78.0	199.0	74.0	215.0	101.0	196.0	157.0	161.0	140.0	177.0	174.0	211.0	170.0	233.0	162.0	251.0	180.0	183.0	203.0	156.0	201.0	196.0	205.0	167.0	227.0	174.0	267.0	177.0	255.0	248.0	262.0	204.0	285.0	219.0	299.0	219.0	364.0	186.0	1
73.0	198.0	69.0	214.0	96.0	196.0	157.0	162.0	137.0	178.0	172.0	214.0	170.0	237.0	161.0	255.0	179.0	184.0	202.0	156.0	198.0	197.0	207.0	169.0	225.0	174.0	264.0	176.0	253.0	251.0	264.0	207.0	285.0	220.0	299.0	220.0	366.0	184.0	1
70.0	201.0	66.0	219.0	91.0	198.0	156.0	160.0	138.0	176.0	172.0	213.0	171.0	238.0	161.0	257.0	180.0	183.0	200.0	153.0	197.0	196.0	206.0	166.0	230.0	173.0	267.0	177.0	257.0	252.0	266.0	206.0	290.0	222.0	304.0	223.0	374.0	184.0	1
62.0	200.0	57.0	217.0	87.0	198.0	153.0	160.0	135.0	175.0	171.0	214.0	167.0	240.0	157.0	257.0	180.0	184.0	201.0	153.0	197.0	197.0	206.0	166.0	229.0	173.0	273.0	176.0	263.0	254.0	273.0	208.0	294.0	222.0	307.0	223.0	385.0	187.0	1
74.0	200.0	69.0	218.0	95.0	198.0	155.0	162.0	139.0	176.0	173.0	215.0	171.0	238.0	163.0	258.0	181.0	184.0	202.0	153.0	200.0	197.0	205.0	167.0	225.0	173.0	269.0	177.0	258.0	250.0	264.0	205.0	290.0	221.0	303.0	220.0	373.0	186.0	1
68.0	202.0	65.0	217.0	94.0	199.0	154.0	160.0	138.0	177.0	173.0	213.0	171.0	237.0	161.0	255.0	178.0	184.0	201.0	153.0	197.0	196.0	207.0	167.0	229.0	173.0	270.0	177.0	257.0	252.0	267.0	206.0	288.0	221.0	303.0	222.0	373.0	186.0	1
77.0	202.0	73.0	216.0	97.0	199.0	156.0	164.0	139.0	180.0	174.0	213.0	174.0	236.0	167.0	253.0	177.0	185.0	199.0	159.0	194.0	196.0	203.0	171.0	225.0	176.0	266.0	178.0	258.0	247.0	265.0	206.0	286.0	219.0	299.0	219.0	362.0	184.0	1
75.0	201.0	70.0	216.0	96.0	199.0	157.0	163.0	140.0	179.0	171.0	214.0	170.0	237.0	160.0	253.0	183.0	187.0	201.0	158.0	194.0	196.0	206.0	171.0	227.0	176.0	268.0	179.0	254.0	250.0	266.0	207.0	284.0	220.0	298.0	220.0	367.0	186.0	1
79.0	201.0	75.0	216.0	98.0	198.0	159.0	164.0	143.0	178.0	174.0	213.0	173.0	237.0	165.0	252.0	181.0	186.0	202.0	158.0	195.0	196.0	205.0	170.0	224.0	175.0	266.0	179.0	257.0	247.0	261.0	206.0	284.0	220.0	295.0	219.0	361.0	189.0	1
74.0	202.0	69.0	216.0	95.0	200.0	155.0	161.0	138.0	177.0	174.0	214.0	170.0	237.0	161.0	253.0	180.0	184.0	200.0	155.0	197.0	196.0	206.0	167.0	226.0	173.0	265.0	177.0	257.0	250.0	265.0	207.0	286.0	221.0	300.0	221.0	370.0	187.0	1
70.0	200.0	67.0	216.0	96.0	197.0	158.0	162.0	142.0	176.0	174.0	212.0	170.0	234.0	160.0	252.0	183.0	184.0	201.0	156.0	199.0	196.0	208.0	169.0	230.0	175.0	270.0	178.0	258.0	249.0	267.0	206.0	289.0	220.0	301.0	219.0	372.0	185.0	1
69.0	201.0	65.0	217.0	92.0	198.0	156.0	160.0	139.0	176.0	171.0	213.0	168.0	237.0	158.0	254.0	180.0	183.0	202.0	153.0	196.0	195.0	205.0	165.0	228.0	172.0	273.0	176.0	258.0	252.0	266.0	205.0	291.0	221.0	304.0	221.0	378.0	186.0	1
72.0	197.0	67.0	214.0	93.0	195.0	156.0	158.0	140.0	174.0	172.0	210.0	170.0	235.0	160.0	253.0	181.0	181.0	202.0	153.0	197.0	193.0	205.0	165.0	226.0	171.0	268.0	175.0	256.0	249.0	264.0	205.0	287.0	220.0	299.0	220.0	368.0	185.0	1
78.0	202.0	74.0	217.0	98.0	199.0	154.0	164.0	139.0	178.0	175.0	212.0	172.0	235.0	163.0	253.0	177.0	184.0	196.0	157.0	198.0	197.0	201.0	169.0	223.0	174.0	267.0	177.0	261.0	248.0	265.0	206.0	287.0	219.0	300.0	218.0	368.0	184.0	1
74.0	201.0	69.0	216.0	95.0	198.0	158.0	161.0	139.0	179.0	172.0	213.0	169.0	237.0	162.0	254.0	178.0	185.0	200.0	156.0	199.0	198.0	205.0	168.0	223.0	173.0	262.0	176.0	257.0	249.0	263.0	205.0	285.0	219.0	298.0	219.0	369.0	187.0	1
77.0	201.0	74.0	215.0	97.0	199.0	159.0	164.0	143.0	178.0	173.0	213.0	170.0	235.0	163.0	251.0	182.0	185.0	202.0	158.0	197.0	196.0	205.0	170.0	227.0	176.0	264.0	178.0	256.0	248.0	264.0	206.0	286.0	220.0	298.0	219.0	367.0	187.0	1
67.0	199.0	63.0	216.0	91.0	197.0	153.0	161.0	136.0	178.0	171.0	213.0	169.0	238.0	157.0	255.0	178.0	184.0	200.0	154.0	196.0	196.0	206.0	168.0	227.0	173.0	268.0	176.0	258.0	252.0	266.0	207.0	290.0	222.0	303.0	221.0	376.0	184.0	1
78.0	201.0	72.0	218.0	96.0	198.0	157.0	161.0	138.0	177.0	172.0	213.0	169.0	239.0	162.0	258.0	179.0	183.0	200.0	154.0	197.0	196.0	205.0	168.0	224.0	173.0	265.0	177.0	256.0	251.0	262.0	205.0	287.0	222.0	300.0	222.0	370.0	185.0	1
75.0	199.0	71.0	216.0	97.0	197.0	157.0	161.0	141.0	178.0	177.0	214.0	173.0	238.0	166.0	255.0	184.0	185.0	203.0	154.0	199.0	197.0	208.0	168.0	230.0	174.0	269.0	177.0	259.0	250.0	266.0	207.0	287.0	220.0	299.0	219.0	369.0	184.0	1
78.0	203.0	75.0	217.0	96.0	200.0	157.0	163.0	140.0	180.0	174.0	212.0	171.0	236.0	163.0	252.0	181.0	185.0	199.0	157.0	197.0	196.0	204.0	169.0	225.0	174.0	263.0	177.0	257.0	249.0	260.0	204.0	285.0	219.0	300.0	220.0	367.0	188.0	1
72.0	201.0	69.0	218.0	93.0	198.0	156.0	162.0	139.0	178.0	172.0	215.0	169.0	238.0	160.0	256.0	178.0	186.0	199.0	155.0	197.0	199.0	204.0	168.0	225.0	174.0	265.0	177.0	255.0	252.0	265.0	207.0	286.0	220.0	299.0	221.0	373.0	187.0	1
76.0	200.0	72.0	216.0	97.0	198.0	159.0	162.0	142.0	177.0	174.0	212.0	171.0	236.0	161.0	253.0	181.0	184.0	202.0	156.0	200.0	197.0	206.0	168.0	227.0	174.0	270.0	178.0	255.0	249.0	266.0	207.0	285.0	220.0	299.0	220.0	368.0	188.0	1
71.0	201.0	69.0	216.0	95.0	198.0	157.0	163.0	140.0	178.0	173.0	212.0	171.0	235.0	164.0	254.0	180.0	185.0	199.0	156.0	197.0	196.0	203.0	169.0	223.0	174.0	268.0	176.0	260.0	249.0	271.0	208.0	292.0	220.0	305.0	219.0	368.0	181.0	1
69.0	201.0	67.0	217.0	93.0	198.0	156.0	160.0	137.0	177.0	172.0	213.0	170.0	238.0	161.0	256.0	179.0	184.0	202.0	153.0	198.0	196.0	207.0	166.0	229.0	172.0	272.0	176.0	259.0	250.0	267.0	206.0	291.0	220.0	303.0	221.0	373.0	187.0	1
76.0	201.0	71.0	216.0	96.0	199.0	155.0	163.0	138.0	179.0	172.0	214.0	171.0	237.0	164.0	254.0	178.0	184.0	200.0	158.0	197.0	197.0	203.0	169.0	225.0	175.0	272.0	178.0	259.0	248.0	267.0	206.0	285.0	219.0	300.0	219.0	368.0	187.0	1
70.0	201.0	66.0	217.0	94.0	198.0	155.0	160.0	139.0	176.0	171.0	213.0	168.0	237.0	159.0	254.0	182.0	184.0	199.0	154.0	198.0	196.0	207.0	168.0	228.0	174.0	273.0	177.0	259.0	252.0	266.0	206.0	288.0	221.0	302.0	221.0	370.0	188.0	1
73.0	201.0	69.0	217.0	97.0	198.0	156.0	164.0	138.0	180.0	174.0	213.0	171.0	235.0	163.0	253.0	178.0	186.0	199.0	158.0	198.0	197.0	203.0	170.0	226.0	175.0	269.0	177.0	262.0	250.0	269.0	206.0	290.0	219.0	303.0	218.0	373.0	185.0	1
75.0	200.0	69.0	216.0	97.0	197.0	156.0	162.0	139.0	178.0	174.0	213.0	170.0	235.0	161.0	254.0	180.0	185.0	202.0	155.0	199.0	197.0	207.0	169.0	228.0	175.0	267.0	178.0	258.0	251.0	262.0	205.0	287.0	220.0	299.0	220.0	365.0	185.0	1
73.0	202.0	69.0	216.0	95.0	198.0	153.0	163.0	138.0	178.0	175.0	213.0	172.0	237.0	165.0	254.0	180.0	185.0	197.0	156.0	196.0	196.0	202.0	169.0	225.0	175.0	266.0	177.0	260.0	250.0	263.0	204.0	288.0	219.0	301.0	219.0	370.0	184.0	1
71.0	200.0	67.0	215.0	96.0	197.0	157.0	162.0	138.0	178.0	172.0	214.0	170.0	237.0	163.0	254.0	180.0	185.0	200.0	157.0	197.0	197.0	205.0	168.0	225.0	174.0	268.0	177.0	255.0	249.0	263.0	206.0	285.0	218.0	298.0	218.0	369.0	185.0	1
73.0	199.0	67.0	216.0	99.0	196.0	158.0	160.0	141.0	176.0	171.0	213.0	170.0	237.0	160.0	256.0	184.0	184.0	202.0	154.0	197.0	195.0	208.0	167.0	230.0	173.0	271.0	177.0	252.0	252.0	267.0	207.0	287.0	221.0	301.0	222.0	373.0	186.0	1
76.0	200.0	72.0	215.0	100.0	197.0	159.0	162.0	143.0	178.0	173.0	213.0	171.0	237.0	162.0	253.0	181.0	184.0	203.0	155.0	196.0	195.0	206.0	167.0	227.0	173.0	268.0	178.0	253.0	251.0	263.0	206.0	284.0	221.0	297.0	221.0	366.0	186.0	1
69.0	201.0	66.0	217.0	90.0	199.0	154.0	162.0	137.0	178.0	174.0	213.0	170.0	236.0	162.0	253.0	179.0	184.0	202.0	156.0	195.0	195.0	206.0	168.0	230.0	174.0	271.0	177.0	258.0	250.0	267.0	206.0	288.0	220.0	303.0	220.0	369.0	187.0	1
69.0	200.0	65.0	216.0	92.0	198.0	155.0	162.0	139.0	177.0	173.0	213.0	172.0	237.0	162.0	255.0	180.0	184.0	200.0	155.0	197.0	196.0	205.0	167.0	228.0	173.0	273.0	177.0	257.0	250.0	267.0	206.0	290.0	220.0	304.0	220.0	374.0	184.0	1
76.0	201.0	72.0	215.0	96.0	199.0	160.0	163.0	143.0	178.0	172.0	212.0	170.0	236.0	162.0	251.0	182.0	185.0	200.0	158.0	196.0	197.0	204.0	170.0	223.0	175.0	267.0	179.0	253.0	249.0	263.0	207.0	281.0	220.0	294.0	220.0	364.0	188.0	1
71.0	203.0	66.0	216.0	95.0	199.0	156.0	163.0	138.0	179.0	175.0	214.0	171.0	238.0	163.0	254.0	179.0	185.0	200.0	157.0	197.0	198.0	205.0	170.0	226.0	175.0	269.0	178.0	258.0	249.0	266.0	206.0	287.0	220.0	300.0	220.0	369.0	184.0	1
74.0	202.0	69.0	216.0	97.0	199.0	154.0	162.0	138.0	179.0	172.0	213.0	170.0	236.0	160.0	254.0	178.0	183.0	197.0	155.0	197.0	196.0	202.0	168.0	223.0	173.0	268.0	176.0	258.0	251.0	266.0	206.0	290.0	221.0	303.0	220.0	370.0	183.0	1
77.0	201.0	73.0	215.0	102.0	198.0	157.0	164.0	142.0	179.0	175.0	212.0	172.0	234.0	165.0	250.0	184.0	187.0	200.0	159.0	199.0	198.0	205.0	171.0	226.0	177.0	266.0	178.0	255.0	246.0	260.0	205.0	284.0	219.0	296.0	219.0	362.0	187.0	1
73.0	199.0	68.0	216.0	96.0	197.0	158.0	162.0	141.0	177.0	173.0	213.0	168.0	236.0	157.0	253.0	178.0	184.0	201.0	156.0	200.0	198.0	207.0	169.0	229.0	175.0	265.0	177.0	254.0	251.0	266.0	208.0	287.0	221.0	301.0	221.0	366.0	183.0	1
78.0	201.0	73.0	217.0	96.0	198.0	158.0	162.0	139.0	178.0	174.0	213.0	172.0	238.0	165.0	255.0	181.0	184.0	201.0	157.0	197.0	195.0	206.0	169.0	227.0	174.0	266.0	177.0	257.0	252.0	261.0	205.0	287.0	220.0	300.0	220.0	364.0	185.0	1
77.0	202.0	71.0	217.0	97.0	199.0	155.0	163.0	140.0	179.0	173.0	213.0	171.0	237.0	162.0	255.0	181.0	185.0	199.0	155.0	197.0	196.0	204.0	169.0	225.0	174.0	267.0	178.0	257.0	251.0	265.0	206.0	287.0	221.0	301.0	220.0	370.0	187.0	1
72.0	200.0	67.0	217.0	97.0	198.0	157.0	162.0	142.0	177.0	175.0	215.0	173.0	238.0	163.0	255.0	182.0	185.0	201.0	156.0	199.0	198.0	205.0	168.0	229.0	175.0	269.0	179.0	257.0	251.0	262.0	206.0	287.0	221.0	299.0	220.0	367.0	183.0	1
71.0	200.0	68.0	216.0	95.0	198.0	159.0	161.0	140.0	177.0	174.0	213.0	172.0	238.0	162.0	255.0	179.0	185.0	201.0	155.0	195.0	195.0	206.0	168.0	226.0	173.0	269.0	177.0	255.0	251.0	265.0	206.0	286.0	220.0	299.0	220.0	366.0	186.0	1
73.0	200.0	67.0	215.0	97.0	198.0	154.0	161.0	140.0	177.0	170.0	213.0	169.0	238.0	159.0	255.0	178.0	185.0	202.0	155.0	197.0	197.0	205.0	167.0	226.0	173.0	265.0	177.0	255.0	251.0	264.0	206.0	288.0	221.0	301.0	220.0	372.0	185.0	1
73.0	200.0	67.0	216.0	97.0	198.0	158.0	162.0	140.0	179.0	172.0	214.0	170.0	237.0	160.0	254.0	181.0	186.0	202.0	155.0	197.0	197.0	206.0	169.0	229.0	176.0	267.0	177.0	255.0	250.0	268.0	209.0	286.0	221.0	299.0	221.0	368.0	185.0	1
77.0	201.0	73.0	216.0	100.0	198.0	157.0	164.0	141.0	179.0	174.0	212.0	171.0	236.0	164.0	252.0	180.0	185.0	201.0	158.0	199.0	196.0	205.0	169.0	226.0	175.0	266.0	178.0	257.0	250.0	261.0	205.0	286.0	221.0	299.0	221.0	366.0	186.0	1
72.0	201.0	68.0	216.0	97.0	198.0	156.0	162.0	139.0	178.0	172.0	213.0	170.0	237.0	163.0	253.0	181.0	186.0	200.0	156.0	198.0	198.0	205.0	170.0	227.0	177.0	265.0	178.0	257.0	247.0	261.0	206.0	284.0	221.0	297.0	221.0	368.0	186.0	1
78.0	202.0	74.0	214.0	98.0	200.0	160.0	164.0	140.0	180.0	175.0	212.0	172.0	234.0	166.0	251.0	183.0	184.0	200.0	160.0	198.0	196.0	203.0	170.0	223.0	176.0	260.0	178.0	256.0	247.0	260.0	204.0	285.0	219.0	296.0	218.0	359.0	187.0	1
75.0	201.0	72.0	215.0	96.0	198.0	155.0	164.0	138.0	179.0	174.0	213.0	172.0	238.0	164.0	253.0	179.0	186.0	200.0	158.0	199.0	198.0	203.0	170.0	223.0	175.0	265.0	178.0	259.0	250.0	263.0	206.0	286.0	219.0	298.0	218.0	371.0	187.0	1
73.0	202.0	69.0	216.0	92.0	199.0	156.0	162.0	138.0	179.0	173.0	215.0	172.0	238.0	163.0	254.0	176.0	185.0	200.0	156.0	195.0	197.0	204.0	169.0	226.0	175.0	269.0	178.0	258.0	249.0	266.0	206.0	286.0	219.0	299.0	219.0	366.0	186.0	1
75.0	196.0	72.0	211.0	99.0	194.0	159.0	160.0	143.0	175.0	172.0	210.0	168.0	233.0	161.0	248.0	183.0	184.0	201.0	156.0	197.0	195.0	205.0	168.0	227.0	174.0	269.0	177.0	255.0	245.0	263.0	206.0	283.0	218.0	297.0	218.0	364.0	185.0	1
73.0	202.0	69.0	218.0	97.0	198.0	155.0	161.0	138.0	177.0	172.0	213.0	171.0	237.0	161.0	255.0	182.0	184.0	202.0	154.0	197.0	196.0	207.0	167.0	228.0	173.0	269.0	177.0	260.0	251.0	264.0	205.0	289.0	220.0	300.0	220.0	372.0	186.0	1
79.0	201.0	72.0	217.0	97.0	199.0	157.0	161.0	139.0	178.0	173.0	214.0	171.0	238.0	163.0	256.0	182.0	184.0	202.0	154.0	195.0	195.0	207.0	168.0	223.0	173.0	266.0	177.0	254.0	250.0	262.0	206.0	284.0	221.0	297.0	221.0	368.0	188.0	1
70.0	202.0	66.0	217.0	90.0	199.0	152.0	162.0	133.0	178.0	174.0	213.0	172.0	236.0	163.0	254.0	178.0	185.0	200.0	156.0	197.0	196.0	204.0	168.0	228.0	175.0	268.0	178.0	261.0	249.0	266.0	206.0	289.0	219.0	302.0	219.0	375.0	184.0	1
66.0	201.0	62.0	217.0	91.0	199.0	153.0	161.0	137.0	176.0	174.0	214.0	172.0	238.0	163.0	257.0	178.0	183.0	200.0	154.0	197.0	196.0	205.0	166.0	226.0	171.0	269.0	174.0	259.0	253.0	267.0	206.0	291.0	222.0	304.0	221.0	373.0	184.0	1
76.0	202.0	71.0	217.0	97.0	199.0	157.0	162.0	140.0	178.0	176.0	213.0	173.0	237.0	162.0	254.0	180.0	184.0	203.0	155.0	200.0	196.0	208.0	168.0	229.0	174.0	269.0	177.0	253.0	251.0	268.0	207.0	288.0	221.0	299.0	221.0	366.0	187.0	1
76.0	202.0	74.0	218.0	95.0	199.0	154.0	164.0	140.0	178.0	175.0	213.0	173.0	236.0	165.0	253.0	180.0	185.0	201.0	157.0	198.0	198.0	204.0	169.0	227.0	175.0	268.0	178.0	259.0	248.0	265.0	206.0	286.0	220.0	298.0	220.0	365.0	185.0	1
70.0	200.0	67.0	216.0	90.0	197.0	156.0	161.0	140.0	176.0	172.0	211.0	170.0	233.0	162.0	251.0	183.0	183.0	200.0	153.0	196.0	193.0	205.0	167.0	229.0	173.0	267.0	175.0	257.0	250.0	268.0	204.0	294.0	219.0	305.0	218.0	373.0	181.0	1
67.0	200.0	64.0	216.0	93.0	198.0	157.0	162.0	139.0	178.0	174.0	214.0	172.0	237.0	162.0	254.0	182.0	185.0	202.0	156.0	198.0	197.0	207.0	169.0	229.0	175.0	271.0	178.0	258.0	249.0	267.0	207.0	287.0	220.0	300.0	219.0	372.0	184.0	1
78.0	201.0	74.0	217.0	98.0	197.0	157.0	161.0	141.0	177.0	174.0	213.0	172.0	237.0	163.0	254.0	184.0	185.0	200.0	155.0	197.0	195.0	206.0	169.0	226.0	174.0	267.0	177.0	252.0	250.0	263.0	206.0	284.0	221.0	297.0	221.0	364.0	187.0	1
74.0	200.0	70.0	216.0	97.0	197.0	158.0	163.0	141.0	177.0	173.0	212.0	168.0	234.0	162.0	250.0	182.0	185.0	202.0	157.0	200.0	198.0	206.0	169.0	228.0	175.0	268.0	179.0	255.0	248.0	261.0	205.0	284.0	219.0	297.0	219.0	366.0	186.0	1
72.0	201.0	67.0	216.0	95.0	198.0	157.0	163.0	142.0	178.0	175.0	212.0	169.0	234.0	158.0	252.0	181.0	184.0	203.0	156.0	198.0	197.0	206.0	168.0	229.0	175.0	268.0	177.0	257.0	251.0	266.0	207.0	288.0	222.0	300.0	221.0	368.0	186.0	1
76.0	200.0	71.0	215.0	100.0	197.0	159.0	163.0	143.0	178.0	173.0	213.0	171.0	235.0	162.0	250.0	183.0	186.0	201.0	158.0	194.0	195.0	206.0	169.0	225.0	175.0	263.0	179.0	253.0	247.0	263.0	206.0	282.0	219.0	295.0	218.0	367.0	186.0	1
73.0	201.0	69.0	216.0	100.0	198.0	157.0	162.0	139.0	178.0	174.0	212.0	173.0	237.0	162.0	254.0	178.0	183.0	202.0	154.0	196.0	196.0	209.0	168.0	228.0	174.0	265.0	176.0	253.0	249.0	263.0	205.0	285.0	221.0	299.0	221.0	366.0	186.0	1
78.0	199.0	74.0	215.0	101.0	197.0	157.0	162.0	141.0	177.0	174.0	213.0	171.0	235.0	161.0	252.0	180.0	185.0	199.0	156.0	200.0	198.0	204.0	168.0	227.0	174.0	270.0	178.0	254.0	250.0	260.0	206.0	284.0	221.0	296.0	220.0	367.0	185.0	1
68.0	200.0	64.0	217.0	90.0	198.0	155.0	158.0	137.0	174.0	172.0	214.0	170.0	239.0	162.0	257.0	178.0	182.0	202.0	150.0	196.0	194.0	206.0	164.0	228.0	171.0	268.0	174.0	262.0	254.0	268.0	206.0	291.0	220.0	304.0	219.0	376.0	180.0	1
71.0	199.0	68.0	215.0	93.0	197.0	150.0	162.0	133.0	177.0	171.0	210.0	169.0	233.0	160.0	251.0	179.0	183.0	200.0	153.0	197.0	195.0	204.0	167.0	225.0	173.0	265.0	176.0	257.0	248.0	264.0	203.0	288.0	219.0	302.0	219.0	373.0	185.0	1
73.0	201.0	70.0	216.0	96.0	199.0	157.0	163.0	142.0	178.0	172.0	214.0	170.0	237.0	162.0	254.0	182.0	186.0	202.0	158.0	197.0	198.0	207.0	170.0	228.0	176.0	269.0	178.0	257.0	250.0	270.0	209.0	285.0	221.0	300.0	221.0	370.0	184.0	1
71.0	199.0	69.0	213.0	92.0	197.0	154.0	159.0	137.0	175.0	171.0	208.0	168.0	233.0	160.0	249.0	178.0	182.0	199.0	155.0	195.0	193.0	202.0	166.0	224.0	172.0	261.0	175.0	252.0	248.0	261.0	204.0	283.0	218.0	295.0	219.0	363.0	188.0	1
71.0	201.0	68.0	213.0	98.0	197.0	154.0	164.0	138.0	179.0	173.0	212.0	168.0	234.0	159.0	252.0	179.0	184.0	198.0	157.0	196.0	196.0	202.0	169.0	224.0	175.0	267.0	177.0	257.0	251.0	263.0	205.0	286.0	220.0	300.0	219.0	367.0	181.0	1
75.0	202.0	72.0	217.0	98.0	198.0	156.0	162.0	138.0	179.0	175.0	212.0	173.0	236.0	165.0	253.0	180.0	185.0	200.0	157.0	201.0	198.0	204.0	169.0	228.0	175.0	268.0	177.0	258.0	248.0	267.0	206.0	287.0	220.0	300.0	219.0	366.0	185.0	1
69.0	200.0	64.0	216.0	90.0	198.0	156.0	160.0	139.0	175.0	171.0	213.0	168.0	237.0	160.0	255.0	180.0	183.0	202.0	154.0	198.0	195.0	207.0	166.0	228.0	172.0	270.0	175.0	261.0	251.0	269.0	205.0	291.0	220.0	304.0	219.0	382.0	185.0	1
75.0	201.0	71.0	216.0	97.0	198.0	156.0	162.0	140.0	179.0	172.0	213.0	170.0	236.0	163.0	254.0	181.0	186.0	201.0	156.0	198.0	197.0	205.0	169.0	225.0	174.0	267.0	178.0	255.0	249.0	262.0	205.0	285.0	219.0	298.0	220.0	367.0	186.0	1
76.0	200.0	73.0	217.0	98.0	197.0	157.0	162.0	140.0	177.0	172.0	214.0	169.0	237.0	159.0	253.0	181.0	185.0	201.0	156.0	197.0	196.0	206.0	168.0	227.0	174.0	271.0	178.0	256.0	251.0	265.0	207.0	286.0	221.0	300.0	220.0	367.0	187.0	1
74.0	202.0	70.0	218.0	99.0	198.0	157.0	163.0	142.0	178.0	174.0	213.0	172.0	236.0	164.0	253.0	181.0	184.0	201.0	157.0	198.0	196.0	207.0	170.0	228.0	176.0	268.0	179.0	256.0	249.0	263.0	205.0	287.0	220.0	298.0	220.0	367.0	188.0	1
76.0	201.0	72.0	217.0	99.0	198.0	158.0	163.0	140.0	179.0	172.0	213.0	170.0	236.0	160.0	253.0	182.0	185.0	200.0	158.0	196.0	195.0	204.0	169.0	228.0	176.0	267.0	178.0	258.0	249.0	263.0	206.0	286.0	220.0	298.0	220.0	365.0	187.0	1
79.0	200.0	74.0	215.0	96.0	198.0	157.0	162.0	140.0	178.0	173.0	213.0	171.0	237.0	162.0	252.0	181.0	185.0	202.0	156.0	196.0	195.0	207.0	169.0	226.0	174.0	268.0	178.0	254.0	250.0	265.0	207.0	285.0	221.0	297.0	221.0	366.0	185.0	1
77.0	201.0	73.0	216.0	98.0	199.0	157.0	164.0	139.0	179.0	174.0	213.0	170.0	236.0	163.0	253.0	180.0	185.0	198.0	158.0	196.0	196.0	202.0	170.0	225.0	175.0	271.0	178.0	259.0	247.0	266.0	206.0	287.0	219.0	300.0	219.0	369.0	187.0	1
75.0	200.0	70.0	215.0	100.0	198.0	159.0	161.0	141.0	178.0	174.0	214.0	172.0	237.0	164.0	254.0	180.0	185.0	200.0	156.0	196.0	195.0	204.0	168.0	224.0	173.0	267.0	177.0	257.0	249.0	265.0	206.0	285.0	219.0	296.0	219.0	368.0	186.0	1
77.0	201.0	73.0	215.0	99.0	198.0	154.0	163.0	137.0	180.0	173.0	213.0	172.0	236.0	165.0	252.0	178.0	186.0	198.0	158.0	196.0	197.0	202.0	170.0	228.0	176.0	267.0	179.0	258.0	247.0	263.0	204.0	285.0	218.0	298.0	218.0	369.0	185.0	1
74.0	201.0	69.0	216.0	99.0	198.0	156.0	162.0	138.0	179.0	175.0	213.0	173.0	237.0	166.0	255.0	183.0	185.0	201.0	157.0	197.0	195.0	207.0	170.0	226.0	175.0	266.0	176.0	260.0	251.0	265.0	204.0	291.0	220.0	303.0	220.0	367.0	183.0	1
72.0	200.0	66.0	216.0	91.0	198.0	156.0	162.0	138.0	177.0	172.0	215.0	170.0	238.0	159.0	256.0	181.0	185.0	200.0	155.0	197.0	197.0	205.0	167.0	224.0	172.0	266.0	175.0	256.0	253.0	268.0	208.0	290.0	222.0	303.0	221.0	371.0	182.0	1
78.0	200.0	74.0	216.0	100.0	198.0	159.0	162.0	145.0	177.0	174.0	213.0	170.0	236.0	160.0	252.0	182.0	184.0	204.0	155.0	200.0	197.0	209.0	169.0	228.0	175.0	265.0	178.0	252.0	251.0	265.0	207.0	285.0	221.0	296.0	221.0	365.0	187.0	1
76.0	200.0	73.0	215.0	97.0	197.0	157.0	163.0	140.0	179.0	174.0	213.0	171.0	236.0	163.0	252.0	182.0	185.0	203.0	157.0	198.0	197.0	207.0	170.0	226.0	175.0	264.0	179.0	254.0	249.0	260.0	206.0	284.0	220.0	297.0	219.0	367.0	187.0	1
74.0	201.0	69.0	216.0	97.0	198.0	155.0	162.0	141.0	178.0	174.0	214.0	170.0	237.0	161.0	254.0	183.0	185.0	201.0	156.0	198.0	196.0	206.0	169.0	226.0	174.0	263.0	178.0	255.0	250.0	263.0	206.0	287.0	221.0	299.0	220.0	366.0	187.0	1
75.0	201.0	70.0	217.0	94.0	198.0	156.0	162.0	139.0	178.0	173.0	213.0	171.0	237.0	163.0	253.0	178.0	184.0	200.0	157.0	197.0	196.0	205.0	169.0	224.0	174.0	267.0	177.0	256.0	250.0	265.0	206.0	287.0	220.0	299.0	220.0	371.0	186.0	1
76.0	201.0	73.0	218.0	97.0	198.0	158.0	162.0	142.0	177.0	173.0	213.0	170.0	237.0	160.0	254.0	179.0	184.0	200.0	155.0	199.0	197.0	204.0	167.0	225.0	174.0	268.0	179.0	257.0	252.0	264.0	207.0	286.0	221.0	298.0	220.0	368.0	185.0	1
73.0	201.0	71.0	217.0	95.0	198.0	154.0	161.0	137.0	177.0	175.0	212.0	171.0	236.0	161.0	253.0	180.0	184.0	201.0	154.0	198.0	196.0	207.0	167.0	227.0	173.0	268.0	176.0	255.0	252.0	264.0	207.0	287.0	222.0	300.0	221.0	366.0	184.0	1
72.0	200.0	69.0	216.0	98.0	197.0	158.0	162.0	143.0	177.0	170.0	213.0	168.0	236.0	158.0	252.0	182.0	185.0	202.0	156.0	198.0	197.0	208.0	169.0	228.0	175.0	270.0	178.0	255.0	251.0	263.0	207.0	284.0	221.0	300.0	222.0	366.0	187.0	1
72.0	202.0	65.0	218.0	91.0	199.0	154.0	160.0	137.0	177.0	172.0	214.0	170.0	239.0	161.0	257.0	181.0	185.0	199.0	155.0	195.0	196.0	204.0	168.0	225.0	173.0	266.0	177.0	261.0	252.0	262.0	205.0	291.0	222.0	304.0	222.0	374.0	185.0	1
73.0	201.0	67.0	214.0	97.0	199.0	159.0	164.0	142.0	179.0	173.0	211.0	173.0	235.0	164.0	253.0	178.0	185.0	199.0	158.0	196.0	197.0	204.0	170.0	225.0	176.0	271.0	179.0	257.0	248.0	265.0	206.0	287.0	219.0	299.0	218.0	367.0	186.0	1
78.0	201.0	74.0	217.0	98.0	198.0	156.0	164.0	140.0	179.0	171.0	213.0	170.0	236.0	162.0	252.0	179.0	185.0	200.0	158.0	195.0	196.0	204.0	170.0	225.0	176.0	265.0	179.0	254.0	246.0	264.0	207.0	283.0	220.0	295.0	220.0	358.0	186.0	1
77.0	202.0	73.0	216.0	100.0	199.0	160.0	163.0	141.0	179.0	175.0	211.0	173.0	235.0	165.0	251.0	185.0	185.0	202.0	158.0	197.0	195.0	206.0	170.0	226.0	175.0	268.0	178.0	258.0	247.0	264.0	205.0	283.0	218.0	297.0	218.0	368.0	189.0	1
73.0	202.0	68.0	217.0	93.0	199.0	158.0	162.0	141.0	177.0	175.0	214.0	171.0	237.0	162.0	254.0	179.0	184.0	201.0	156.0	199.0	198.0	205.0	168.0	226.0	174.0	262.0	176.0	259.0	251.0	261.0	205.0	288.0	221.0	301.0	220.0	366.0	184.0	1
76.0	201.0	73.0	216.0	99.0	198.0	157.0	163.0	140.0	178.0	174.0	213.0	172.0	235.0	160.0	252.0	179.0	184.0	200.0	156.0	197.0	195.0	205.0	168.0	225.0	174.0	266.0	177.0	255.0	249.0	265.0	207.0	288.0	221.0	301.0	220.0	369.0	186.0	1
75.0	201.0	72.0	217.0	98.0	198.0	155.0	163.0	139.0	178.0	174.0	213.0	171.0	236.0	162.0	254.0	181.0	185.0	202.0	156.0	199.0	198.0	205.0	168.0	228.0	174.0	265.0	176.0	255.0	249.0	264.0	205.0	286.0	220.0	300.0	220.0	369.0	187.0	1
76.0	202.0	72.0	215.0	101.0	199.0	156.0	164.0	138.0	180.0	174.0	213.0	171.0	236.0	164.0	253.0	181.0	185.0	200.0	158.0	197.0	197.0	204.0	170.0	225.0	175.0	266.0	178.0	254.0	248.0	260.0	205.0	283.0	220.0	296.0	220.0	364.0	187.0	1
71.0	200.0	67.0	216.0	94.0	197.0	159.0	162.0	142.0	176.0	174.0	213.0	170.0	237.0	161.0	255.0	182.0	185.0	203.0	157.0	198.0	196.0	206.0	169.0	226.0	173.0	269.0	178.0	255.0	250.0	265.0	207.0	285.0	220.0	298.0	220.0	368.0	188.0	1
73.0	200.0	67.0	215.0	97.0	198.0	160.0	161.0	146.0	176.0	175.0	215.0	171.0	238.0	161.0	254.0	183.0	184.0	204.0	157.0	199.0	197.0	207.0	169.0	227.0	175.0	265.0	177.0	254.0	251.0	263.0	206.0	287.0	220.0	300.0	220.0	366.0	188.0	1
72.0	201.0	65.0	216.0	98.0	198.0	157.0	161.0	141.0	177.0	174.0	214.0	170.0	237.0	161.0	255.0	179.0	183.0	201.0	154.0	199.0	197.0	206.0	167.0	225.0	173.0	267.0	176.0	257.0	252.0	267.0	208.0	288.0	222.0	302.0	222.0	373.0	185.0	1
69.0	202.0	66.0	217.0	90.0	199.0	154.0	160.0	135.0	178.0	170.0	214.0	169.0	238.0	160.0	256.0	176.0	184.0	201.0	153.0	194.0	195.0	206.0	166.0	226.0	172.0	269.0	175.0	258.0	253.0	267.0	208.0	291.0	223.0	304.0	222.0	376.0	184.0	1
75.0	201.0	71.0	217.0	96.0	198.0	157.0	160.0	140.0	177.0	172.0	213.0	171.0	238.0	162.0	257.0	180.0	184.0	201.0	154.0	198.0	197.0	205.0	167.0	226.0	172.0	267.0	176.0	257.0	253.0	263.0	206.0	288.0	221.0	300.0	221.0	370.0	184.0	1
73.0	201.0	69.0	216.0	95.0	199.0	155.0	162.0	139.0	178.0	172.0	213.0	169.0	236.0	160.0	254.0	181.0	185.0	199.0	155.0	197.0	198.0	206.0	168.0	226.0	174.0	264.0	176.0	257.0	250.0	263.0	206.0	287.0	221.0	300.0	221.0	368.0	184.0	1
78.0	201.0	73.0	216.0	99.0	198.0	156.0	164.0	142.0	180.0	173.0	213.0	170.0	235.0	162.0	252.0	183.0	186.0	201.0	157.0	196.0	195.0	207.0	171.0	224.0	175.0	264.0	178.0	252.0	248.0	259.0	204.0	282.0	220.0	295.0	219.0	366.0	189.0	1
76.0	199.0	72.0	214.0	99.0	196.0	160.0	162.0	142.0	178.0	174.0	212.0	171.0	235.0	161.0	253.0	181.0	186.0	202.0	157.0	197.0	197.0	207.0	170.0	227.0	176.0	267.0	180.0	254.0	248.0	262.0	207.0	283.0	220.0	296.0	220.0	367.0	184.0	1
72.0	200.0	67.0	215.0	93.0	198.0	154.0	162.0	138.0	177.0	173.0	213.0	169.0	237.0	161.0	254.0	182.0	185.0	201.0	155.0	196.0	195.0	205.0	168.0	228.0	175.0	270.0	178.0	261.0	250.0	264.0	204.0	290.0	220.0	303.0	219.0	371.0	185.0	1
77.0	202.0	72.0	215.0	101.0	199.0	159.0	163.0	143.0	179.0	175.0	213.0	174.0	235.0	168.0	251.0	181.0	185.0	200.0	159.0	196.0	196.0	203.0	171.0	224.0	176.0	264.0	176.0	258.0	246.0	264.0	204.0	287.0	219.0	299.0	218.0	369.0	186.0	1
72.0	200.0	69.0	215.0	98.0	198.0	158.0	163.0	142.0	179.0	176.0	213.0	173.0	236.0	164.0	253.0	181.0	185.0	199.0	157.0	197.0	196.0	205.0	170.0	227.0	175.0	266.0	177.0	256.0	249.0	264.0	207.0	285.0	219.0	296.0	219.0	364.0	184.0	1
67.0	201.0	64.0	216.0	94.0	198.0	155.0	161.0	139.0	177.0	172.0	214.0	170.0	238.0	161.0	255.0	181.0	185.0	201.0	156.0	197.0	196.0	205.0	168.0	227.0	175.0	272.0	178.0	259.0	251.0	267.0	207.0	290.0	221.0	303.0	221.0	371.0	184.0	1
72.0	202.0	68.0	217.0	96.0	200.0	157.0	163.0	139.0	179.0	174.0	214.0	172.0	237.0	163.0	252.0	179.0	185.0	199.0	158.0	198.0	197.0	203.0	169.0	225.0	175.0	268.0	177.0	259.0	249.0	267.0	206.0	286.0	219.0	299.0	220.0	367.0	186.0	1
76.0	201.0	70.0	216.0	97.0	198.0	158.0	162.0	142.0	177.0	175.0	214.0	171.0	236.0	161.0	254.0	182.0	185.0	202.0	156.0	197.0	195.0	206.0	167.0	227.0	174.0	268.0	178.0	255.0	250.0	264.0	206.0	284.0	219.0	297.0	219.0	365.0	188.0	1
75.0	201.0	71.0	215.0	99.0	198.0	159.0	163.0	144.0	178.0	175.0	212.0	174.0	235.0	165.0	252.0	182.0	185.0	201.0	158.0	194.0	194.0	205.0	170.0	225.0	175.0	267.0	178.0	253.0	247.0	265.0	206.0	282.0	218.0	296.0	218.0	364.0	186.0	1
74.0	200.0	70.0	214.0	97.0	198.0	158.0	163.0	142.0	178.0	174.0	213.0	170.0	235.0	161.0	252.0	184.0	186.0	202.0	158.0	197.0	196.0	206.0	169.0	227.0	176.0	264.0	178.0	253.0	249.0	262.0	206.0	284.0	220.0	297.0	220.0	365.0	187.0	1
79.0	201.0	74.0	215.0	102.0	198.0	158.0	165.0	142.0	180.0	173.0	212.0	171.0	234.0	163.0	251.0	181.0	186.0	202.0	158.0	197.0	198.0	205.0	171.0	223.0	176.0	262.0	179.0	253.0	247.0	259.0	206.0	282.0	221.0	296.0	220.0	364.0	187.0	1
67.0	202.0	63.0	217.0	90.0	199.0	156.0	160.0	139.0	178.0	174.0	214.0	172.0	238.0	165.0	256.0	177.0	183.0	201.0	153.0	200.0	196.0	205.0	166.0	225.0	172.0	268.0	175.0	258.0	251.0	265.0	205.0	291.0	222.0	303.0	221.0	375.0	187.0	1
71.0	199.0	67.0	215.0	94.0	196.0	157.0	160.0	138.0	177.0	173.0	214.0	169.0	238.0	158.0	256.0	183.0	184.0	202.0	154.0	198.0	196.0	207.0	167.0	228.0	174.0	272.0	178.0	256.0	253.0	264.0	207.0	286.0	221.0	300.0	221.0	373.0	184.0	1
75.0	202.0	71.0	216.0	102.0	199.0	159.0	164.0	142.0	180.0	174.0	213.0	173.0	235.0	164.0	250.0	180.0	186.0	201.0	159.0	195.0	196.0	205.0	171.0	226.0	177.0	269.0	180.0	257.0	247.0	261.0	204.0	286.0	219.0	298.0	218.0	365.0	188.0	1
82.0	201.0	79.0	216.0	100.0	198.0	155.0	163.0	142.0	177.0	174.0	212.0	174.0	235.0	166.0	250.0	178.0	183.0	201.0	157.0	198.0	195.0	203.0	168.0	224.0	174.0	266.0	178.0	253.0	246.0	259.0	201.0	285.0	217.0	297.0	218.0	366.0	189.0	1
75.0	201.0	71.0	216.0	100.0	198.0	158.0	163.0	143.0	178.0	175.0	213.0	171.0	236.0	161.0	252.0	182.0	185.0	201.0	157.0	199.0	197.0	207.0	170.0	228.0	175.0	267.0	178.0	256.0	249.0	263.0	205.0	288.0	221.0	301.0	220.0	369.0	186.0	1
72.0	199.0	68.0	217.0	92.0	197.0	157.0	162.0	141.0	177.0	174.0	214.0	170.0	238.0	162.0	256.0	177.0	183.0	201.0	155.0	198.0	196.0	206.0	167.0	226.0	173.0	268.0	177.0	255.0	252.0	265.0	208.0	285.0	221.0	300.0	221.0	367.0	185.0	1
75.0	202.0	73.0	217.0	95.0	199.0	154.0	163.0	137.0	179.0	172.0	212.0	170.0	235.0	162.0	251.0	180.0	185.0	198.0	157.0	195.0	196.0	204.0	169.0	225.0	174.0	271.0	177.0	256.0	249.0	263.0	205.0	289.0	220.0	302.0	219.0	361.0	182.0	1
72.0	200.0	67.0	215.0	95.0	197.0	157.0	162.0	141.0	177.0	174.0	212.0	170.0	235.0	159.0	252.0	178.0	184.0	200.0	156.0	197.0	196.0	206.0	168.0	229.0	174.0	271.0	177.0	259.0	249.0	266.0	205.0	291.0	221.0	302.0	220.0	369.0	184.0	1
74.0	200.0	71.0	216.0	97.0	198.0	157.0	163.0	141.0	178.0	174.0	212.0	173.0	236.0	164.0	253.0	179.0	184.0	200.0	157.0	199.0	198.0	206.0	169.0	229.0	176.0	265.0	178.0	257.0	250.0	263.0	205.0	286.0	219.0	298.0	218.0	368.0	185.0	1
65.0	202.0	60.0	217.0	86.0	198.0	152.0	159.0	133.0	177.0	172.0	214.0	169.0	239.0	163.0	257.0	178.0	183.0	198.0	154.0	197.0	197.0	203.0	166.0	228.0	172.0	270.0	175.0	263.0	253.0	268.0	207.0	293.0	222.0	306.0	221.0	375.0	182.0	1
72.0	200.0	71.0	218.0	96.0	197.0	155.0	160.0	137.0	176.0	172.0	212.0	172.0	237.0	163.0	255.0	181.0	184.0	201.0	152.0	197.0	195.0	205.0	165.0	227.0	172.0	270.0	176.0	257.0	249.0	265.0	205.0	288.0	220.0	302.0	220.0	371.0	185.0	1
74.0	199.0	71.0	214.0	100.0	196.0	155.0	163.0	140.0	177.0	171.0	214.0	168.0	237.0	161.0	252.0	180.0	187.0	199.0	158.0	195.0	197.0	204.0	170.0	226.0	176.0	269.0	179.0	255.0	249.0	265.0	207.0	284.0	220.0	297.0	219.0	370.0	182.0	1
68.0	199.0	64.0	214.0	97.0	198.0	158.0	163.0	142.0	178.0	171.0	211.0	170.0	234.0	159.0	251.0	181.0	184.0	204.0	156.0	197.0	196.0	208.0	168.0	230.0	176.0	272.0	179.0	256.0	250.0	267.0	207.0	289.0	222.0	300.0	222.0	375.0	185.0	1
75.0	202.0	69.0	217.0	96.0	199.0	155.0	163.0	140.0	179.0	174.0	214.0	172.0	238.0	164.0	255.0	178.0	185.0	200.0	156.0	198.0	197.0	205.0	169.0	226.0	175.0	266.0	178.0	257.0	252.0	263.0	206.0	286.0	221.0	298.0	220.0	367.0	184.0	1
74.0	201.0	69.0	217.0	100.0	198.0	158.0	164.0	144.0	178.0	174.0	213.0	172.0	236.0	162.0	254.0	182.0	186.0	201.0	156.0	195.0	196.0	204.0	169.0	225.0	175.0	266.0	178.0	253.0	250.0	263.0	207.0	285.0	222.0	298.0	221.0	367.0	185.0	1
76.0	201.0	72.0	216.0	96.0	199.0	157.0	163.0	141.0	178.0	172.0	214.0	170.0	237.0	162.0	253.0	181.0	187.0	200.0	157.0	195.0	197.0	205.0	172.0	223.0	177.0	265.0	179.0	255.0	247.0	260.0	206.0	282.0	220.0	294.0	220.0	364.0	187.0	1
74.0	202.0	69.0	219.0	99.0	199.0	156.0	161.0	140.0	178.0	175.0	214.0	171.0	238.0	161.0	257.0	182.0	185.0	199.0	154.0	199.0	197.0	205.0	168.0	221.0	173.0	267.0	177.0	260.0	252.0	262.0	205.0	289.0	222.0	301.0	221.0	371.0	184.0	1
77.0	202.0	73.0	215.0	94.0	199.0	157.0	162.0	137.0	179.0	173.0	213.0	171.0	236.0	161.0	252.0	181.0	185.0	202.0	156.0	198.0	197.0	208.0	170.0	227.0	175.0	266.0	178.0	255.0	248.0	265.0	207.0	284.0	219.0	298.0	220.0	366.0	188.0	1
74.0	200.0	70.0	217.0	94.0	198.0	160.0	161.0	142.0	175.0	173.0	212.0	169.0	237.0	159.0	254.0	179.0	183.0	201.0	155.0	199.0	197.0	205.0	167.0	226.0	173.0	269.0	176.0	254.0	251.0	265.0	207.0	286.0	221.0	300.0	221.0	369.0	186.0	1
73.0	200.0	68.0	218.0	96.0	196.0	157.0	159.0	139.0	175.0	175.0	212.0	170.0	236.0	160.0	253.0	179.0	181.0	205.0	152.0	204.0	195.0	207.0	165.0	228.0	171.0	268.0	174.0	259.0	250.0	270.0	205.0	292.0	219.0	306.0	219.0	376.0	184.0	1
74.0	201.0	70.0	217.0	95.0	198.0	158.0	162.0	140.0	178.0	172.0	213.0	170.0	238.0	162.0	256.0	179.0	185.0	202.0	155.0	195.0	196.0	207.0	170.0	226.0	174.0	264.0	177.0	257.0	252.0	263.0	206.0	286.0	220.0	300.0	220.0	373.0	187.0	1
75.0	202.0	70.0	218.0	94.0	198.0	156.0	161.0	137.0	178.0	172.0	213.0	170.0	238.0	162.0	255.0	175.0	184.0	200.0	155.0	197.0	197.0	204.0	169.0	224.0	173.0	266.0	177.0	258.0	252.0	265.0	206.0	289.0	220.0	301.0	220.0	371.0	186.0	1
75.0	201.0	69.0	217.0	96.0	199.0	158.0	162.0	140.0	178.0	173.0	212.0	171.0	236.0	160.0	253.0	178.0	184.0	200.0	155.0	195.0	195.0	205.0	167.0	227.0	173.0	271.0	177.0	253.0	251.0	267.0	208.0	288.0	221.0	301.0	221.0	371.0	185.0	1
73.0	200.0	69.0	216.0	97.0	197.0	157.0	161.0	141.0	177.0	173.0	214.0	170.0	238.0	160.0	254.0	181.0	184.0	202.0	154.0	199.0	197.0	207.0	168.0	226.0	174.0	262.0	177.0	254.0	251.0	262.0	206.0	285.0	221.0	297.0	220.0	368.0	185.0	1
70.0	200.0	67.0	216.0	90.0	197.0	152.0	159.0	134.0	175.0	171.0	212.0	170.0	238.0	161.0	256.0	177.0	182.0	201.0	152.0	198.0	196.0	204.0	165.0	226.0	172.0	266.0	175.0	260.0	251.0	265.0	205.0	289.0	221.0	302.0	221.0	370.0	184.0	1
72.0	201.0	68.0	216.0	98.0	198.0	154.0	164.0	140.0	179.0	175.0	214.0	169.0	236.0	163.0	254.0	182.0	186.0	202.0	157.0	197.0	196.0	206.0	169.0	228.0	175.0	269.0	177.0	262.0	251.0	265.0	205.0	290.0	221.0	302.0	221.0	375.0	186.0	1
74.0	201.0	70.0	216.0	97.0	198.0	159.0	163.0	140.0	179.0	177.0	213.0	174.0	236.0	165.0	253.0	179.0	185.0	201.0	157.0	198.0	197.0	206.0	170.0	226.0	175.0	261.0	177.0	257.0	247.0	263.0	204.0	286.0	219.0	298.0	219.0	371.0	187.0	1
74.0	200.0	67.0	216.0	95.0	198.0	157.0	162.0	141.0	178.0	174.0	213.0	173.0	237.0	164.0	254.0	180.0	185.0	200.0	156.0	196.0	196.0	204.0	168.0	225.0	173.0	265.0	176.0	256.0	249.0	265.0	206.0	289.0	220.0	300.0	219.0	370.0	186.0	1
71.0	201.0	68.0	217.0	93.0	198.0	156.0	162.0	139.0	176.0	173.0	214.0	169.0	237.0	158.0	254.0	181.0	184.0	203.0	155.0	198.0	196.0	208.0	168.0	228.0	174.0	266.0	178.0	254.0	251.0	263.0	205.0	285.0	221.0	298.0	221.0	368.0	187.0	1
70.0	200.0	64.0	216.0	93.0	197.0	155.0	160.0	138.0	176.0	173.0	214.0	169.0	237.0	157.0	254.0	182.0	185.0	200.0	154.0	198.0	197.0	206.0	166.0	228.0	173.0	271.0	176.0	260.0	252.0	266.0	206.0	290.0	221.0	303.0	221.0	375.0	185.0	1
73.0	200.0	67.0	215.0	98.0	198.0	156.0	162.0	142.0	178.0	172.0	213.0	169.0	236.0	159.0	254.0	182.0	185.0	204.0	155.0	200.0	197.0	208.0	168.0	228.0	174.0	271.0	178.0	257.0	250.0	265.0	206.0	288.0	221.0	301.0	221.0	373.0	187.0	1
79.0	201.0	75.0	215.0	99.0	198.0	157.0	164.0	140.0	179.0	172.0	213.0	172.0	236.0	164.0	252.0	180.0	186.0	200.0	158.0	196.0	196.0	204.0	171.0	224.0	176.0	265.0	178.0	255.0	248.0	261.0	204.0	283.0	219.0	297.0	219.0	362.0	185.0	1
73.0	201.0	68.0	215.0	95.0	199.0	158.0	162.0	140.0	179.0	173.0	214.0	171.0	238.0	162.0	254.0	178.0	184.0	199.0	157.0	198.0	197.0	203.0	169.0	224.0	174.0	266.0	176.0	261.0	249.0	267.0	207.0	288.0	219.0	300.0	219.0	369.0	185.0	1
75.0	201.0	70.0	216.0	98.0	198.0	157.0	164.0	141.0	179.0	174.0	213.0	170.0	235.0	159.0	252.0	181.0	185.0	201.0	156.0	198.0	196.0	205.0	168.0	225.0	173.0	267.0	176.0	258.0	249.0	266.0	206.0	288.0	220.0	301.0	220.0	369.0	188.0	1
74.0	198.0	70.0	214.0	96.0	196.0	160.0	160.0	141.0	177.0	173.0	211.0	170.0	235.0	162.0	252.0	180.0	183.0	204.0	154.0	199.0	196.0	208.0	167.0	228.0	174.0	264.0	176.0	253.0	248.0	263.0	206.0	283.0	220.0	296.0	220.0	370.0	184.0	1
75.0	199.0	71.0	215.0	98.0	197.0	156.0	159.0	141.0	175.0	173.0	211.0	172.0	235.0	163.0	253.0	177.0	181.0	199.0	153.0	200.0	195.0	202.0	164.0	224.0	171.0	266.0	174.0	255.0	250.0	266.0	205.0	289.0	220.0	302.0	221.0	367.0	185.0	1
71.0	200.0	65.0	215.0	94.0	198.0	155.0	161.0	139.0	177.0	172.0	213.0	169.0	237.0	160.0	254.0	179.0	184.0	199.0	156.0	198.0	198.0	204.0	168.0	226.0	174.0	271.0	177.0	258.0	250.0	264.0	205.0	289.0	221.0	304.0	220.0	372.0	184.0	1
73.0	202.0	70.0	217.0	93.0	199.0	155.0	161.0	138.0	178.0	171.0	212.0	169.0	237.0	162.0	256.0	184.0	184.0	202.0	154.0	196.0	194.0	207.0	167.0	226.0	173.0	269.0	177.0	256.0	250.0	266.0	206.0	289.0	221.0	302.0	221.0	370.0	186.0	1
74.0	201.0	71.0	214.0	102.0	199.0	157.0	164.0	142.0	180.0	172.0	212.0	170.0	235.0	164.0	250.0	180.0	186.0	201.0	159.0	197.0	197.0	206.0	171.0	225.0	176.0	262.0	178.0	256.0	247.0	264.0	205.0	286.0	219.0	300.0	218.0	367.0	186.0	1
78.0	200.0	73.0	215.0	96.0	198.0	157.0	164.0	140.0	179.0	171.0	212.0	169.0	235.0	161.0	251.0	180.0	187.0	202.0	158.0	196.0	199.0	205.0	170.0	229.0	177.0	271.0	179.0	252.0	249.0	263.0	206.0	285.0	220.0	298.0	220.0	364.0	185.0	1
74.0	200.0	69.0	215.0	98.0	198.0	158.0	164.0	142.0	179.0	174.0	213.0	171.0	235.0	163.0	250.0	182.0	186.0	202.0	158.0	197.0	196.0	208.0	171.0	227.0	176.0	266.0	178.0	257.0	247.0	265.0	207.0	284.0	219.0	297.0	219.0	364.0	186.0	1
71.0	201.0	65.0	215.0	94.0	198.0	153.0	163.0	135.0	178.0	171.0	212.0	169.0	235.0	161.0	252.0	179.0	184.0	200.0	156.0	197.0	195.0	204.0	168.0	226.0	175.0	265.0	177.0	260.0	249.0	265.0	205.0	289.0	219.0	301.0	219.0	372.0	184.0	1
72.0	202.0	68.0	217.0	94.0	199.0	156.0	161.0	138.0	178.0	175.0	212.0	172.0	237.0	165.0	254.0	182.0	184.0	199.0	156.0	199.0	196.0	206.0	169.0	227.0	174.0	269.0	177.0	258.0	248.0	266.0	207.0	287.0	220.0	303.0	219.0	372.0	187.0	1
78.0	200.0	74.0	214.0	97.0	199.0	158.0	164.0	140.0	179.0	175.0	212.0	173.0	235.0	163.0	250.0	179.0	185.0	202.0	158.0	196.0	196.0	205.0	171.0	224.0	176.0	268.0	180.0	255.0	246.0	263.0	207.0	283.0	219.0	295.0	218.0	364.0	187.0	1
71.0	200.0	66.0	216.0	96.0	198.0	155.0	161.0	138.0	178.0	173.0	214.0	172.0	238.0	161.0	255.0	178.0	184.0	200.0	155.0	198.0	197.0	207.0	168.0	226.0	173.0	264.0	176.0	260.0	252.0	266.0	206.0	293.0	221.0	305.0	220.0	375.0	183.0	1
72.0	199.0	68.0	215.0	96.0	197.0	157.0	161.0	139.0	177.0	173.0	213.0	171.0	237.0	161.0	255.0	181.0	185.0	203.0	155.0	199.0	196.0	207.0	167.0	230.0	175.0	270.0	178.0	260.0	250.0	265.0	207.0	288.0	221.0	300.0	221.0	365.0	183.0	1
77.0	202.0	72.0	217.0	97.0	199.0	156.0	164.0	139.0	179.0	175.0	214.0	172.0	237.0	165.0	253.0	181.0	185.0	197.0	158.0	199.0	197.0	202.0	170.0	223.0	175.0	261.0	178.0	258.0	249.0	261.0	205.0	286.0	220.0	299.0	219.0	365.0	185.0	1
74.0	201.0	70.0	217.0	100.0	198.0	159.0	164.0	142.0	178.0	174.0	212.0	172.0	235.0	162.0	252.0	180.0	185.0	201.0	157.0	196.0	196.0	205.0	169.0	224.0	174.0	267.0	177.0	255.0	247.0	262.0	204.0	286.0	220.0	299.0	220.0	371.0	188.0	1
73.0	199.0	69.0	215.0	96.0	197.0	158.0	162.0	141.0	177.0	174.0	214.0	169.0	238.0	161.0	255.0	179.0	184.0	203.0	156.0	197.0	195.0	205.0	167.0	228.0	174.0	267.0	177.0	255.0	250.0	263.0	205.0	285.0	220.0	298.0	220.0	367.0	186.0	1
74.0	201.0	70.0	218.0	96.0	198.0	157.0	161.0	137.0	178.0	173.0	214.0	169.0	238.0	160.0	255.0	178.0	183.0	203.0	154.0	197.0	196.0	207.0	168.0	229.0	175.0	268.0	178.0	255.0	252.0	265.0	206.0	288.0	222.0	301.0	222.0	374.0	187.0	1
69.0	200.0	63.0	217.0	95.0	198.0	156.0	162.0	140.0	177.0	171.0	213.0	169.0	238.0	158.0	255.0	180.0	184.0	203.0	154.0	197.0	196.0	209.0	167.0	225.0	172.0	266.0	176.0	258.0	252.0	262.0	205.0	291.0	222.0	305.0	222.0	376.0	187.0	1
71.0	200.0	67.0	217.0	94.0	198.0	156.0	162.0	140.0	176.0	174.0	213.0	170.0	236.0	160.0	254.0	181.0	183.0	202.0	155.0	200.0	197.0	207.0	167.0	228.0	174.0	268.0	177.0	255.0	251.0	263.0	206.0	286.0	221.0	298.0	221.0	372.0	186.0	1
73.0	200.0	70.0	217.0	96.0	197.0	155.0	161.0	138.0	176.0	174.0	214.0	170.0	237.0	158.0	255.0	181.0	183.0	202.0	153.0	200.0	196.0	207.0	166.0	230.0	173.0	270.0	176.0	260.0	253.0	268.0	207.0	290.0	221.0	301.0	221.0	372.0	184.0	1
76.0	202.0	72.0	215.0	99.0	198.0	157.0	163.0	141.0	179.0	175.0	213.0	171.0	235.0	164.0	252.0	182.0	185.0	201.0	157.0	199.0	197.0	206.0	170.0	227.0	175.0	265.0	179.0	257.0	248.0	262.0	205.0	286.0	220.0	301.0	220.0	369.0	187.0	1
73.0	201.0	68.0	216.0	94.0	199.0	157.0	163.0	141.0	178.0	175.0	214.0	174.0	237.0	167.0	254.0	183.0	186.0	199.0	157.0	199.0	198.0	203.0	169.0	229.0	174.0	265.0	177.0	259.0	250.0	265.0	206.0	288.0	221.0	301.0	220.0	365.0	184.0	1
77.0	202.0	73.0	215.0	97.0	200.0	158.0	163.0	139.0	179.0	175.0	214.0	172.0	237.0	165.0	252.0	176.0	185.0	199.0	157.0	196.0	197.0	204.0	169.0	223.0	174.0	262.0	177.0	256.0	246.0	263.0	206.0	282.0	218.0	293.0	218.0	361.0	188.0	1
72.0	200.0	67.0	215.0	91.0	197.0	158.0	162.0	142.0	176.0	169.0	213.0	167.0	237.0	160.0	254.0	182.0	184.0	205.0	155.0	196.0	195.0	208.0	168.0	229.0	175.0	266.0	178.0	256.0	252.0	265.0	205.0	290.0	223.0	301.0	222.0	371.0	186.0	1
73.0	200.0	68.0	215.0	96.0	198.0	159.0	162.0	141.0	177.0	174.0	213.0	168.0	236.0	156.0	252.0	179.0	184.0	201.0	156.0	200.0	197.0	205.0	168.0	230.0	175.0	263.0	177.0	256.0	252.0	266.0	206.0	288.0	220.0	300.0	220.0	368.0	185.0	1
80.0	200.0	76.0	215.0	99.0	198.0	159.0	164.0	143.0	179.0	175.0	212.0	172.0	235.0	162.0	252.0	181.0	186.0	200.0	159.0	197.0	197.0	204.0	172.0	223.0	176.0	264.0	178.0	255.0	250.0	264.0	207.0	283.0	220.0	295.0	219.0	360.0	185.0	1
76.0	201.0	72.0	216.0	99.0	198.0	157.0	163.0	140.0	178.0	174.0	213.0	171.0	236.0	164.0	252.0	181.0	185.0	199.0	157.0	200.0	198.0	203.0	170.0	227.0	176.0	267.0	177.0	257.0	248.0	263.0	206.0	284.0	220.0	300.0	220.0	368.0	187.0	1
74.0	203.0	71.0	218.0	95.0	199.0	154.0	164.0	138.0	179.0	172.0	212.0	171.0	237.0	163.0	252.0	179.0	185.0	198.0	157.0	194.0	196.0	202.0	170.0	225.0	175.0	264.0	176.0	257.0	249.0	265.0	204.0	288.0	219.0	301.0	219.0	369.0	188.0	1
74.0	200.0	70.0	215.0	92.0	198.0	157.0	161.0	139.0	178.0	172.0	213.0	169.0	238.0	159.0	255.0	178.0	184.0	203.0	153.0	197.0	197.0	206.0	167.0	225.0	173.0	263.0	175.0	255.0	252.0	265.0	207.0	289.0	222.0	301.0	222.0	374.0	184.0	1
74.0	201.0	68.0	215.0	97.0	199.0	155.0	164.0	138.0	179.0	173.0	213.0	171.0	238.0	164.0	253.0	180.0	186.0	199.0	158.0	197.0	196.0	204.0	170.0	224.0	175.0	266.0	178.0	261.0	249.0	266.0	205.0	290.0	219.0	301.0	219.0	367.0	185.0	1
76.0	200.0	70.0	215.0	101.0	197.0	158.0	162.0	142.0	179.0	176.0	213.0	174.0	237.0	164.0	254.0	185.0	186.0	202.0	157.0	200.0	197.0	208.0	170.0	229.0	175.0	268.0	178.0	258.0	250.0	264.0	207.0	286.0	221.0	297.0	220.0	366.0	186.0	1
72.0	201.0	68.0	217.0	93.0	199.0	154.0	162.0	137.0	178.0	172.0	212.0	169.0	237.0	161.0	254.0	177.0	183.0	202.0	155.0	198.0	196.0	207.0	167.0	225.0	173.0	269.0	176.0	257.0	250.0	265.0	207.0	286.0	220.0	299.0	220.0	367.0	186.0	1
71.0	202.0	68.0	217.0	94.0	199.0	157.0	163.0	142.0	179.0	171.0	214.0	167.0	236.0	160.0	254.0	181.0	185.0	201.0	158.0	196.0	195.0	205.0	170.0	225.0	175.0	265.0	177.0	264.0	249.0	268.0	206.0	293.0	221.0	304.0	220.0	371.0	186.0	1
72.0	201.0	69.0	216.0	94.0	198.0	158.0	161.0	140.0	176.0	173.0	212.0	169.0	235.0	159.0	253.0	179.0	183.0	202.0	155.0	194.0	195.0	207.0	167.0	226.0	173.0	268.0	176.0	256.0	250.0	261.0	206.0	285.0	221.0	299.0	221.0	367.0	187.0	1
72.0	200.0	67.0	216.0	93.0	198.0	159.0	161.0	141.0	177.0	173.0	214.0	170.0	238.0	162.0	255.0	182.0	186.0	202.0	157.0	198.0	198.0	207.0	170.0	227.0	176.0	267.0	178.0	260.0	251.0	270.0	209.0	289.0	221.0	303.0	221.0	373.0	183.0	1
73.0	201.0	69.0	216.0	96.0	198.0	158.0	163.0	140.0	179.0	173.0	213.0	172.0	236.0	163.0	253.0	178.0	186.0	199.0	158.0	194.0	196.0	203.0	169.0	224.0	175.0	272.0	178.0	256.0	248.0	264.0	206.0	285.0	219.0	299.0	218.0	370.0	186.0	1
71.0	200.0	66.0	214.0	95.0	198.0	158.0	162.0	141.0	176.0	172.0	213.0	171.0	237.0	160.0	254.0	179.0	184.0	204.0	157.0	201.0	198.0	206.0	169.0	228.0	175.0	268.0	178.0	256.0	252.0	265.0	207.0	289.0	221.0	300.0	220.0	371.0	184.0	1
74.0	201.0	71.0	218.0	96.0	198.0	158.0	163.0	140.0	178.0	173.0	213.0	172.0	236.0	162.0	253.0	181.0	184.0	202.0	157.0	198.0	196.0	206.0	169.0	226.0	175.0	262.0	177.0	255.0	249.0	262.0	206.0	283.0	221.0	296.0	221.0	364.0	186.0	1
68.0	202.0	64.0	215.0	93.0	199.0	154.0	162.0	136.0	178.0	172.0	214.0	170.0	238.0	164.0	254.0	177.0	185.0	197.0	157.0	195.0	197.0	202.0	169.0	224.0	174.0	264.0	175.0	260.0	249.0	268.0	204.0	292.0	219.0	304.0	218.0	376.0	183.0	1
76.0	201.0	71.0	216.0	100.0	198.0	157.0	162.0	143.0	177.0	175.0	212.0	173.0	236.0	163.0	252.0	183.0	185.0	200.0	156.0	196.0	195.0	205.0	169.0	225.0	174.0	268.0	178.0	254.0	249.0	265.0	206.0	288.0	221.0	300.0	220.0	369.0	186.0	1
71.0	200.0	68.0	218.0	94.0	197.0	155.0	160.0	138.0	177.0	171.0	212.0	168.0	238.0	160.0	256.0	179.0	183.0	203.0	151.0	198.0	196.0	207.0	165.0	227.0	172.0	272.0	177.0	257.0	251.0	265.0	206.0	289.0	221.0	301.0	220.0	373.0	187.0	1
70.0	199.0	64.0	215.0	96.0	197.0	155.0	160.0	139.0	176.0	170.0	213.0	170.0	238.0	159.0	257.0	182.0	184.0	204.0	154.0	196.0	195.0	209.0	167.0	229.0	173.0	271.0	177.0	254.0	253.0	270.0	207.0	291.0	221.0	303.0	221.0	376.0	186.0	1
81.0	202.0	77.0	216.0	100.0	199.0	155.0	165.0	138.0	180.0	173.0	212.0	171.0	236.0	165.0	252.0	177.0	185.0	200.0	158.0	195.0	196.0	203.0	170.0	222.0	175.0	264.0	178.0	255.0	246.0	261.0	205.0	283.0	219.0	296.0	220.0	365.0	187.0	1
72.0	201.0	68.0	216.0	92.0	198.0	155.0	162.0	137.0	178.0	173.0	213.0	169.0	237.0	159.0	252.0	177.0	184.0	199.0	156.0	197.0	196.0	205.0	168.0	230.0	174.0	272.0	178.0	256.0	250.0	267.0	207.0	286.0	219.0	301.0	220.0	370.0	186.0	1
72.0	202.0	69.0	216.0	95.0	199.0	156.0	162.0	139.0	179.0	173.0	214.0	171.0	237.0	163.0	253.0	176.0	184.0	201.0	155.0	195.0	197.0	205.0	168.0	224.0	174.0	267.0	177.0	256.0	249.0	266.0	207.0	286.0	220.0	299.0	221.0	370.0	186.0	1
76.0	199.0	72.0	215.0	96.0	197.0	157.0	162.0	141.0	177.0	174.0	213.0	171.0	236.0	161.0	253.0	181.0	185.0	201.0	157.0	195.0	195.0	206.0	168.0	227.0	174.0	268.0	177.0	255.0	252.0	263.0	206.0	286.0	221.0	300.0	221.0	369.0	184.0	1
73.0	201.0	69.0	217.0	93.0	198.0	157.0	161.0	140.0	176.0	171.0	213.0	169.0	237.0	162.0	254.0	179.0	184.0	200.0	154.0	195.0	197.0	205.0	168.0	229.0	174.0	268.0	176.0	259.0	252.0	267.0	207.0	292.0	222.0	303.0	221.0	368.0	182.0	1
76.0	201.0	71.0	216.0	98.0	197.0	157.0	163.0	141.0	178.0	173.0	213.0	171.0	237.0	161.0	253.0	180.0	185.0	200.0	157.0	199.0	198.0	205.0	170.0	229.0	176.0	268.0	179.0	256.0	250.0	263.0	206.0	284.0	220.0	297.0	220.0	368.0	186.0	1
75.0	201.0	71.0	217.0	96.0	199.0	156.0	161.0	139.0	178.0	174.0	213.0	171.0	236.0	162.0	254.0	180.0	184.0	198.0	154.0	195.0	194.0	204.0	168.0	225.0	174.0	267.0	176.0	256.0	250.0	266.0	205.0	287.0	220.0	301.0	219.0	368.0	186.0	1
75.0	203.0	72.0	219.0	94.0	199.0	158.0	162.0	138.0	178.0	175.0	213.0	171.0	237.0	163.0	253.0	179.0	184.0	199.0	157.0	199.0	197.0	204.0	169.0	224.0	174.0	269.0	177.0	258.0	248.0	267.0	206.0	288.0	219.0	300.0	219.0	370.0	188.0	1
73.0	200.0	70.0	216.0	97.0	197.0	157.0	163.0	139.0	178.0	171.0	213.0	170.0	237.0	161.0	254.0	179.0	186.0	199.0	156.0	194.0	197.0	203.0	169.0	224.0	175.0	266.0	178.0	254.0	251.0	263.0	207.0	283.0	221.0	296.0	220.0	367.0	187.0	1
76.0	202.0	71.0	216.0	98.0	199.0	157.0	163.0	141.0	179.0	172.0	214.0	171.0	237.0	163.0	253.0	178.0	185.0	200.0	158.0	196.0	196.0	205.0	170.0	227.0	176.0	267.0	178.0	257.0	249.0	264.0	206.0	286.0	220.0	299.0	219.0	371.0	185.0	1
75.0	202.0	70.0	217.0	95.0	199.0	159.0	162.0	140.0	179.0	172.0	212.0	171.0	235.0	164.0	252.0	184.0	186.0	204.0	157.0	198.0	197.0	209.0	170.0	229.0	176.0	272.0	179.0	259.0	246.0	264.0	205.0	286.0	220.0	298.0	220.0	367.0	189.0	1
74.0	201.0	70.0	215.0	97.0	198.0	158.0	163.0	143.0	178.0	173.0	213.0	172.0	236.0	164.0	253.0	180.0	185.0	198.0	158.0	195.0	197.0	204.0	169.0	223.0	174.0	266.0	178.0	256.0	248.0	263.0	206.0	287.0	219.0	300.0	218.0	367.0	184.0	1
74.0	202.0	70.0	216.0	98.0	200.0	158.0	162.0	140.0	179.0	174.0	214.0	172.0	237.0	164.0	254.0	182.0	185.0	199.0	157.0	197.0	196.0	204.0	169.0	225.0	175.0	266.0	177.0	255.0	249.0	267.0	206.0	287.0	219.0	299.0	219.0	371.0	188.0	1
68.0	200.0	64.0	215.0	93.0	198.0	155.0	162.0	137.0	178.0	171.0	212.0	169.0	236.0	160.0	253.0	180.0	186.0	198.0	157.0	195.0	196.0	203.0	169.0	226.0	174.0	270.0	177.0	258.0	250.0	268.0	206.0	289.0	220.0	303.0	220.0	376.0	185.0	1
73.0	200.0	67.0	216.0	96.0	198.0	159.0	161.0	143.0	176.0	173.0	213.0	171.0	238.0	159.0	255.0	178.0	184.0	203.0	154.0	199.0	197.0	206.0	167.0	228.0	174.0	266.0	177.0	254.0	252.0	263.0	205.0	288.0	221.0	299.0	221.0	370.0	188.0	1
73.0	200.0	68.0	216.0	95.0	198.0	157.0	162.0	142.0	177.0	172.0	214.0	170.0	238.0	161.0	255.0	182.0	184.0	201.0	155.0	197.0	196.0	205.0	168.0	222.0	172.0	266.0	177.0	256.0	252.0	264.0	207.0	288.0	221.0	301.0	221.0	371.0	185.0	1
74.0	202.0	70.0	217.0	96.0	199.0	157.0	162.0	142.0	178.0	174.0	213.0	172.0	237.0	164.0	254.0	178.0	184.0	201.0	155.0	199.0	196.0	205.0	169.0	226.0	174.0	268.0	177.0	259.0	251.0	266.0	206.0	290.0	220.0	301.0	220.0	372.0	186.0	1
75.0	202.0	71.0	215.0	96.0	199.0	158.0	162.0	141.0	177.0	173.0	213.0	172.0	236.0	162.0	254.0	180.0	184.0	200.0	156.0	195.0	195.0	204.0	168.0	229.0	176.0	264.0	178.0	256.0	249.0	261.0	204.0	286.0	220.0	298.0	220.0	368.0	184.0	1
70.0	201.0	67.0	216.0	92.0	198.0	154.0	162.0	139.0	179.0	172.0	213.0	170.0	238.0	162.0	255.0	182.0	186.0	199.0	156.0	196.0	196.0	206.0	169.0	226.0	174.0	268.0	178.0	255.0	251.0	265.0	206.0	287.0	220.0	300.0	220.0	372.0	184.0	1
78.0	201.0	75.0	216.0	101.0	199.0	157.0	163.0	139.0	180.0	173.0	213.0	170.0	235.0	162.0	250.0	180.0	185.0	201.0	157.0	198.0	196.0	205.0	169.0	224.0	175.0	267.0	178.0	257.0	247.0	263.0	205.0	286.0	220.0	299.0	219.0	367.0	187.0	1
74.0	199.0	71.0	214.0	99.0	196.0	155.0	162.0	137.0	177.0	171.0	210.0	169.0	234.0	160.0	251.0	181.0	183.0	199.0	155.0	197.0	195.0	203.0	167.0	226.0	173.0	266.0	176.0	255.0	247.0	263.0	204.0	284.0	217.0	297.0	216.0	365.0	184.0	1
70.0	199.0	66.0	216.0	95.0	197.0	155.0	162.0	138.0	179.0	174.0	214.0	171.0	237.0	162.0	255.0	179.0	185.0	201.0	156.0	198.0	197.0	206.0	169.0	226.0	175.0	267.0	177.0	260.0	250.0	268.0	208.0	289.0	221.0	301.0	220.0	371.0	182.0	1
75.0	201.0	71.0	217.0	97.0	198.0	154.0	163.0	137.0	178.0	171.0	213.0	169.0	237.0	161.0	253.0	181.0	186.0	201.0	157.0	197.0	195.0	206.0	169.0	226.0	175.0	265.0	177.0	253.0	251.0	263.0	206.0	284.0	220.0	299.0	221.0	366.0	187.0	1
74.0	200.0	67.0	215.0	96.0	198.0	156.0	161.0	139.0	177.0	174.0	214.0	172.0	237.0	162.0	255.0	181.0	184.0	202.0	154.0	198.0	196.0	206.0	167.0	226.0	173.0	266.0	177.0	259.0	251.0	262.0	204.0	289.0	220.0	301.0	219.0	374.0	185.0	1
71.0	201.0	68.0	216.0	93.0	198.0	156.0	161.0	139.0	176.0	172.0	213.0	170.0	237.0	161.0	254.0	181.0	184.0	202.0	154.0	199.0	196.0	207.0	167.0	231.0	175.0	267.0	177.0	258.0	250.0	265.0	205.0	288.0	220.0	302.0	220.0	368.0	186.0	1
72.0	200.0	68.0	214.0	97.0	198.0	156.0	164.0	139.0	180.0	172.0	212.0	170.0	235.0	161.0	251.0	177.0	186.0	199.0	158.0	197.0	198.0	204.0	170.0	227.0	176.0	270.0	178.0	257.0	250.0	266.0	207.0	285.0	219.0	299.0	218.0	368.0	185.0	1
73.0	202.0	70.0	216.0	96.0	199.0	158.0	164.0	141.0	179.0	175.0	213.0	172.0	236.0	164.0	253.0	181.0	185.0	202.0	157.0	199.0	197.0	206.0	169.0	226.0	175.0	267.0	178.0	257.0	249.0	266.0	207.0	287.0	220.0	301.0	220.0	367.0	187.0	1
66.0	202.0	60.0	218.0	90.0	199.0	153.0	160.0	138.0	176.0	173.0	214.0	170.0	239.0	160.0	258.0	180.0	184.0	199.0	154.0	199.0	196.0	203.0	167.0	225.0	172.0	273.0	176.0	260.0	255.0	269.0	207.0	293.0	222.0	307.0	222.0	378.0	184.0	1
74.0	201.0	70.0	217.0	94.0	199.0	158.0	163.0	141.0	178.0	174.0	214.0	172.0	239.0	163.0	255.0	180.0	184.0	201.0	157.0	198.0	196.0	206.0	169.0	226.0	175.0	266.0	178.0	258.0	250.0	266.0	208.0	284.0	220.0	297.0	220.0	366.0	186.0	1
71.0	200.0	67.0	215.0	90.0	198.0	157.0	162.0	141.0	177.0	174.0	214.0	172.0	238.0	162.0	255.0	177.0	183.0	203.0	155.0	195.0	195.0	206.0	167.0	228.0	174.0	266.0	177.0	257.0	250.0	265.0	205.0	287.0	220.0	302.0	220.0	372.0	185.0	1
78.0	201.0	75.0	218.0	96.0	198.0	155.0	161.0	138.0	178.0	173.0	213.0	170.0	237.0	163.0	256.0	179.0	183.0	202.0	154.0	199.0	195.0	204.0	166.0	222.0	170.0	266.0	174.0	260.0	251.0	263.0	206.0	287.0	221.0	301.0	220.0	367.0	184.0	1
58.0	200.0	53.0	218.0	81.0	197.0	155.0	156.0	135.0	174.0	169.0	214.0	165.0	240.0	155.0	259.0	178.0	182.0	205.0	151.0	197.0	195.0	208.0	164.0	234.0	171.0	278.0	174.0	268.0	257.0	277.0	208.0	303.0	225.0	316.0	225.0	393.0	184.0	1
71.0	201.0	66.0	217.0	91.0	199.0	156.0	162.0	137.0	178.0	172.0	213.0	169.0	237.0	162.0	254.0	176.0	183.0	200.0	155.0	197.0	197.0	204.0	167.0	224.0	172.0	267.0	175.0	258.0	250.0	266.0	206.0	291.0	221.0	304.0	221.0	374.0	186.0	1
75.0	201.0	72.0	216.0	98.0	199.0	157.0	164.0	143.0	179.0	173.0	213.0	170.0	236.0	163.0	251.0	182.0	186.0	201.0	159.0	196.0	196.0	205.0	171.0	226.0	176.0	270.0	179.0	256.0	247.0	264.0	206.0	284.0	219.0	296.0	220.0	365.0	189.0	1
73.0	201.0	69.0	216.0	96.0	198.0	155.0	161.0	139.0	178.0	176.0	213.0	170.0	237.0	161.0	255.0	182.0	185.0	199.0	156.0	200.0	197.0	203.0	168.0	225.0	174.0	269.0	177.0	256.0	251.0	264.0	206.0	290.0	222.0	303.0	220.0	368.0	185.0	1
80.0	200.0	75.0	214.0	103.0	197.0	158.0	162.0	139.0	179.0	174.0	212.0	171.0	236.0	160.0	251.0	179.0	185.0	198.0	156.0	197.0	197.0	205.0	169.0	227.0	175.0	270.0	178.0	252.0	250.0	261.0	206.0	283.0	220.0	294.0	220.0	368.0	186.0	1
75.0	200.0	70.0	215.0	96.0	198.0	157.0	162.0	140.0	178.0	173.0	214.0	170.0	237.0	162.0	255.0	182.0	186.0	204.0	154.0	196.0	196.0	208.0	167.0	229.0	174.0	265.0	178.0	260.0	251.0	264.0	206.0	288.0	221.0	302.0	221.0	366.0	184.0	1
73.0	200.0	68.0	215.0	99.0	198.0	161.0	161.0	144.0	177.0	173.0	214.0	170.0	238.0	160.0	254.0	183.0	185.0	202.0	156.0	194.0	194.0	206.0	167.0	223.0	172.0	269.0	177.0	254.0	251.0	263.0	207.0	287.0	222.0	299.0	222.0	367.0	187.0	1
72.0	201.0	69.0	215.0	95.0	199.0	155.0	163.0	140.0	178.0	174.0	212.0	172.0	235.0	162.0	251.0	179.0	184.0	200.0	157.0	199.0	197.0	204.0	168.0	227.0	174.0	269.0	177.0	258.0	248.0	266.0	206.0	288.0	221.0	301.0	220.0	368.0	184.0	1
76.0	201.0	72.0	215.0	98.0	198.0	158.0	163.0	142.0	179.0	174.0	213.0	169.0	235.0	162.0	253.0	182.0	185.0	201.0	157.0	198.0	197.0	205.0	170.0	226.0	175.0	265.0	178.0	254.0	250.0	263.0	206.0	285.0	220.0	298.0	220.0	366.0	185.0	1
72.0	201.0	65.0	215.0	93.0	198.0	156.0	162.0	141.0	177.0	171.0	212.0	170.0	236.0	161.0	254.0	179.0	183.0	203.0	156.0	196.0	195.0	206.0	168.0	228.0	173.0	271.0	177.0	257.0	251.0	265.0	206.0	287.0	220.0	302.0	220.0	371.0	187.0	1
74.0	202.0	69.0	215.0	96.0	200.0	158.0	162.0	138.0	178.0	173.0	212.0	172.0	236.0	165.0	253.0	183.0	183.0	200.0	157.0	196.0	195.0	204.0	168.0	226.0	174.0	263.0	178.0	258.0	247.0	261.0	204.0	286.0	219.0	297.0	217.0	362.0	189.0	1
77.0	201.0	73.0	216.0	97.0	198.0	158.0	163.0	142.0	179.0	174.0	214.0	172.0	238.0	163.0	253.0	178.0	185.0	201.0	157.0	193.0	196.0	206.0	170.0	224.0	175.0	266.0	179.0	258.0	249.0	261.0	206.0	285.0	221.0	297.0	220.0	365.0	185.0	1
67.0	200.0	64.0	215.0	93.0	197.0	158.0	160.0	140.0	175.0	171.0	213.0	168.0	237.0	160.0	253.0	178.0	183.0	202.0	153.0	197.0	195.0	205.0	166.0	226.0	172.0	271.0	175.0	259.0	250.0	270.0	207.0	291.0	220.0	303.0	220.0	374.0	183.0	1
73.0	202.0	70.0	218.0	95.0	198.0	153.0	163.0	137.0	180.0	173.0	214.0	172.0	238.0	165.0	255.0	179.0	186.0	199.0	156.0	197.0	196.0	203.0	169.0	226.0	174.0	269.0	177.0	260.0	251.0	264.0	205.0	289.0	220.0	303.0	220.0	369.0	184.0	1
71.0	199.0	66.0	215.0	95.0	197.0	156.0	160.0	140.0	177.0	173.0	213.0	170.0	237.0	161.0	255.0	181.0	185.0	201.0	155.0	197.0	196.0	207.0	167.0	229.0	174.0	269.0	177.0	257.0	251.0	265.0	206.0	287.0	220.0	300.0	220.0	369.0	185.0	1
78.0	199.0	73.0	214.0	98.0	197.0	158.0	164.0	141.0	179.0	172.0	213.0	169.0	236.0	161.0	251.0	176.0	185.0	201.0	157.0	197.0	197.0	205.0	170.0	225.0	175.0	264.0	178.0	254.0	249.0	261.0	206.0	284.0	220.0	295.0	220.0	364.0	187.0	1
72.0	202.0	68.0	216.0	93.0	199.0	153.0	162.0	137.0	179.0	172.0	215.0	169.0	238.0	161.0	253.0	176.0	185.0	199.0	156.0	198.0	198.0	203.0	169.0	225.0	174.0	277.0	178.0	261.0	251.0	269.0	207.0	291.0	221.0	304.0	221.0	374.0	185.0	1
75.0	200.0	72.0	217.0	98.0	197.0	157.0	161.0	139.0	177.0	172.0	214.0	168.0	237.0	159.0	254.0	180.0	184.0	202.0	156.0	197.0	196.0	206.0	167.0	227.0	174.0	272.0	178.0	257.0	252.0	266.0	207.0	286.0	221.0	301.0	221.0	369.0	187.0	1
74.0	200.0	69.0	216.0	98.0	197.0	156.0	161.0	140.0	178.0	172.0	214.0	169.0	237.0	160.0	254.0	182.0	185.0	201.0	155.0	197.0	196.0	204.0	167.0	226.0	174.0	266.0	177.0	252.0	252.0	263.0	207.0	284.0	221.0	297.0	222.0	367.0	186.0	1
76.0	201.0	71.0	216.0	93.0	198.0	158.0	163.0	140.0	178.0	172.0	213.0	171.0	238.0	162.0	254.0	182.0	186.0	199.0	158.0	196.0	197.0	203.0	170.0	227.0	176.0	268.0	178.0	258.0	248.0	265.0	206.0	287.0	220.0	300.0	219.0	364.0	184.0	1
74.0	201.0	71.0	217.0	94.0	198.0	158.0	160.0	140.0	176.0	173.0	213.0	169.0	238.0	158.0	255.0	179.0	183.0	200.0	154.0	200.0	197.0	206.0	166.0	228.0	173.0	267.0	175.0	259.0	250.0	265.0	205.0	289.0	221.0	300.0	220.0	370.0	186.0	1
75.0	202.0	72.0	216.0	98.0	199.0	156.0	164.0	137.0	181.0	173.0	213.0	171.0	235.0	161.0	251.0	181.0	187.0	198.0	159.0	196.0	198.0	203.0	172.0	224.0	176.0	266.0	179.0	255.0	247.0	263.0	207.0	285.0	219.0	297.0	219.0	366.0	185.0	1
75.0	201.0	71.0	217.0	96.0	199.0	157.0	162.0	139.0	180.0	174.0	214.0	173.0	238.0	164.0	254.0	182.0	185.0	201.0	157.0	199.0	198.0	206.0	171.0	227.0	176.0	268.0	178.0	259.0	251.0	264.0	206.0	285.0	219.0	299.0	220.0	367.0	184.0	1
74.0	201.0	69.0	216.0	95.0	198.0	154.0	162.0	138.0	177.0	174.0	212.0	170.0	237.0	161.0	254.0	180.0	185.0	202.0	156.0	198.0	196.0	206.0	168.0	225.0	173.0	268.0	176.0	258.0	249.0	264.0	204.0	290.0	221.0	301.0	221.0	371.0	185.0	1
74.0	203.0	69.0	217.0	98.0	200.0	156.0	163.0	141.0	179.0	172.0	213.0	171.0	238.0	161.0	253.0	182.0	186.0	199.0	158.0	197.0	196.0	204.0	171.0	226.0	176.0	268.0	179.0	259.0	248.0	266.0	205.0	287.0	219.0	301.0	218.0	373.0	189.0	1
76.0	201.0	72.0	216.0	98.0	198.0	157.0	164.0	141.0	180.0	173.0	213.0	170.0	235.0	162.0	250.0	182.0	186.0	201.0	158.0	197.0	197.0	204.0	170.0	228.0	177.0	270.0	179.0	257.0	248.0	267.0	206.0	287.0	219.0	302.0	220.0	368.0	186.0	1
76.0	201.0	71.0	216.0	98.0	197.0	159.0	162.0	139.0	178.0	173.0	213.0	171.0	237.0	162.0	255.0	181.0	186.0	201.0	156.0	199.0	197.0	205.0	168.0	225.0	173.0	265.0	176.0	257.0	250.0	266.0	207.0	288.0	220.0	300.0	220.0	371.0	187.0	1
68.0	198.0	64.0	215.0	91.0	197.0	158.0	161.0	140.0	175.0	171.0	214.0	169.0	237.0	160.0	255.0	179.0	184.0	201.0	155.0	196.0	196.0	208.0	167.0	230.0	173.0	267.0	176.0	258.0	252.0	266.0	206.0	289.0	220.0	302.0	219.0	373.0	184.0	1
71.0	201.0	65.0	216.0	91.0	198.0	156.0	160.0	136.0	178.0	175.0	214.0	172.0	239.0	164.0	257.0	180.0	184.0	198.0	156.0	198.0	196.0	202.0	168.0	224.0	174.0	266.0	177.0	264.0	252.0	263.0	205.0	293.0	222.0	305.0	220.0	373.0	180.0	1
71.0	201.0	65.0	216.0	93.0	198.0	155.0	161.0	139.0	177.0	172.0	213.0	168.0	237.0	157.0	254.0	181.0	185.0	203.0	155.0	197.0	196.0	207.0	167.0	227.0	173.0	268.0	177.0	257.0	252.0	267.0	207.0	288.0	221.0	301.0	221.0	372.0	187.0	1
74.0	201.0	70.0	217.0	92.0	199.0	156.0	162.0	139.0	177.0	174.0	214.0	172.0	237.0	165.0	255.0	180.0	184.0	200.0	155.0	198.0	196.0	204.0	168.0	227.0	174.0	266.0	176.0	260.0	251.0	266.0	205.0	289.0	220.0	303.0	221.0	369.0	182.0	1
69.0	202.0	64.0	218.0	94.0	197.0	155.0	160.0	137.0	176.0	171.0	213.0	169.0	237.0	159.0	255.0	179.0	184.0	197.0	155.0	195.0	196.0	204.0	167.0	224.0	173.0	271.0	176.0	259.0	250.0	267.0	205.0	291.0	220.0	303.0	220.0	377.0	186.0	1
77.0	201.0	74.0	216.0	99.0	198.0	157.0	164.0	140.0	179.0	174.0	214.0	171.0	238.0	164.0	254.0	178.0	185.0	199.0	157.0	199.0	197.0	203.0	169.0	224.0	175.0	266.0	178.0	257.0	249.0	264.0	207.0	286.0	220.0	297.0	219.0	363.0	185.0	1
74.0	201.0	70.0	217.0	98.0	198.0	155.0	163.0	138.0	179.0	174.0	214.0	171.0	237.0	163.0	254.0	180.0	184.0	201.0	156.0	199.0	196.0	204.0	168.0	227.0	174.0	271.0	178.0	253.0	251.0	266.0	207.0	286.0	221.0	301.0	221.0	372.0	187.0	1
76.0	202.0	73.0	216.0	95.0	199.0	157.0	162.0	141.0	178.0	174.0	212.0	172.0	237.0	163.0	254.0	182.0	187.0	199.0	157.0	195.0	196.0	205.0	170.0	223.0	174.0	265.0	177.0	254.0	249.0	263.0	206.0	285.0	220.0	296.0	219.0	365.0	187.0	1
76.0	201.0	74.0	216.0	96.0	198.0	157.0	163.0	139.0	178.0	172.0	213.0	170.0	237.0	160.0	252.0	180.0	185.0	198.0	157.0	197.0	196.0	202.0	169.0	225.0	175.0	271.0	178.0	256.0	247.0	264.0	205.0	286.0	218.0	299.0	218.0	367.0	189.0	1
73.0	200.0	69.0	216.0	91.0	198.0	156.0	162.0	139.0	177.0	174.0	213.0	171.0	237.0	162.0	255.0	179.0	184.0	203.0	156.0	198.0	196.0	207.0	168.0	228.0	175.0	267.0	177.0	261.0	250.0	265.0	206.0	289.0	221.0	301.0	221.0	367.0	185.0	1
74.0	200.0	68.0	216.0	97.0	198.0	156.0	162.0	140.0	179.0	173.0	215.0	171.0	237.0	163.0	254.0	181.0	186.0	199.0	156.0	197.0	197.0	204.0	169.0	225.0	174.0	269.0	177.0	256.0	251.0	266.0	206.0	287.0	220.0	299.0	219.0	371.0	186.0	1
75.0	201.0	70.0	216.0	95.0	198.0	157.0	163.0	140.0	178.0	174.0	214.0	172.0	237.0	164.0	255.0	182.0	185.0	201.0	156.0	197.0	195.0	205.0	169.0	226.0	174.0	267.0	177.0	258.0	250.0	265.0	206.0	287.0	221.0	301.0	221.0	371.0	187.0	1
73.0	200.0	68.0	214.0	99.0	198.0	157.0	163.0	143.0	177.0	171.0	214.0	171.0	238.0	161.0	254.0	181.0	185.0	199.0	157.0	200.0	199.0	203.0	169.0	223.0	175.0	265.0	178.0	260.0	249.0	257.0	203.0	288.0	221.0	300.0	220.0	368.0	184.0	1
70.0	201.0	66.0	218.0	91.0	198.0	154.0	160.0	135.0	177.0	170.0	213.0	168.0	239.0	158.0	257.0	176.0	183.0	199.0	154.0	196.0	196.0	205.0	168.0	224.0	173.0	269.0	177.0	257.0	252.0	267.0	208.0	289.0	221.0	301.0	221.0	374.0	185.0	1
76.0	201.0	71.0	216.0	98.0	199.0	156.0	163.0	140.0	179.0	174.0	214.0	172.0	237.0	165.0	254.0	182.0	185.0	200.0	156.0	197.0	196.0	204.0	169.0	226.0	175.0	263.0	178.0	256.0	249.0	263.0	205.0	286.0	219.0	300.0	219.0	368.0	187.0	1
62.0	202.0	59.0	217.0	82.0	199.0	150.0	159.0	130.0	175.0	171.0	213.0	168.0	238.0	160.0	256.0	178.0	184.0	199.0	153.0	193.0	195.0	204.0	165.0	228.0	172.0	275.0	176.0	265.0	253.0	270.0	206.0	295.0	221.0	310.0	221.0	377.0	180.0	1
76.0	201.0	69.0	215.0	98.0	198.0	158.0	163.0	143.0	177.0	173.0	213.0	168.0	236.0	159.0	252.0	182.0	184.0	203.0	156.0	196.0	196.0	207.0	168.0	229.0	174.0	269.0	177.0	253.0	251.0	264.0	207.0	286.0	221.0	298.0	222.0	365.0	187.0	1
76.0	201.0	70.0	216.0	97.0	198.0	157.0	163.0	141.0	177.0	172.0	212.0	171.0	235.0	162.0	251.0	182.0	186.0	199.0	157.0	195.0	195.0	204.0	170.0	224.0	175.0	266.0	178.0	256.0	249.0	263.0	207.0	284.0	221.0	297.0	220.0	363.0	188.0	1
72.0	198.0	68.0	215.0	97.0	195.0	158.0	161.0	139.0	176.0	173.0	213.0	171.0	236.0	163.0	253.0	180.0	184.0	202.0	155.0	196.0	195.0	204.0	167.0	228.0	174.0	272.0	177.0	259.0	249.0	267.0	206.0	287.0	219.0	302.0	219.0	372.0	183.0	1
76.0	200.0	73.0	215.0	98.0	197.0	155.0	163.0	140.0	179.0	173.0	213.0	169.0	235.0	161.0	251.0	181.0	185.0	201.0	158.0	199.0	197.0	206.0	171.0	226.0	176.0	265.0	179.0	255.0	249.0	261.0	206.0	287.0	221.0	299.0	221.0	366.0	186.0	1
78.0	202.0	76.0	218.0	97.0	199.0	155.0	162.0	136.0	179.0	173.0	213.0	172.0	237.0	165.0	254.0	177.0	184.0	202.0	156.0	196.0	196.0	206.0	167.0	226.0	173.0	265.0	176.0	257.0	249.0	264.0	206.0	285.0	220.0	298.0	220.0	369.0	187.0	1
68.0	202.0	65.0	217.0	98.0	198.0	153.0	163.0	137.0	179.0	170.0	211.0	169.0	232.0	161.0	250.0	179.0	185.0	195.0	156.0	195.0	195.0	201.0	168.0	224.0	173.0	266.0	174.0	257.0	245.0	266.0	204.0	283.0	265.0	292.0	216.0	370.0	178.0	1
77.0	203.0	72.0	216.0	100.0	199.0	155.0	165.0	141.0	180.0	176.0	212.0	173.0	235.0	166.0	250.0	181.0	185.0	200.0	159.0	201.0	197.0	204.0	170.0	224.0	176.0	265.0	178.0	254.0	248.0	262.0	204.0	284.0	219.0	299.0	220.0	362.0	185.0	1
73.0	202.0	71.0	216.0	97.0	199.0	156.0	164.0	139.0	179.0	172.0	212.0	169.0	234.0	161.0	250.0	180.0	186.0	201.0	158.0	197.0	197.0	205.0	170.0	224.0	175.0	268.0	178.0	256.0	247.0	265.0	206.0	287.0	220.0	298.0	219.0	369.0	187.0	1
79.0	200.0	73.0	216.0	100.0	198.0	160.0	162.0	143.0	178.0	175.0	215.0	171.0	236.0	164.0	254.0	183.0	185.0	200.0	157.0	199.0	197.0	205.0	170.0	225.0	175.0	260.0	178.0	256.0	249.0	256.0	204.0	284.0	220.0	297.0	220.0	364.0	187.0	1
79.0	200.0	74.0	216.0	96.0	198.0	158.0	162.0	140.0	178.0	176.0	214.0	175.0	237.0	165.0	254.0	184.0	184.0	202.0	156.0	199.0	196.0	206.0	168.0	226.0	173.0	268.0	177.0	254.0	251.0	260.0	205.0	286.0	221.0	299.0	221.0	364.0	184.0	1
72.0	200.0	67.0	216.0	97.0	198.0	157.0	162.0	140.0	178.0	174.0	213.0	170.0	237.0	161.0	254.0	179.0	184.0	201.0	154.0	196.0	197.0	205.0	167.0	226.0	173.0	269.0	177.0	255.0	250.0	263.0	205.0	285.0	220.0	299.0	220.0	372.0	187.0	1
74.0	196.0	71.0	211.0	97.0	194.0	157.0	161.0	140.0	175.0	172.0	210.0	169.0	232.0	160.0	249.0	182.0	184.0	202.0	157.0	199.0	196.0	205.0	169.0	226.0	175.0	269.0	177.0	255.0	247.0	263.0	205.0	284.0	217.0	297.0	217.0	367.0	185.0	1
73.0	201.0	70.0	217.0	94.0	197.0	157.0	161.0	137.0	178.0	172.0	213.0	168.0	237.0	160.0	253.0	179.0	184.0	202.0	154.0	195.0	195.0	205.0	167.0	224.0	173.0	266.0	175.0	252.0	252.0	267.0	207.0	288.0	221.0	302.0	221.0	374.0	186.0	1
74.0	202.0	71.0	217.0	94.0	199.0	158.0	163.0	140.0	178.0	174.0	212.0	171.0	236.0	162.0	251.0	181.0	185.0	199.0	158.0	198.0	196.0	203.0	170.0	226.0	176.0	271.0	179.0	257.0	248.0	267.0	207.0	288.0	221.0	300.0	221.0	369.0	187.0	1
78.0	202.0	74.0	216.0	97.0	199.0	158.0	164.0	141.0	178.0	175.0	213.0	173.0	236.0	163.0	252.0	178.0	185.0	201.0	158.0	198.0	196.0	205.0	170.0	225.0	176.0	268.0	178.0	259.0	248.0	263.0	204.0	289.0	219.0	301.0	218.0	368.0	187.0	1
74.0	201.0	71.0	217.0	94.0	198.0	158.0	163.0	141.0	179.0	173.0	212.0	171.0	236.0	165.0	253.0	180.0	186.0	202.0	158.0	197.0	196.0	206.0	170.0	228.0	176.0	269.0	178.0	254.0	248.0	266.0	206.0	286.0	219.0	299.0	219.0	369.0	188.0	1
71.0	200.0	66.0	216.0	94.0	197.0	155.0	162.0	137.0	178.0	172.0	213.0	170.0	237.0	160.0	255.0	178.0	184.0	201.0	155.0	198.0	196.0	205.0	167.0	228.0	174.0	267.0	176.0	260.0	251.0	264.0	205.0	289.0	221.0	302.0	220.0	372.0	184.0	1
75.0	200.0	72.0	217.0	97.0	198.0	157.0	162.0	139.0	177.0	174.0	214.0	171.0	237.0	162.0	254.0	178.0	184.0	200.0	156.0	196.0	196.0	206.0	168.0	227.0	175.0	265.0	177.0	256.0	249.0	265.0	206.0	285.0	220.0	299.0	219.0	370.0	186.0	1
65.0	201.0	58.0	217.0	91.0	198.0	155.0	159.0	138.0	176.0	172.0	216.0	167.0	239.0	157.0	257.0	182.0	184.0	203.0	153.0	197.0	196.0	209.0	168.0	228.0	173.0	271.0	177.0	259.0	255.0	269.0	208.0	294.0	224.0	306.0	223.0	377.0	184.0	1
75.0	201.0	73.0	217.0	97.0	198.0	158.0	161.0	142.0	177.0	175.0	213.0	171.0	236.0	163.0	252.0	183.0	185.0	200.0	156.0	197.0	196.0	204.0	168.0	227.0	175.0	266.0	178.0	253.0	248.0	262.0	206.0	282.0	221.0	294.0	221.0	363.0	189.0	1
73.0	200.0	69.0	216.0	97.0	197.0	156.0	163.0	139.0	179.0	173.0	213.0	172.0	236.0	162.0	253.0	178.0	185.0	200.0	156.0	195.0	196.0	203.0	168.0	225.0	174.0	266.0	178.0	259.0	248.0	263.0	205.0	288.0	220.0	301.0	219.0	367.0	183.0	1
72.0	200.0	65.0	216.0	93.0	198.0	156.0	161.0	139.0	178.0	172.0	213.0	168.0	237.0	156.0	254.0	179.0	184.0	201.0	155.0	199.0	197.0	206.0	168.0	229.0	175.0	264.0	177.0	257.0	252.0	265.0	207.0	289.0	222.0	303.0	222.0	369.0	183.0	1
79.0	201.0	75.0	217.0	98.0	198.0	159.0	161.0	140.0	178.0	173.0	214.0	172.0	238.0	164.0	256.0	181.0	185.0	199.0	156.0	196.0	195.0	203.0	168.0	225.0	174.0	264.0	176.0	253.0	250.0	264.0	206.0	288.0	222.0	298.0	221.0	367.0	185.0	1
74.0	201.0	69.0	217.0	93.0	198.0	156.0	160.0	139.0	176.0	174.0	214.0	171.0	239.0	159.0	258.0	180.0	185.0	200.0	154.0	197.0	196.0	206.0	167.0	225.0	172.0	266.0	175.0	258.0	254.0	267.0	208.0	291.0	222.0	303.0	222.0	368.0	182.0	1
75.0	200.0	71.0	216.0	98.0	198.0	160.0	162.0	140.0	179.0	173.0	213.0	173.0	238.0	163.0	253.0	182.0	186.0	201.0	157.0	194.0	195.0	205.0	169.0	224.0	174.0	269.0	177.0	255.0	249.0	264.0	205.0	285.0	220.0	299.0	220.0	370.0	187.0	1
75.0	201.0	71.0	217.0	97.0	199.0	155.0	163.0	139.0	179.0	174.0	212.0	172.0	236.0	164.0	252.0	181.0	186.0	200.0	157.0	197.0	196.0	205.0	170.0	226.0	175.0	266.0	177.0	260.0	248.0	265.0	205.0	287.0	219.0	301.0	219.0	369.0	185.0	1
79.0	202.0	76.0	218.0	99.0	197.0	156.0	162.0	139.0	178.0	173.0	212.0	171.0	235.0	164.0	254.0	179.0	184.0	201.0	156.0	197.0	196.0	205.0	168.0	226.0	174.0	266.0	176.0	256.0	248.0	264.0	205.0	285.0	219.0	297.0	220.0	364.0	187.0	1
74.0	197.0	71.0	212.0	95.0	195.0	155.0	161.0	136.0	176.0	170.0	211.0	167.0	233.0	158.0	249.0	180.0	185.0	200.0	157.0	196.0	196.0	203.0	167.0	224.0	174.0	268.0	177.0	254.0	246.0	264.0	206.0	283.0	218.0	296.0	217.0	365.0	184.0	1
74.0	200.0	68.0	215.0	96.0	198.0	156.0	161.0	138.0	178.0	172.0	214.0	171.0	238.0	160.0	255.0	182.0	186.0	200.0	155.0	194.0	196.0	205.0	167.0	228.0	173.0	270.0	177.0	256.0	252.0	265.0	207.0	288.0	221.0	301.0	221.0	369.0	184.0	1
73.0	200.0	68.0	216.0	96.0	198.0	157.0	162.0	140.0	177.0	173.0	214.0	169.0	236.0	160.0	254.0	180.0	184.0	203.0	155.0	200.0	197.0	209.0	168.0	229.0	173.0	271.0	178.0	258.0	252.0	268.0	207.0	288.0	221.0	301.0	221.0	371.0	187.0	1
74.0	199.0	69.0	215.0	97.0	196.0	158.0	160.0	141.0	176.0	174.0	215.0	171.0	238.0	159.0	256.0	181.0	185.0	198.0	154.0	197.0	197.0	204.0	167.0	225.0	173.0	264.0	176.0	252.0	253.0	265.0	207.0	290.0	222.0	301.0	222.0	368.0	181.0	1
72.0	200.0	69.0	215.0	100.0	197.0	158.0	162.0	140.0	177.0	174.0	214.0	171.0	237.0	162.0	252.0	183.0	186.0	201.0	156.0	197.0	197.0	204.0	168.0	226.0	174.0	270.0	178.0	257.0	249.0	265.0	207.0	282.0	218.0	297.0	219.0	371.0	186.0	1
72.0	200.0	68.0	217.0	93.0	197.0	156.0	160.0	139.0	177.0	171.0	213.0	169.0	238.0	159.0	255.0	178.0	184.0	199.0	155.0	196.0	197.0	204.0	167.0	225.0	173.0	270.0	176.0	257.0	252.0	265.0	207.0	288.0	221.0	301.0	221.0	375.0	184.0	1
74.0	202.0	71.0	216.0	95.0	199.0	154.0	162.0	139.0	178.0	173.0	214.0	173.0	238.0	165.0	255.0	181.0	186.0	201.0	156.0	196.0	197.0	207.0	170.0	226.0	174.0	270.0	177.0	257.0	249.0	264.0	206.0	288.0	220.0	301.0	220.0	370.0	186.0	1
70.0	202.0	68.0	218.0	93.0	199.0	154.0	162.0	138.0	177.0	172.0	213.0	168.0	238.0	160.0	255.0	181.0	185.0	199.0	156.0	195.0	196.0	204.0	169.0	226.0	174.0	268.0	178.0	258.0	251.0	269.0	208.0	288.0	221.0	305.0	222.0	372.0	186.0	1
74.0	201.0	72.0	217.0	96.0	198.0	156.0	162.0	141.0	178.0	173.0	211.0	169.0	235.0	159.0	252.0	182.0	185.0	202.0	156.0	198.0	196.0	206.0	169.0	225.0	174.0	267.0	178.0	254.0	250.0	262.0	205.0	286.0	221.0	300.0	221.0	370.0	189.0	1
75.0	201.0	71.0	216.0	100.0	197.0	156.0	162.0	140.0	177.0	173.0	212.0	169.0	236.0	161.0	254.0	181.0	184.0	201.0	155.0	200.0	196.0	205.0	168.0	230.0	175.0	273.0	178.0	256.0	250.0	266.0	208.0	288.0	222.0	299.0	222.0	367.0	185.0	1
74.0	202.0	70.0	217.0	93.0	199.0	155.0	163.0	139.0	178.0	172.0	213.0	172.0	238.0	163.0	256.0	175.0	184.0	197.0	157.0	194.0	197.0	202.0	170.0	220.0	174.0	266.0	176.0	259.0	251.0	265.0	206.0	289.0	220.0	300.0	219.0	368.0	187.0	1
72.0	202.0	68.0	217.0	93.0	199.0	157.0	163.0	138.0	178.0	174.0	213.0	173.0	237.0	166.0	254.0	180.0	184.0	201.0	156.0	195.0	195.0	205.0	169.0	225.0	174.0	272.0	178.0	258.0	251.0	262.0	205.0	289.0	221.0	303.0	220.0	372.0	186.0	1
73.0	201.0	68.0	216.0	97.0	198.0	155.0	163.0	139.0	179.0	172.0	214.0	170.0	237.0	163.0	254.0	180.0	185.0	201.0	157.0	198.0	198.0	206.0	170.0	228.0	176.0	270.0	178.0	260.0	250.0	265.0	206.0	287.0	220.0	302.0	220.0	370.0	184.0	1
73.0	201.0	68.0	215.0	96.0	198.0	155.0	162.0	141.0	177.0	172.0	213.0	171.0	238.0	163.0	255.0	180.0	185.0	201.0	156.0	196.0	197.0	205.0	169.0	227.0	175.0	267.0	178.0	255.0	249.0	262.0	207.0	283.0	221.0	298.0	222.0	368.0	187.0	1
76.0	202.0	71.0	217.0	97.0	199.0	155.0	162.0	138.0	178.0	173.0	214.0	170.0	237.0	163.0	255.0	181.0	183.0	200.0	155.0	199.0	196.0	204.0	167.0	228.0	174.0	268.0	176.0	256.0	249.0	265.0	205.0	287.0	220.0	302.0	220.0	365.0	185.0	1
73.0	203.0	69.0	218.0	92.0	199.0	155.0	162.0	140.0	178.0	175.0	213.0	172.0	238.0	164.0	255.0	182.0	185.0	200.0	156.0	200.0	197.0	204.0	169.0	225.0	174.0	268.0	177.0	259.0	251.0	264.0	205.0	288.0	220.0	302.0	219.0	374.0	186.0	1
75.0	203.0	72.0	216.0	97.0	199.0	156.0	164.0	142.0	178.0	173.0	212.0	171.0	235.0	163.0	251.0	178.0	184.0	196.0	159.0	195.0	196.0	200.0	169.0	224.0	175.0	268.0	177.0	256.0	248.0	263.0	205.0	286.0	220.0	300.0	220.0	368.0	185.0	1
74.0	202.0	71.0	217.0	97.0	199.0	156.0	161.0	139.0	179.0	174.0	214.0	171.0	238.0	161.0	255.0	180.0	185.0	200.0	155.0	199.0	197.0	204.0	168.0	224.0	173.0	264.0	176.0	258.0	250.0	267.0	207.0	287.0	221.0	300.0	220.0	369.0	186.0	1
75.0	200.0	72.0	216.0	97.0	197.0	158.0	161.0	141.0	177.0	174.0	212.0	171.0	235.0	162.0	253.0	179.0	183.0	200.0	154.0	197.0	196.0	204.0	167.0	226.0	173.0	267.0	176.0	257.0	249.0	265.0	205.0	286.0	219.0	297.0	219.0	368.0	186.0	1
72.0	200.0	67.0	216.0	94.0	198.0	158.0	160.0	138.0	176.0	172.0	214.0	168.0	237.0	159.0	254.0	179.0	184.0	199.0	154.0	197.0	196.0	204.0	167.0	224.0	173.0	269.0	178.0	257.0	251.0	266.0	207.0	287.0	220.0	302.0	221.0	373.0	185.0	1
77.0	200.0	72.0	217.0	97.0	197.0	158.0	161.0	142.0	176.0	173.0	213.0	172.0	238.0	163.0	255.0	181.0	184.0	203.0	154.0	198.0	197.0	207.0	168.0	228.0	174.0	269.0	179.0	255.0	251.0	262.0	207.0	284.0	222.0	297.0	221.0	366.0	185.0	1
76.0	201.0	73.0	216.0	96.0	198.0	153.0	164.0	138.0	179.0	170.0	213.0	168.0	236.0	160.0	252.0	178.0	186.0	199.0	157.0	196.0	197.0	203.0	170.0	222.0	175.0	263.0	177.0	255.0	249.0	263.0	207.0	284.0	221.0	296.0	220.0	365.0	186.0	1
75.0	201.0	72.0	215.0	96.0	199.0	156.0	165.0	141.0	179.0	174.0	211.0	173.0	235.0	165.0	252.0	180.0	186.0	199.0	159.0	197.0	197.0	203.0	171.0	225.0	176.0	266.0	179.0	258.0	246.0	262.0	205.0	284.0	218.0	297.0	218.0	364.0	186.0	1
68.0	200.0	66.0	217.0	91.0	198.0	154.0	159.0	138.0	175.0	171.0	214.0	168.0	240.0	160.0	258.0	180.0	183.0	200.0	153.0	197.0	196.0	205.0	166.0	225.0	172.0	270.0	176.0	258.0	255.0	266.0	206.0	291.0	223.0	305.0	223.0	375.0	184.0	1
76.0	201.0	72.0	216.0	95.0	198.0	157.0	162.0	141.0	178.0	173.0	212.0	171.0	237.0	164.0	254.0	179.0	185.0	197.0	157.0	194.0	194.0	202.0	169.0	220.0	174.0	264.0	177.0	255.0	249.0	266.0	206.0	285.0	219.0	297.0	220.0	366.0	187.0	1
77.0	200.0	73.0	215.0	98.0	198.0	158.0	164.0	141.0	178.0	175.0	213.0	172.0	236.0	164.0	253.0	181.0	184.0	202.0	157.0	200.0	197.0	206.0	169.0	225.0	175.0	262.0	178.0	252.0	249.0	261.0	205.0	282.0	220.0	294.0	220.0	361.0	187.0	1
77.0	202.0	74.0	216.0	102.0	198.0	154.0	163.0	142.0	178.0	175.0	213.0	172.0	237.0	163.0	254.0	183.0	184.0	203.0	157.0	198.0	196.0	207.0	169.0	226.0	175.0	267.0	179.0	252.0	249.0	260.0	205.0	282.0	220.0	295.0	221.0	364.0	188.0	1
73.0	201.0	68.0	217.0	95.0	199.0	157.0	163.0	139.0	179.0	173.0	214.0	168.0	237.0	161.0	254.0	181.0	185.0	202.0	156.0	196.0	196.0	208.0	169.0	227.0	174.0	267.0	177.0	260.0	250.0	265.0	206.0	289.0	221.0	300.0	220.0	371.0	188.0	1
78.0	201.0	72.0	216.0	99.0	199.0	156.0	162.0	141.0	178.0	172.0	214.0	170.0	237.0	161.0	255.0	180.0	185.0	201.0	156.0	197.0	197.0	204.0	168.0	225.0	174.0	266.0	177.0	256.0	250.0	265.0	208.0	285.0	221.0	300.0	222.0	367.0	186.0	1
69.0	202.0	68.0	217.0	91.0	199.0	154.0	161.0	137.0	176.0	172.0	213.0	169.0	238.0	162.0	255.0	182.0	185.0	197.0	156.0	198.0	197.0	203.0	168.0	226.0	174.0	272.0	177.0	257.0	249.0	265.0	206.0	288.0	220.0	300.0	219.0	371.0	186.0	1
71.0	200.0	65.0	216.0	92.0	198.0	158.0	161.0	143.0	175.0	172.0	213.0	168.0	238.0	157.0	255.0	180.0	183.0	200.0	154.0	197.0	196.0	206.0	167.0	227.0	173.0	268.0	176.0	258.0	253.0	265.0	206.0	289.0	222.0	301.0	221.0	374.0	185.0	1
75.0	201.0	71.0	216.0	93.0	198.0	156.0	163.0	140.0	178.0	173.0	213.0	170.0	238.0	162.0	255.0	178.0	185.0	200.0	156.0	196.0	196.0	204.0	169.0	226.0	175.0	270.0	177.0	257.0	251.0	267.0	208.0	286.0	220.0	299.0	220.0	369.0	185.0	1
73.0	201.0	68.0	216.0	95.0	199.0	156.0	162.0	139.0	178.0	172.0	214.0	172.0	239.0	165.0	256.0	179.0	184.0	199.0	156.0	194.0	195.0	204.0	169.0	224.0	174.0	272.0	177.0	261.0	250.0	266.0	206.0	290.0	220.0	302.0	220.0	370.0	183.0	1
77.0	202.0	73.0	216.0	96.0	199.0	156.0	163.0	141.0	178.0	173.0	213.0	172.0	237.0	164.0	253.0	177.0	185.0	200.0	156.0	196.0	197.0	203.0	168.0	224.0	173.0	264.0	177.0	253.0	249.0	263.0	206.0	284.0	220.0	296.0	219.0	363.0	188.0	1
75.0	202.0	69.0	216.0	100.0	199.0	157.0	162.0	143.0	178.0	174.0	215.0	172.0	238.0	164.0	255.0	182.0	185.0	203.0	156.0	198.0	196.0	206.0	169.0	227.0	174.0	264.0	176.0	255.0	250.0	262.0	204.0	285.0	220.0	298.0	220.0	368.0	186.0	1
70.0	201.0	68.0	216.0	92.0	198.0	155.0	161.0	138.0	177.0	174.0	214.0	172.0	238.0	162.0	255.0	178.0	183.0	202.0	154.0	199.0	197.0	207.0	168.0	227.0	173.0	265.0	176.0	259.0	252.0	266.0	207.0	287.0	221.0	301.0	220.0	370.0	182.0	1
73.0	199.0	69.0	215.0	100.0	197.0	159.0	162.0	142.0	178.0	174.0	213.0	171.0	236.0	160.0	254.0	182.0	185.0	201.0	157.0	195.0	195.0	205.0	169.0	227.0	175.0	267.0	178.0	253.0	251.0	267.0	207.0	286.0	220.0	300.0	220.0	369.0	184.0	1
73.0	201.0	67.0	216.0	98.0	198.0	156.0	163.0	139.0	178.0	175.0	214.0	172.0	237.0	164.0	253.0	181.0	185.0	202.0	156.0	199.0	198.0	206.0	169.0	225.0	174.0	265.0	178.0	257.0	248.0	266.0	208.0	284.0	220.0	297.0	219.0	368.0	187.0	1
74.0	201.0	68.0	215.0	95.0	198.0	160.0	163.0	142.0	178.0	173.0	214.0	170.0	237.0	161.0	253.0	181.0	184.0	201.0	157.0	199.0	196.0	206.0	170.0	226.0	175.0	269.0	178.0	255.0	249.0	264.0	207.0	285.0	221.0	299.0	221.0	371.0	188.0	1
76.0	201.0	73.0	216.0	94.0	198.0	156.0	162.0	140.0	178.0	173.0	214.0	170.0	238.0	162.0	254.0	181.0	185.0	203.0	157.0	197.0	196.0	208.0	169.0	227.0	174.0	266.0	177.0	256.0	251.0	265.0	207.0	286.0	221.0	298.0	220.0	368.0	187.0	1
75.0	201.0	71.0	216.0	96.0	198.0	155.0	162.0	139.0	179.0	172.0	212.0	171.0	236.0	163.0	253.0	182.0	185.0	199.0	156.0	195.0	195.0	205.0	168.0	224.0	174.0	266.0	177.0	259.0	250.0	265.0	206.0	288.0	219.0	300.0	219.0	366.0	184.0	1
72.0	202.0	68.0	217.0	96.0	198.0	158.0	161.0	142.0	177.0	174.0	213.0	170.0	237.0	160.0	254.0	179.0	184.0	200.0	155.0	198.0	197.0	203.0	168.0	224.0	174.0	266.0	177.0	256.0	250.0	265.0	206.0	285.0	220.0	300.0	220.0	372.0	188.0	1
77.0	200.0	71.0	216.0	98.0	197.0	158.0	160.0	140.0	176.0	174.0	214.0	172.0	238.0	161.0	255.0	180.0	183.0	202.0	155.0	197.0	195.0	207.0	166.0	227.0	172.0	269.0	176.0	257.0	251.0	265.0	205.0	289.0	221.0	302.0	221.0	370.0	186.0	1
78.0	199.0	75.0	214.0	96.0	196.0	153.0	161.0	138.0	176.0	173.0	209.0	172.0	233.0	163.0	248.0	178.0	182.0	197.0	155.0	195.0	193.0	200.0	166.0	222.0	173.0	261.0	175.0	255.0	245.0	260.0	202.0	285.0	217.0	298.0	217.0	368.0	186.0	1
65.0	201.0	60.0	218.0	88.0	198.0	151.0	159.0	134.0	176.0	171.0	215.0	166.0	239.0	157.0	257.0	179.0	184.0	201.0	152.0	198.0	197.0	206.0	166.0	228.0	172.0	271.0	176.0	263.0	255.0	269.0	208.0	293.0	223.0	309.0	223.0	382.0	181.0	1
74.0	202.0	69.0	218.0	96.0	199.0	158.0	163.0	142.0	177.0	172.0	214.0	171.0	237.0	162.0	255.0	179.0	184.0	201.0	156.0	197.0	196.0	204.0	169.0	224.0	175.0	260.0	177.0	256.0	251.0	262.0	207.0	284.0	221.0	299.0	221.0	365.0	184.0	1
75.0	199.0	69.0	215.0	94.0	198.0	158.0	162.0	140.0	178.0	173.0	212.0	171.0	237.0	162.0	253.0	179.0	184.0	202.0	155.0	198.0	196.0	207.0	168.0	228.0	175.0	264.0	176.0	257.0	249.0	266.0	207.0	289.0	219.0	301.0	218.0	365.0	185.0	1
78.0	200.0	76.0	216.0	98.0	198.0	160.0	162.0	145.0	177.0	175.0	213.0	174.0	236.0	165.0	253.0	184.0	185.0	205.0	156.0	198.0	196.0	210.0	168.0	230.0	175.0	273.0	180.0	256.0	250.0	261.0	206.0	286.0	221.0	298.0	221.0	368.0	186.0	1
72.0	200.0	68.0	216.0	96.0	197.0	155.0	163.0	140.0	178.0	172.0	213.0	170.0	236.0	161.0	253.0	182.0	186.0	200.0	157.0	195.0	195.0	204.0	169.0	225.0	175.0	269.0	178.0	256.0	249.0	266.0	206.0	287.0	219.0	301.0	219.0	368.0	185.0	1
78.0	202.0	74.0	216.0	96.0	200.0	154.0	164.0	141.0	179.0	176.0	214.0	176.0	237.0	168.0	253.0	180.0	186.0	200.0	158.0	197.0	197.0	204.0	170.0	226.0	176.0	267.0	179.0	256.0	248.0	264.0	206.0	285.0	220.0	298.0	219.0	364.0	185.0	1
78.0	200.0	74.0	215.0	98.0	198.0	158.0	162.0	141.0	179.0	175.0	214.0	171.0	236.0	163.0	254.0	182.0	185.0	200.0	156.0	198.0	197.0	206.0	169.0	226.0	174.0	264.0	177.0	254.0	250.0	263.0	205.0	286.0	220.0	299.0	220.0	364.0	186.0	1
76.0	202.0	71.0	217.0	97.0	198.0	158.0	162.0	140.0	178.0	175.0	213.0	173.0	236.0	164.0	254.0	182.0	185.0	200.0	156.0	198.0	196.0	205.0	169.0	226.0	175.0	261.0	177.0	255.0	249.0	262.0	206.0	283.0	220.0	295.0	220.0	362.0	189.0	1
77.0	201.0	71.0	216.0	96.0	198.0	160.0	162.0	143.0	178.0	174.0	214.0	170.0	237.0	161.0	253.0	183.0	185.0	201.0	156.0	199.0	197.0	207.0	169.0	225.0	174.0	267.0	178.0	255.0	248.0	263.0	207.0	285.0	221.0	297.0	221.0	366.0	187.0	1
78.0	200.0	73.0	215.0	96.0	198.0	157.0	163.0	141.0	178.0	172.0	212.0	170.0	236.0	161.0	253.0	179.0	185.0	199.0	158.0	195.0	197.0	203.0	171.0	223.0	176.0	262.0	179.0	255.0	247.0	261.0	206.0	280.0	220.0	293.0	220.0	364.0	184.0	1
76.0	200.0	72.0	216.0	98.0	198.0	158.0	163.0	143.0	178.0	174.0	213.0	172.0	237.0	164.0	254.0	181.0	186.0	200.0	157.0	198.0	197.0	205.0	170.0	226.0	176.0	266.0	179.0	257.0	248.0	263.0	206.0	285.0	219.0	297.0	219.0	364.0	186.0	1
72.0	201.0	67.0	217.0	96.0	199.0	159.0	161.0	142.0	177.0	172.0	213.0	170.0	237.0	161.0	255.0	181.0	183.0	202.0	155.0	198.0	195.0	206.0	168.0	226.0	174.0	264.0	177.0	258.0	250.0	265.0	206.0	289.0	221.0	303.0	222.0	369.0	186.0	1
76.0	202.0	73.0	217.0	99.0	199.0	157.0	163.0	142.0	179.0	176.0	213.0	171.0	236.0	162.0	252.0	182.0	185.0	201.0	157.0	199.0	197.0	206.0	170.0	228.0	176.0	267.0	179.0	256.0	250.0	261.0	205.0	286.0	221.0	298.0	220.0	363.0	188.0	1
78.0	202.0	74.0	217.0	96.0	200.0	157.0	163.0	141.0	179.0	174.0	213.0	172.0	237.0	164.0	252.0	179.0	185.0	201.0	156.0	195.0	196.0	205.0	168.0	226.0	174.0	269.0	178.0	254.0	250.0	264.0	207.0	285.0	220.0	297.0	221.0	366.0	187.0	1
73.0	202.0	69.0	216.0	96.0	199.0	158.0	162.0	139.0	178.0	174.0	213.0	171.0	237.0	164.0	253.0	181.0	184.0	202.0	156.0	200.0	197.0	206.0	168.0	227.0	174.0	267.0	176.0	259.0	250.0	264.0	205.0	289.0	221.0	304.0	221.0	368.0	186.0	1
70.0	199.0	67.0	215.0	95.0	197.0	160.0	162.0	143.0	178.0	172.0	211.0	168.0	234.0	159.0	250.0	181.0	184.0	205.0	157.0	199.0	197.0	209.0	169.0	231.0	176.0	269.0	178.0	255.0	248.0	266.0	207.0	286.0	220.0	299.0	220.0	366.0	185.0	1
75.0	201.0	72.0	217.0	97.0	198.0	155.0	163.0	141.0	178.0	175.0	212.0	172.0	235.0	162.0	253.0	178.0	184.0	202.0	157.0	199.0	197.0	205.0	169.0	226.0	175.0	269.0	177.0	256.0	249.0	264.0	205.0	288.0	219.0	299.0	220.0	367.0	185.0	1
69.0	200.0	65.0	216.0	92.0	197.0	156.0	162.0	135.0	178.0	171.0	213.0	170.0	237.0	163.0	255.0	181.0	185.0	198.0	156.0	196.0	195.0	204.0	169.0	225.0	174.0	268.0	177.0	261.0	249.0	267.0	205.0	289.0	219.0	300.0	219.0	373.0	185.0	1
69.0	200.0	65.0	215.0	93.0	198.0	157.0	162.0	143.0	177.0	171.0	214.0	168.0	237.0	159.0	254.0	180.0	184.0	203.0	155.0	199.0	197.0	207.0	168.0	228.0	174.0	268.0	176.0	259.0	251.0	267.0	208.0	289.0	222.0	304.0	222.0	368.0	183.0	1
76.0	200.0	73.0	216.0	98.0	198.0	158.0	162.0	141.0	178.0	173.0	213.0	171.0	235.0	164.0	252.0	181.0	185.0	199.0	157.0	196.0	195.0	203.0	169.0	225.0	175.0	266.0	178.0	257.0	248.0	266.0	207.0	283.0	218.0	296.0	218.0	365.0	185.0	1
74.0	200.0	71.0	218.0	93.0	197.0	156.0	160.0	140.0	176.0	170.0	211.0	168.0	236.0	160.0	254.0	181.0	184.0	198.0	152.0	195.0	194.0	203.0	166.0	226.0	173.0	267.0	176.0	260.0	250.0	265.0	204.0	291.0	220.0	304.0	220.0	372.0	184.0	1
75.0	202.0	70.0	218.0	96.0	199.0	156.0	162.0	138.0	178.0	174.0	213.0	170.0	236.0	160.0	254.0	179.0	184.0	200.0	155.0	198.0	196.0	205.0	168.0	227.0	174.0	271.0	178.0	257.0	250.0	267.0	208.0	287.0	222.0	301.0	221.0	370.0	186.0	1
68.0	199.0	62.0	217.0	94.0	197.0	154.0	160.0	138.0	175.0	172.0	215.0	170.0	239.0	159.0	257.0	178.0	184.0	200.0	153.0	198.0	198.0	205.0	165.0	227.0	171.0	274.0	175.0	257.0	255.0	268.0	207.0	293.0	222.0	307.0	222.0	374.0	183.0	1
77.0	199.0	71.0	213.0	102.0	196.0	159.0	161.0	142.0	179.0	172.0	213.0	167.0	236.0	156.0	253.0	180.0	184.0	201.0	154.0	199.0	196.0	206.0	167.0	227.0	173.0	265.0	177.0	252.0	250.0	264.0	208.0	284.0	222.0	298.0	222.0	369.0	186.0	1
72.0	201.0	68.0	217.0	93.0	198.0	156.0	161.0	139.0	176.0	173.0	214.0	171.0	239.0	161.0	256.0	178.0	183.0	202.0	154.0	194.0	194.0	205.0	166.0	226.0	172.0	266.0	175.0	258.0	252.0	268.0	207.0	290.0	221.0	303.0	221.0	375.0	186.0	1
75.0	201.0	71.0	215.0	99.0	198.0	159.0	163.0	143.0	178.0	173.0	213.0	169.0	235.0	159.0	251.0	180.0	184.0	203.0	157.0	199.0	196.0	206.0	169.0	226.0	175.0	262.0	178.0	255.0	249.0	260.0	204.0	285.0	220.0	296.0	220.0	368.0	188.0	1
76.0	199.0	73.0	215.0	101.0	197.0	158.0	162.0	141.0	178.0	172.0	212.0	170.0	237.0	161.0	253.0	180.0	185.0	203.0	156.0	196.0	196.0	207.0	169.0	229.0	176.0	270.0	179.0	255.0	248.0	264.0	207.0	283.0	219.0	297.0	219.0	369.0	187.0	1
76.0	201.0	72.0	217.0	95.0	199.0	158.0	162.0	140.0	178.0	174.0	212.0	171.0	235.0	163.0	252.0	182.0	186.0	200.0	156.0	195.0	196.0	205.0	169.0	224.0	174.0	266.0	177.0	256.0	249.0	264.0	206.0	286.0	220.0	298.0	221.0	366.0	188.0	1
75.0	203.0	72.0	218.0	97.0	199.0	156.0	163.0	140.0	177.0	174.0	212.0	173.0	237.0	164.0	253.0	181.0	185.0	200.0	156.0	195.0	195.0	205.0	169.0	226.0	174.0	273.0	179.0	258.0	249.0	262.0	206.0	286.0	220.0	297.0	219.0	366.0	189.0	1
76.0	201.0	71.0	216.0	96.0	198.0	158.0	162.0	142.0	177.0	174.0	214.0	170.0	238.0	163.0	256.0	183.0	185.0	202.0	156.0	197.0	197.0	206.0	170.0	226.0	175.0	266.0	178.0	253.0	251.0	260.0	205.0	286.0	221.0	296.0	220.0	367.0	187.0	1
66.0	202.0	61.0	216.0	87.0	199.0	157.0	159.0	138.0	175.0	171.0	212.0	168.0	236.0	159.0	256.0	183.0	184.0	201.0	154.0	197.0	196.0	205.0	166.0	226.0	172.0	269.0	177.0	256.0	252.0	263.0	204.0	290.0	224.0	302.0	224.0	376.0	187.0	1
75.0	201.0	70.0	216.0	96.0	199.0	159.0	161.0	140.0	177.0	174.0	213.0	172.0	238.0	163.0	255.0	182.0	186.0	201.0	155.0	198.0	196.0	206.0	168.0	227.0	174.0	266.0	178.0	256.0	252.0	264.0	206.0	288.0	222.0	298.0	221.0	366.0	186.0	1
72.0	200.0	69.0	216.0	95.0	198.0	158.0	161.0	139.0	178.0	171.0	213.0	169.0	237.0	159.0	255.0	178.0	184.0	201.0	155.0	196.0	196.0	206.0	168.0	226.0	173.0	265.0	178.0	254.0	252.0	266.0	206.0	289.0	221.0	301.0	220.0	371.0	186.0	1
67.0	200.0	64.0	216.0	90.0	197.0	154.0	162.0	138.0	177.0	172.0	214.0	169.0	238.0	161.0	255.0	179.0	185.0	197.0	156.0	196.0	197.0	201.0	168.0	224.0	173.0	271.0	176.0	260.0	252.0	268.0	206.0	293.0	220.0	306.0	219.0	374.0	182.0	1
74.0	201.0	71.0	216.0	97.0	199.0	156.0	163.0	141.0	178.0	171.0	212.0	168.0	234.0	161.0	250.0	182.0	186.0	196.0	159.0	194.0	196.0	201.0	170.0	222.0	175.0	268.0	177.0	256.0	248.0	263.0	205.0	285.0	219.0	297.0	218.0	366.0	185.0	1
73.0	201.0	68.0	215.0	93.0	199.0	161.0	162.0	141.0	179.0	176.0	214.0	172.0	237.0	162.0	254.0	178.0	184.0	203.0	155.0	197.0	197.0	206.0	169.0	226.0	174.0	267.0	177.0	258.0	251.0	266.0	207.0	287.0	220.0	299.0	219.0	370.0	186.0	1
76.0	202.0	72.0	217.0	97.0	198.0	158.0	164.0	141.0	178.0	174.0	212.0	171.0	236.0	163.0	252.0	183.0	186.0	200.0	158.0	198.0	197.0	206.0	170.0	226.0	175.0	267.0	179.0	253.0	247.0	263.0	207.0	282.0	220.0	295.0	219.0	367.0	188.0	1
75.0	200.0	72.0	215.0	99.0	197.0	158.0	163.0	142.0	178.0	173.0	214.0	170.0	236.0	161.0	252.0	179.0	185.0	201.0	157.0	196.0	197.0	205.0	170.0	223.0	175.0	265.0	178.0	255.0	249.0	260.0	206.0	283.0	220.0	297.0	219.0	365.0	186.0	1
81.0	201.0	76.0	215.0	103.0	199.0	159.0	163.0	142.0	179.0	173.0	212.0	173.0	234.0	163.0	252.0	180.0	184.0	203.0	157.0	199.0	195.0	207.0	169.0	226.0	175.0	268.0	179.0	253.0	248.0	263.0	206.0	282.0	219.0	295.0	220.0	360.0	188.0	1
78.0	197.0	74.0	213.0	99.0	195.0	155.0	160.0	139.0	175.0	174.0	209.0	172.0	233.0	163.0	250.0	178.0	182.0	199.0	155.0	197.0	194.0	204.0	167.0	223.0	173.0	267.0	177.0	256.0	246.0	260.0	201.0	284.0	216.0	296.0	216.0	364.0	185.0	1
70.0	201.0	66.0	217.0	91.0	199.0	155.0	162.0	139.0	178.0	173.0	214.0	169.0	239.0	161.0	256.0	179.0	185.0	202.0	156.0	199.0	198.0	208.0	170.0	231.0	176.0	274.0	179.0	257.0	253.0	268.0	209.0	287.0	221.0	300.0	221.0	367.0	185.0	1
73.0	201.0	68.0	216.0	94.0	198.0	157.0	161.0	140.0	176.0	172.0	213.0	169.0	238.0	160.0	256.0	182.0	183.0	201.0	154.0	198.0	195.0	206.0	166.0	227.0	173.0	266.0	176.0	258.0	252.0	265.0	207.0	288.0	221.0	301.0	221.0	368.0	185.0	1
72.0	200.0	67.0	215.0	98.0	197.0	159.0	164.0	145.0	178.0	173.0	213.0	171.0	235.0	160.0	252.0	181.0	186.0	203.0	159.0	197.0	197.0	208.0	171.0	228.0	176.0	266.0	179.0	255.0	248.0	265.0	207.0	284.0	220.0	297.0	220.0	367.0	185.0	1
74.0	202.0	71.0	217.0	95.0	199.0	157.0	162.0	143.0	176.0	172.0	211.0	171.0	236.0	163.0	252.0	179.0	183.0	201.0	156.0	197.0	196.0	205.0	168.0	226.0	174.0	270.0	177.0	256.0	250.0	264.0	205.0	287.0	220.0	301.0	220.0	370.0	187.0	1
70.0	197.0	65.0	212.0	94.0	194.0	158.0	159.0	138.0	174.0	170.0	209.0	168.0	233.0	160.0	251.0	181.0	182.0	201.0	152.0	197.0	193.0	204.0	166.0	227.0	172.0	269.0	175.0	256.0	250.0	265.0	205.0	287.0	218.0	300.0	218.0	373.0	184.0	1
77.0	200.0	72.0	216.0	96.0	198.0	158.0	161.0	141.0	177.0	175.0	213.0	169.0	237.0	160.0	254.0	177.0	182.0	203.0	154.0	200.0	197.0	207.0	167.0	226.0	173.0	268.0	177.0	254.0	252.0	265.0	208.0	286.0	222.0	296.0	221.0	365.0	186.0	1
74.0	203.0	70.0	219.0	95.0	200.0	154.0	162.0	137.0	177.0	173.0	213.0	171.0	236.0	163.0	254.0	180.0	183.0	201.0	154.0	199.0	196.0	205.0	167.0	227.0	173.0	266.0	176.0	259.0	249.0	268.0	205.0	290.0	219.0	303.0	219.0	371.0	186.0	1
75.0	202.0	72.0	217.0	98.0	199.0	156.0	163.0	138.0	181.0	173.0	214.0	173.0	237.0	165.0	253.0	179.0	186.0	199.0	157.0	196.0	197.0	204.0	170.0	223.0	174.0	269.0	177.0	257.0	249.0	266.0	208.0	287.0	221.0	299.0	221.0	364.0	184.0	1
71.0	202.0	66.0	217.0	92.0	199.0	156.0	161.0	139.0	177.0	174.0	214.0	170.0	238.0	163.0	256.0	181.0	183.0	199.0	155.0	198.0	196.0	203.0	168.0	225.0	173.0	269.0	177.0	257.0	251.0	265.0	205.0	288.0	220.0	302.0	220.0	373.0	186.0	1
75.0	201.0	73.0	217.0	97.0	198.0	157.0	162.0	141.0	177.0	171.0	211.0	169.0	235.0	162.0	251.0	183.0	186.0	201.0	157.0	193.0	195.0	205.0	169.0	227.0	174.0	267.0	177.0	257.0	248.0	265.0	205.0	285.0	219.0	298.0	219.0	368.0	188.0	1
75.0	200.0	71.0	216.0	95.0	197.0	156.0	162.0	137.0	177.0	172.0	213.0	168.0	236.0	161.0	254.0	180.0	184.0	202.0	155.0	198.0	195.0	205.0	167.0	227.0	174.0	267.0	176.0	257.0	249.0	265.0	206.0	288.0	220.0	300.0	220.0	370.0	185.0	1
76.0	201.0	70.0	217.0	98.0	198.0	156.0	162.0	140.0	178.0	174.0	214.0	170.0	237.0	161.0	255.0	181.0	184.0	201.0	156.0	200.0	197.0	205.0	168.0	226.0	174.0	271.0	178.0	257.0	252.0	265.0	207.0	290.0	222.0	303.0	222.0	367.0	185.0	1
77.0	202.0	72.0	217.0	96.0	200.0	155.0	163.0	139.0	179.0	175.0	214.0	172.0	237.0	165.0	253.0	181.0	184.0	200.0	157.0	198.0	197.0	206.0	171.0	224.0	175.0	266.0	178.0	258.0	248.0	261.0	205.0	285.0	220.0	298.0	221.0	361.0	186.0	1
72.0	200.0	68.0	215.0	94.0	197.0	159.0	162.0	140.0	177.0	173.0	212.0	170.0	235.0	162.0	252.0	180.0	184.0	202.0	155.0	197.0	196.0	205.0	168.0	227.0	174.0	270.0	177.0	256.0	250.0	265.0	205.0	287.0	219.0	300.0	219.0	371.0	185.0	1
76.0	197.0	71.0	211.0	99.0	194.0	154.0	160.0	139.0	175.0	171.0	210.0	169.0	232.0	162.0	249.0	180.0	182.0	200.0	155.0	195.0	193.0	203.0	167.0	224.0	173.0	267.0	176.0	255.0	248.0	262.0	204.0	286.0	218.0	299.0	219.0	366.0	185.0	1
70.0	199.0	66.0	215.0	92.0	197.0	155.0	161.0	136.0	177.0	171.0	213.0	169.0	237.0	158.0	254.0	180.0	184.0	200.0	154.0	199.0	197.0	205.0	167.0	226.0	173.0	270.0	178.0	257.0	251.0	268.0	208.0	288.0	221.0	302.0	221.0	373.0	184.0	1
71.0	200.0	69.0	217.0	93.0	198.0	157.0	161.0	139.0	177.0	177.0	213.0	173.0	237.0	165.0	255.0	181.0	183.0	200.0	155.0	197.0	194.0	206.0	167.0	224.0	172.0	264.0	175.0	259.0	250.0	264.0	204.0	290.0	220.0	301.0	219.0	367.0	185.0	1
71.0	201.0	67.0	218.0	95.0	198.0	154.0	162.0	138.0	179.0	173.0	213.0	172.0	238.0	163.0	256.0	177.0	184.0	198.0	155.0	197.0	196.0	202.0	168.0	226.0	174.0	271.0	176.0	262.0	250.0	271.0	206.0	293.0	220.0	308.0	220.0	379.0	183.0	1
71.0	198.0	65.0	214.0	95.0	196.0	157.0	160.0	140.0	175.0	177.0	211.0	171.0	235.0	160.0	254.0	181.0	183.0	199.0	195.0	189.0	236.0	205.0	160.0	230.0	171.0	268.0	174.0	260.0	251.0	265.0	203.0	292.0	220.0	305.0	219.0	374.0	185.0	1
73.0	202.0	70.0	217.0	94.0	199.0	154.0	165.0	140.0	179.0	174.0	211.0	170.0	234.0	162.0	251.0	182.0	186.0	201.0	158.0	199.0	197.0	205.0	171.0	228.0	177.0	267.0	178.0	260.0	247.0	264.0	204.0	288.0	219.0	301.0	220.0	367.0	187.0	1
71.0	201.0	67.0	217.0	94.0	197.0	158.0	161.0	140.0	176.0	171.0	212.0	168.0	236.0	162.0	254.0	182.0	184.0	201.0	156.0	197.0	195.0	205.0	168.0	227.0	174.0	276.0	177.0	261.0	249.0	269.0	207.0	289.0	220.0	302.0	220.0	374.0	185.0	1
75.0	200.0	71.0	215.0	96.0	198.0	160.0	162.0	141.0	178.0	174.0	213.0	170.0	237.0	161.0	254.0	183.0	185.0	202.0	157.0	199.0	196.0	206.0	169.0	228.0	175.0	267.0	178.0	257.0	251.0	266.0	207.0	285.0	220.0	298.0	220.0	368.0	186.0	1
72.0	198.0	65.0	215.0	94.0	196.0	157.0	160.0	137.0	177.0	171.0	214.0	167.0	239.0	158.0	257.0	180.0	184.0	202.0	154.0	197.0	197.0	207.0	167.0	229.0	174.0	271.0	177.0	255.0	254.0	264.0	208.0	286.0	221.0	300.0	222.0	370.0	184.0	1
70.0	200.0	65.0	216.0	94.0	197.0	156.0	161.0	138.0	177.0	173.0	213.0	170.0	237.0	159.0	255.0	179.0	183.0	201.0	155.0	198.0	197.0	209.0	168.0	231.0	175.0	272.0	178.0	259.0	250.0	271.0	209.0	288.0	220.0	301.0	220.0	374.0	186.0	1
77.0	201.0	69.0	218.0	98.0	199.0	156.0	160.0	138.0	177.0	173.0	213.0	171.0	237.0	163.0	255.0	179.0	183.0	201.0	152.0	199.0	195.0	205.0	166.0	227.0	172.0	268.0	175.0	263.0	251.0	269.0	205.0	293.0	220.0	305.0	219.0	376.0	182.0	1
77.0	202.0	73.0	217.0	98.0	198.0	157.0	161.0	140.0	178.0	174.0	213.0	171.0	237.0	161.0	254.0	183.0	184.0	201.0	155.0	197.0	195.0	206.0	167.0	224.0	173.0	264.0	177.0	251.0	251.0	260.0	205.0	284.0	221.0	296.0	221.0	368.0	188.0	1
65.0	200.0	59.0	217.0	87.0	198.0	155.0	160.0	135.0	177.0	171.0	215.0	168.0	240.0	160.0	257.0	179.0	185.0	199.0	153.0	198.0	197.0	205.0	167.0	225.0	172.0	269.0	175.0	260.0	254.0	266.0	206.0	294.0	222.0	308.0	221.0	381.0	183.0	1
75.0	201.0	69.0	217.0	96.0	198.0	157.0	161.0	143.0	176.0	173.0	214.0	171.0	239.0	163.0	256.0	179.0	183.0	203.0	155.0	198.0	196.0	206.0	167.0	228.0	174.0	266.0	177.0	256.0	251.0	264.0	207.0	284.0	220.0	298.0	220.0	367.0	185.0	1
78.0	202.0	71.0	216.0	97.0	199.0	159.0	162.0	143.0	176.0	173.0	212.0	170.0	237.0	161.0	254.0	182.0	183.0	202.0	156.0	197.0	195.0	207.0	168.0	229.0	175.0	267.0	178.0	253.0	251.0	262.0	205.0	286.0	221.0	298.0	221.0	367.0	187.0	1
75.0	203.0	70.0	219.0	96.0	200.0	155.0	162.0	139.0	178.0	174.0	213.0	172.0	236.0	165.0	255.0	180.0	184.0	197.0	156.0	196.0	195.0	202.0	169.0	222.0	174.0	264.0	177.0	259.0	248.0	266.0	206.0	285.0	219.0	298.0	219.0	373.0	186.0	1
75.0	202.0	69.0	217.0	96.0	199.0	155.0	163.0	139.0	177.0	171.0	213.0	169.0	236.0	161.0	254.0	178.0	184.0	197.0	156.0	193.0	195.0	201.0	168.0	222.0	174.0	265.0	176.0	257.0	249.0	262.0	205.0	286.0	220.0	298.0	219.0	369.0	187.0	1
69.0	198.0	63.0	214.0	94.0	197.0	156.0	162.0	139.0	177.0	173.0	214.0	169.0	238.0	157.0	255.0	183.0	185.0	201.0	155.0	198.0	196.0	206.0	167.0	227.0	174.0	270.0	177.0	257.0	253.0	269.0	207.0	289.0	220.0	304.0	220.0	374.0	182.0	1
74.0	198.0	70.0	213.0	94.0	196.0	156.0	160.0	140.0	176.0	171.0	210.0	168.0	234.0	160.0	250.0	180.0	183.0	201.0	155.0	193.0	193.0	204.0	166.0	228.0	173.0	267.0	177.0	254.0	246.0	264.0	205.0	282.0	217.0	295.0	217.0	364.0	186.0	1
71.0	200.0	66.0	214.0	98.0	197.0	159.0	162.0	141.0	177.0	171.0	213.0	168.0	236.0	158.0	252.0	184.0	185.0	200.0	157.0	198.0	196.0	205.0	169.0	229.0	176.0	269.0	179.0	254.0	250.0	265.0	208.0	283.0	220.0	296.0	219.0	367.0	185.0	1
74.0	202.0	69.0	216.0	94.0	199.0	158.0	161.0	139.0	177.0	173.0	214.0	172.0	238.0	163.0	255.0	181.0	185.0	199.0	156.0	196.0	196.0	205.0	169.0	225.0	174.0	266.0	177.0	259.0	249.0	264.0	206.0	286.0	220.0	299.0	220.0	365.0	187.0	1
74.0	200.0	69.0	215.0	97.0	197.0	158.0	162.0	140.0	178.0	172.0	212.0	169.0	236.0	161.0	253.0	179.0	185.0	199.0	158.0	197.0	197.0	204.0	170.0	224.0	175.0	269.0	177.0	257.0	250.0	266.0	206.0	288.0	219.0	300.0	219.0	367.0	185.0	1
72.0	201.0	69.0	216.0	95.0	199.0	158.0	164.0	142.0	178.0	173.0	213.0	170.0	236.0	161.0	252.0	180.0	185.0	198.0	158.0	196.0	195.0	203.0	169.0	224.0	175.0	270.0	179.0	256.0	250.0	263.0	205.0	286.0	219.0	299.0	218.0	366.0	186.0	1
72.0	200.0	69.0	216.0	93.0	198.0	154.0	162.0	138.0	177.0	173.0	213.0	170.0	236.0	164.0	253.0	179.0	184.0	201.0	156.0	196.0	195.0	205.0	168.0	227.0	174.0	269.0	176.0	259.0	251.0	269.0	206.0	292.0	220.0	303.0	220.0	371.0	183.0	1
72.0	201.0	67.0	214.0	95.0	199.0	154.0	162.0	138.0	178.0	173.0	213.0	171.0	236.0	160.0	253.0	181.0	185.0	199.0	156.0	195.0	195.0	206.0	169.0	229.0	175.0	268.0	178.0	256.0	250.0	266.0	207.0	285.0	219.0	300.0	220.0	366.0	185.0	1
76.0	201.0	72.0	215.0	100.0	197.0	156.0	163.0	141.0	178.0	174.0	213.0	171.0	235.0	162.0	252.0	180.0	184.0	201.0	157.0	198.0	196.0	205.0	169.0	226.0	175.0	268.0	178.0	254.0	250.0	262.0	206.0	285.0	220.0	298.0	220.0	363.0	185.0	1
72.0	201.0	69.0	217.0	94.0	198.0	154.0	162.0	139.0	177.0	174.0	212.0	172.0	236.0	162.0	254.0	178.0	183.0	200.0	155.0	198.0	197.0	205.0	168.0	229.0	175.0	267.0	177.0	257.0	251.0	264.0	206.0	288.0	221.0	300.0	220.0	370.0	183.0	1
76.0	199.0	71.0	216.0	97.0	196.0	159.0	161.0	140.0	177.0	170.0	213.0	167.0	237.0	158.0	255.0	182.0	185.0	203.0	155.0	196.0	197.0	210.0	169.0	226.0	174.0	268.0	177.0	256.0	254.0	267.0	208.0	287.0	221.0	299.0	221.0	370.0	185.0	1
75.0	201.0	71.0	216.0	102.0	198.0	157.0	163.0	140.0	180.0	172.0	214.0	171.0	237.0	162.0	253.0	178.0	186.0	199.0	157.0	194.0	197.0	203.0	169.0	223.0	175.0	269.0	178.0	256.0	249.0	264.0	207.0	285.0	221.0	299.0	220.0	368.0	183.0	1
77.0	201.0	74.0	215.0	94.0	198.0	155.0	162.0	139.0	179.0	175.0	214.0	171.0	237.0	164.0	253.0	180.0	184.0	201.0	157.0	199.0	197.0	205.0	170.0	226.0	176.0	262.0	179.0	254.0	250.0	259.0	205.0	282.0	221.0	296.0	221.0	365.0	185.0	1
72.0	201.0	67.0	216.0	92.0	199.0	154.0	164.0	139.0	178.0	170.0	214.0	170.0	237.0	162.0	254.0	180.0	186.0	198.0	157.0	196.0	197.0	202.0	171.0	223.0	175.0	267.0	178.0	258.0	251.0	262.0	205.0	288.0	220.0	300.0	219.0	368.0	184.0	1
71.0	200.0	68.0	214.0	97.0	197.0	154.0	162.0	138.0	179.0	171.0	212.0	168.0	235.0	160.0	252.0	177.0	184.0	198.0	156.0	195.0	195.0	202.0	168.0	222.0	174.0	265.0	177.0	256.0	249.0	264.0	206.0	285.0	219.0	297.0	218.0	371.0	184.0	1
74.0	202.0	69.0	217.0	96.0	199.0	156.0	164.0	140.0	179.0	173.0	213.0	171.0	237.0	163.0	253.0	180.0	186.0	200.0	156.0	197.0	196.0	204.0	169.0	224.0	174.0	269.0	178.0	256.0	249.0	264.0	205.0	286.0	220.0	299.0	220.0	364.0	187.0	1
79.0	201.0	74.0	215.0	96.0	198.0	158.0	163.0	141.0	179.0	172.0	214.0	171.0	236.0	163.0	252.0	179.0	185.0	199.0	158.0	197.0	197.0	203.0	169.0	223.0	175.0	267.0	178.0	256.0	248.0	263.0	205.0	284.0	218.0	298.0	218.0	364.0	187.0	1
73.0	201.0	67.0	216.0	97.0	199.0	159.0	161.0	142.0	177.0	174.0	213.0	168.0	235.0	160.0	252.0	182.0	184.0	201.0	155.0	197.0	197.0	206.0	168.0	227.0	174.0	269.0	178.0	255.0	249.0	263.0	206.0	285.0	219.0	297.0	219.0	369.0	191.0	1
78.0	202.0	75.0	217.0	97.0	199.0	155.0	163.0	141.0	178.0	172.0	211.0	170.0	235.0	163.0	251.0	177.0	184.0	199.0	156.0	195.0	196.0	204.0	169.0	223.0	174.0	266.0	176.0	252.0	249.0	260.0	205.0	283.0	219.0	297.0	220.0	370.0	186.0	1
76.0	203.0	71.0	217.0	96.0	199.0	155.0	161.0	139.0	179.0	173.0	214.0	172.0	238.0	163.0	255.0	178.0	185.0	198.0	155.0	194.0	196.0	203.0	168.0	224.0	173.0	264.0	177.0	258.0	250.0	261.0	205.0	287.0	220.0	299.0	219.0	367.0	185.0	1
71.0	201.0	67.0	216.0	92.0	199.0	154.0	162.0	136.0	176.0	172.0	213.0	168.0	236.0	160.0	253.0	179.0	183.0	198.0	155.0	198.0	196.0	204.0	168.0	224.0	172.0	273.0	177.0	262.0	250.0	268.0	206.0	293.0	221.0	304.0	220.0	373.0	183.0	1
72.0	201.0	68.0	217.0	93.0	197.0	155.0	163.0	140.0	177.0	174.0	213.0	170.0	236.0	160.0	253.0	182.0	184.0	202.0	156.0	199.0	196.0	206.0	168.0	228.0	174.0	271.0	177.0	258.0	250.0	267.0	207.0	289.0	221.0	301.0	221.0	368.0	186.0	1
75.0	201.0	70.0	217.0	93.0	199.0	159.0	160.0	140.0	176.0	175.0	213.0	173.0	239.0	164.0	257.0	181.0	183.0	201.0	154.0	199.0	196.0	206.0	166.0	226.0	172.0	268.0	175.0	258.0	252.0	266.0	208.0	289.0	222.0	301.0	221.0	367.0	184.0	1
68.0	200.0	64.0	216.0	94.0	198.0	154.0	161.0	140.0	175.0	172.0	214.0	170.0	238.0	160.0	254.0	177.0	183.0	197.0	156.0	199.0	196.0	202.0	168.0	225.0	173.0	272.0	177.0	264.0	252.0	264.0	203.0	293.0	220.0	306.0	220.0	376.0	181.0	1
78.0	202.0	75.0	214.0	101.0	199.0	158.0	165.0	141.0	180.0	175.0	212.0	173.0	234.0	166.0	251.0	181.0	187.0	202.0	160.0	198.0	198.0	205.0	172.0	224.0	176.0	266.0	179.0	257.0	245.0	265.0	206.0	284.0	219.0	295.0	218.0	365.0	187.0	1
75.0	201.0	71.0	216.0	100.0	197.0	155.0	163.0	141.0	179.0	174.0	212.0	171.0	236.0	163.0	253.0	180.0	185.0	202.0	156.0	200.0	197.0	205.0	169.0	229.0	175.0	268.0	178.0	258.0	250.0	265.0	206.0	287.0	221.0	300.0	220.0	365.0	184.0	1
76.0	202.0	72.0	216.0	97.0	199.0	158.0	163.0	143.0	178.0	176.0	213.0	173.0	237.0	163.0	253.0	179.0	184.0	201.0	157.0	197.0	197.0	204.0	169.0	223.0	175.0	264.0	178.0	255.0	248.0	260.0	207.0	281.0	220.0	294.0	219.0	361.0	185.0	1
77.0	202.0	73.0	216.0	98.0	199.0	155.0	163.0	138.0	179.0	172.0	212.0	171.0	235.0	163.0	251.0	180.0	186.0	202.0	158.0	199.0	198.0	205.0	170.0	225.0	174.0	265.0	178.0	255.0	247.0	265.0	207.0	283.0	218.0	297.0	219.0	366.0	188.0	1
77.0	197.0	72.0	213.0	97.0	196.0	160.0	161.0	142.0	176.0	172.0	211.0	168.0	233.0	161.0	250.0	181.0	184.0	202.0	156.0	196.0	195.0	206.0	168.0	229.0	174.0	265.0	177.0	256.0	248.0	262.0	204.0	286.0	219.0	299.0	219.0	368.0	185.0	1
76.0	202.0	73.0	217.0	97.0	199.0	158.0	161.0	139.0	177.0	173.0	213.0	173.0	237.0	164.0	255.0	178.0	184.0	200.0	156.0	199.0	197.0	203.0	168.0	225.0	174.0	267.0	177.0	256.0	251.0	261.0	205.0	287.0	220.0	300.0	219.0	368.0	187.0	1
72.0	201.0	68.0	218.0	94.0	198.0	156.0	161.0	137.0	178.0	172.0	214.0	170.0	238.0	160.0	255.0	180.0	185.0	202.0	155.0	196.0	196.0	207.0	169.0	227.0	174.0	270.0	178.0	258.0	253.0	267.0	207.0	288.0	221.0	303.0	222.0	372.0	186.0	1
73.0	201.0	68.0	216.0	97.0	198.0	157.0	163.0	142.0	179.0	172.0	213.0	172.0	238.0	164.0	255.0	179.0	185.0	200.0	157.0	195.0	196.0	204.0	169.0	227.0	175.0	267.0	178.0	257.0	251.0	266.0	208.0	285.0	221.0	300.0	221.0	366.0	185.0	1
73.0	199.0	71.0	216.0	98.0	196.0	157.0	162.0	137.0	179.0	173.0	214.0	170.0	237.0	161.0	254.0	181.0	185.0	201.0	156.0	197.0	198.0	207.0	169.0	226.0	174.0	264.0	177.0	254.0	252.0	266.0	208.0	286.0	220.0	300.0	221.0	369.0	183.0	1
72.0	199.0	69.0	214.0	101.0	195.0	159.0	161.0	142.0	177.0	173.0	212.0	171.0	235.0	162.0	251.0	179.0	184.0	200.0	156.0	199.0	197.0	204.0	168.0	222.0	174.0	262.0	176.0	253.0	247.0	261.0	205.0	283.0	218.0	294.0	217.0	364.0	185.0	1
80.0	201.0	76.0	217.0	100.0	199.0	160.0	163.0	142.0	179.0	176.0	213.0	173.0	238.0	165.0	253.0	179.0	185.0	200.0	157.0	199.0	197.0	206.0	170.0	224.0	175.0	263.0	177.0	253.0	247.0	264.0	207.0	283.0	220.0	296.0	220.0	361.0	187.0	1
69.0	197.0	65.0	213.0	92.0	195.0	157.0	160.0	137.0	175.0	171.0	211.0	169.0	234.0	160.0	252.0	180.0	182.0	199.0	152.0	196.0	194.0	204.0	166.0	224.0	171.0	265.0	174.0	258.0	248.0	267.0	204.0	289.0	218.0	302.0	218.0	372.0	182.0	1
76.0	202.0	72.0	216.0	98.0	199.0	155.0	164.0	140.0	179.0	174.0	214.0	173.0	237.0	165.0	252.0	181.0	186.0	200.0	157.0	198.0	198.0	205.0	170.0	224.0	175.0	266.0	178.0	257.0	248.0	261.0	204.0	286.0	220.0	299.0	220.0	364.0	185.0	1
76.0	202.0	71.0	217.0	96.0	199.0	153.0	163.0	138.0	179.0	173.0	215.0	172.0	238.0	164.0	254.0	174.0	185.0	200.0	157.0	197.0	198.0	204.0	169.0	226.0	176.0	268.0	179.0	256.0	250.0	265.0	207.0	284.0	220.0	299.0	220.0	371.0	184.0	1
76.0	201.0	72.0	217.0	97.0	198.0	158.0	161.0	140.0	177.0	173.0	214.0	171.0	238.0	163.0	255.0	179.0	184.0	200.0	156.0	198.0	197.0	205.0	169.0	225.0	175.0	265.0	179.0	258.0	249.0	263.0	207.0	284.0	220.0	296.0	219.0	362.0	189.0	1
79.0	203.0	76.0	219.0	98.0	199.0	156.0	162.0	139.0	178.0	174.0	213.0	174.0	236.0	164.0	252.0	181.0	184.0	201.0	156.0	198.0	196.0	206.0	169.0	227.0	175.0	266.0	177.0	256.0	250.0	262.0	204.0	288.0	220.0	301.0	220.0	365.0	186.0	1
55.0	199.0	52.0	217.0	82.0	197.0	149.0	157.0	130.0	174.0	170.0	214.0	166.0	242.0	158.0	260.0	179.0	182.0	202.0	150.0	198.0	195.0	208.0	165.0	231.0	172.0	279.0	175.0	267.0	256.0	273.0	206.0	299.0	223.0	315.0	223.0	394.0	184.0	1
68.0	200.0	63.0	216.0	95.0	198.0	154.0	162.0	141.0	176.0	173.0	212.0	171.0	237.0	158.0	255.0	178.0	183.0	202.0	155.0	197.0	196.0	206.0	168.0	226.0	174.0	267.0	176.0	259.0	252.0	268.0	206.0	291.0	221.0	305.0	221.0	374.0	183.0	1
75.0	200.0	72.0	215.0	97.0	198.0	158.0	163.0	139.0	180.0	173.0	213.0	172.0	236.0	166.0	253.0	182.0	186.0	201.0	156.0	197.0	197.0	207.0	170.0	229.0	177.0	268.0	179.0	261.0	249.0	263.0	205.0	287.0	220.0	299.0	219.0	373.0	184.0	1
76.0	201.0	70.0	216.0	94.0	198.0	155.0	162.0	138.0	177.0	173.0	213.0	172.0	237.0	164.0	256.0	181.0	184.0	202.0	156.0	196.0	195.0	207.0	169.0	226.0	174.0	266.0	176.0	262.0	250.0	262.0	206.0	288.0	220.0	301.0	220.0	369.0	184.0	1
72.0	200.0	68.0	216.0	92.0	198.0	155.0	161.0	139.0	176.0	174.0	213.0	170.0	236.0	160.0	254.0	178.0	184.0	202.0	155.0	199.0	197.0	206.0	167.0	230.0	174.0	269.0	177.0	258.0	252.0	265.0	207.0	289.0	222.0	301.0	221.0	365.0	182.0	1
71.0	200.0	68.0	215.0	94.0	197.0	156.0	163.0	141.0	177.0	175.0	214.0	170.0	236.0	161.0	252.0	181.0	184.0	202.0	156.0	198.0	196.0	207.0	169.0	230.0	175.0	269.0	178.0	258.0	250.0	265.0	206.0	286.0	220.0	302.0	221.0	367.0	183.0	1
77.0	200.0	76.0	216.0	99.0	198.0	158.0	163.0	138.0	180.0	175.0	214.0	172.0	236.0	164.0	253.0	183.0	187.0	200.0	158.0	194.0	196.0	205.0	170.0	227.0	177.0	268.0	179.0	259.0	248.0	264.0	206.0	287.0	221.0	299.0	220.0	370.0	185.0	1
77.0	202.0	72.0	216.0	99.0	200.0	156.0	164.0	140.0	179.0	174.0	211.0	174.0	236.0	167.0	251.0	183.0	187.0	197.0	158.0	195.0	196.0	203.0	171.0	225.0	176.0	266.0	178.0	255.0	247.0	264.0	205.0	286.0	219.0	299.0	219.0	368.0	186.0	1
74.0	199.0	72.0	216.0	96.0	197.0	157.0	161.0	141.0	177.0	173.0	213.0	170.0	236.0	160.0	254.0	180.0	184.0	202.0	154.0	197.0	197.0	208.0	167.0	228.0	173.0	268.0	177.0	254.0	251.0	261.0	207.0	284.0	221.0	296.0	221.0	368.0	186.0	1
76.0	198.0	73.0	214.0	99.0	195.0	157.0	161.0	139.0	176.0	173.0	210.0	171.0	233.0	162.0	251.0	181.0	183.0	201.0	155.0	197.0	195.0	205.0	167.0	226.0	174.0	271.0	177.0	256.0	247.0	262.0	204.0	285.0	218.0	299.0	218.0	365.0	186.0	1
74.0	200.0	69.0	215.0	97.0	197.0	157.0	162.0	140.0	177.0	172.0	213.0	169.0	237.0	160.0	254.0	178.0	184.0	202.0	156.0	198.0	197.0	205.0	169.0	229.0	176.0	268.0	179.0	256.0	252.0	264.0	207.0	286.0	220.0	298.0	220.0	370.0	185.0	1
76.0	201.0	72.0	217.0	96.0	198.0	157.0	162.0	141.0	179.0	177.0	214.0	174.0	238.0	164.0	254.0	181.0	184.0	200.0	156.0	201.0	197.0	203.0	167.0	225.0	174.0	264.0	177.0	256.0	251.0	264.0	206.0	287.0	220.0	299.0	220.0	367.0	185.0	1
69.0	201.0	64.0	216.0	91.0	197.0	153.0	162.0	136.0	177.0	171.0	212.0	168.0	237.0	159.0	254.0	177.0	184.0	200.0	154.0	198.0	198.0	205.0	168.0	230.0	175.0	270.0	178.0	259.0	252.0	265.0	205.0	292.0	222.0	306.0	222.0	377.0	183.0	1
70.0	201.0	65.0	216.0	93.0	198.0	155.0	162.0	137.0	178.0	172.0	213.0	170.0	236.0	159.0	254.0	179.0	184.0	200.0	155.0	198.0	198.0	205.0	167.0	228.0	172.0	271.0	176.0	259.0	250.0	268.0	207.0	291.0	221.0	303.0	221.0	376.0	187.0	1
78.0	201.0	73.0	215.0	99.0	199.0	158.0	164.0	140.0	180.0	173.0	214.0	171.0	237.0	162.0	252.0	178.0	186.0	199.0	158.0	197.0	197.0	203.0	170.0	224.0	175.0	268.0	178.0	258.0	249.0	263.0	205.0	287.0	219.0	302.0	219.0	370.0	187.0	1
63.0	202.0	59.0	219.0	87.0	199.0	151.0	160.0	133.0	176.0	170.0	213.0	168.0	239.0	157.0	259.0	177.0	182.0	202.0	154.0	194.0	195.0	206.0	167.0	228.0	173.0	274.0	176.0	265.0	254.0	270.0	204.0	298.0	222.0	313.0	222.0	389.0	186.0	1
72.0	200.0	67.0	216.0	93.0	198.0	158.0	161.0	139.0	179.0	172.0	214.0	171.0	238.0	162.0	255.0	178.0	184.0	204.0	154.0	199.0	198.0	208.0	167.0	231.0	174.0	269.0	177.0	259.0	253.0	266.0	207.0	290.0	222.0	304.0	223.0	370.0	183.0	1
73.0	201.0	70.0	217.0	96.0	198.0	157.0	162.0	141.0	178.0	173.0	214.0	170.0	237.0	159.0	253.0	179.0	184.0	201.0	155.0	197.0	197.0	205.0	168.0	226.0	174.0	269.0	178.0	256.0	251.0	265.0	208.0	287.0	222.0	299.0	221.0	371.0	185.0	1
76.0	202.0	72.0	216.0	95.0	199.0	153.0	163.0	139.0	179.0	172.0	212.0	170.0	236.0	161.0	251.0	183.0	186.0	199.0	157.0	197.0	196.0	205.0	170.0	227.0	175.0	265.0	178.0	256.0	250.0	264.0	206.0	286.0	220.0	297.0	220.0	368.0	187.0	1
74.0	200.0	69.0	212.0	97.0	197.0	156.0	163.0	140.0	178.0	173.0	213.0	170.0	235.0	160.0	253.0	181.0	186.0	200.0	157.0	197.0	196.0	203.0	169.0	226.0	175.0	266.0	178.0	254.0	249.0	263.0	207.0	284.0	220.0	297.0	220.0	367.0	183.0	1
71.0	200.0	67.0	215.0	98.0	197.0	155.0	162.0	139.0	177.0	172.0	212.0	169.0	235.0	160.0	253.0	177.0	185.0	199.0	157.0	198.0	198.0	204.0	168.0	224.0	175.0	267.0	177.0	257.0	249.0	267.0	207.0	286.0	219.0	301.0	218.0	371.0	183.0	1
73.0	200.0	69.0	215.0	94.0	198.0	157.0	162.0	140.0	178.0	172.0	212.0	170.0	235.0	161.0	253.0	181.0	185.0	200.0	157.0	199.0	196.0	206.0	169.0	225.0	175.0	264.0	177.0	255.0	248.0	265.0	207.0	287.0	220.0	300.0	220.0	368.0	186.0	1
71.0	200.0	68.0	215.0	97.0	197.0	156.0	163.0	137.0	179.0	174.0	213.0	171.0	236.0	161.0	252.0	182.0	185.0	200.0	156.0	197.0	196.0	205.0	169.0	230.0	176.0	269.0	178.0	257.0	250.0	265.0	205.0	287.0	220.0	299.0	220.0	367.0	183.0	1
69.0	201.0	64.0	219.0	92.0	199.0	155.0	159.0	136.0	176.0	172.0	213.0	171.0	241.0	161.0	257.0	177.0	183.0	199.0	152.0	196.0	196.0	204.0	165.0	224.0	170.0	268.0	174.0	258.0	255.0	266.0	207.0	291.0	223.0	303.0	222.0	375.0	184.0	1
71.0	201.0	65.0	216.0	92.0	199.0	155.0	160.0	137.0	176.0	172.0	214.0	168.0	238.0	158.0	255.0	176.0	182.0	202.0	153.0	197.0	195.0	206.0	164.0	225.0	171.0	266.0	175.0	261.0	251.0	264.0	205.0	290.0	221.0	302.0	221.0	374.0	186.0	1
72.0	201.0	69.0	217.0	97.0	198.0	157.0	163.0	140.0	179.0	174.0	213.0	171.0	236.0	161.0	254.0	181.0	184.0	201.0	157.0	199.0	197.0	205.0	169.0	226.0	175.0	266.0	177.0	255.0	249.0	266.0	207.0	285.0	220.0	299.0	221.0	365.0	184.0	1
74.0	201.0	70.0	216.0	100.0	198.0	157.0	163.0	142.0	178.0	174.0	214.0	170.0	237.0	162.0	254.0	183.0	186.0	201.0	157.0	199.0	197.0	205.0	170.0	224.0	175.0	265.0	178.0	255.0	251.0	263.0	206.0	286.0	221.0	300.0	220.0	369.0	186.0	1
71.0	200.0	65.0	216.0	92.0	198.0	157.0	162.0	141.0	176.0	172.0	214.0	171.0	237.0	161.0	255.0	181.0	185.0	201.0	156.0	199.0	198.0	207.0	168.0	229.0	175.0	269.0	179.0	257.0	250.0	260.0	205.0	289.0	221.0	299.0	220.0	368.0	186.0	1
75.0	201.0	71.0	215.0	99.0	199.0	159.0	164.0	143.0	179.0	172.0	213.0	170.0	234.0	164.0	250.0	183.0	186.0	198.0	160.0	195.0	196.0	202.0	170.0	222.0	176.0	263.0	178.0	256.0	245.0	263.0	207.0	282.0	219.0	294.0	217.0	362.0	185.0	1
67.0	200.0	63.0	215.0	91.0	197.0	157.0	160.0	139.0	176.0	172.0	213.0	169.0	237.0	159.0	256.0	180.0	183.0	204.0	155.0	197.0	195.0	209.0	167.0	234.0	175.0	270.0	178.0	256.0	253.0	267.0	208.0	287.0	222.0	299.0	222.0	373.0	186.0	1
78.0	202.0	74.0	216.0	99.0	199.0	156.0	164.0	141.0	179.0	174.0	213.0	172.0	236.0	165.0	252.0	177.0	185.0	199.0	158.0	195.0	196.0	203.0	171.0	223.0	176.0	267.0	179.0	258.0	248.0	263.0	205.0	285.0	219.0	297.0	218.0	366.0	186.0	1
74.0	202.0	70.0	219.0	97.0	199.0	156.0	160.0	139.0	175.0	173.0	212.0	171.0	237.0	163.0	255.0	182.0	183.0	199.0	152.0	196.0	195.0	205.0	166.0	225.0	172.0	269.0	176.0	256.0	253.0	266.0	206.0	290.0	222.0	304.0	222.0	373.0	184.0	1
74.0	201.0	71.0	216.0	97.0	199.0	156.0	163.0	138.0	180.0	173.0	213.0	171.0	236.0	162.0	253.0	178.0	184.0	201.0	155.0	198.0	197.0	205.0	168.0	227.0	174.0	266.0	177.0	256.0	248.0	263.0	204.0	287.0	220.0	300.0	219.0	370.0	184.0	1
71.0	199.0	68.0	214.0	96.0	197.0	156.0	161.0	138.0	177.0	174.0	214.0	171.0	237.0	164.0	253.0	181.0	185.0	200.0	154.0	197.0	195.0	204.0	167.0	226.0	173.0	267.0	176.0	259.0	250.0	267.0	205.0	290.0	219.0	302.0	218.0	375.0	183.0	1
78.0	200.0	72.0	216.0	97.0	199.0	159.0	161.0	143.0	178.0	173.0	213.0	174.0	238.0	165.0	254.0	180.0	185.0	199.0	155.0	195.0	195.0	205.0	169.0	224.0	174.0	264.0	176.0	252.0	251.0	260.0	205.0	285.0	221.0	298.0	220.0	368.0	186.0	1
80.0	201.0	77.0	216.0	103.0	198.0	160.0	163.0	143.0	179.0	176.0	214.0	173.0	237.0	164.0	254.0	181.0	184.0	203.0	157.0	198.0	196.0	206.0	168.0	225.0	174.0	265.0	176.0	258.0	250.0	264.0	206.0	287.0	221.0	298.0	220.0	364.0	186.0	1
73.0	201.0	68.0	217.0	91.0	199.0	154.0	162.0	138.0	178.0	172.0	214.0	168.0	237.0	162.0	254.0	180.0	185.0	200.0	156.0	197.0	197.0	203.0	168.0	226.0	174.0	266.0	177.0	262.0	253.0	266.0	206.0	292.0	222.0	303.0	220.0	367.0	182.0	1
73.0	200.0	70.0	216.0	97.0	197.0	157.0	163.0	140.0	177.0	173.0	212.0	170.0	235.0	163.0	251.0	183.0	185.0	202.0	158.0	197.0	195.0	205.0	169.0	226.0	175.0	264.0	178.0	255.0	248.0	264.0	206.0	284.0	219.0	296.0	218.0	369.0	189.0	1
71.0	202.0	68.0	219.0	94.0	199.0	155.0	160.0	137.0	177.0	171.0	215.0	170.0	239.0	160.0	256.0	176.0	184.0	201.0	153.0	195.0	196.0	206.0	167.0	227.0	173.0	269.0	177.0	256.0	253.0	266.0	208.0	287.0	222.0	302.0	222.0	375.0	187.0	1
71.0	200.0	65.0	216.0	95.0	198.0	158.0	161.0	141.0	176.0	172.0	213.0	169.0	237.0	158.0	256.0	182.0	184.0	200.0	154.0	198.0	196.0	206.0	167.0	226.0	173.0	268.0	177.0	259.0	250.0	265.0	205.0	289.0	221.0	303.0	221.0	370.0	188.0	1
66.0	202.0	62.0	219.0	91.0	198.0	153.0	161.0	137.0	176.0	173.0	213.0	172.0	239.0	164.0	258.0	179.0	183.0	199.0	153.0	197.0	195.0	204.0	166.0	227.0	172.0	277.0	177.0	260.0	250.0	269.0	206.0	290.0	220.0	304.0	220.0	377.0	190.0	1
74.0	197.0	69.0	213.0	94.0	195.0	152.0	158.0	136.0	173.0	170.0	210.0	167.0	234.0	159.0	251.0	180.0	181.0	202.0	153.0	199.0	194.0	204.0	165.0	228.0	173.0	269.0	176.0	252.0	248.0	261.0	204.0	284.0	219.0	297.0	220.0	368.0	189.0	1
73.0	196.0	70.0	209.0	93.0	194.0	156.0	158.0	139.0	174.0	171.0	209.0	168.0	232.0	160.0	249.0	178.0	181.0	200.0	154.0	194.0	192.0	203.0	165.0	228.0	173.0	268.0	177.0	252.0	246.0	263.0	204.0	281.0	217.0	294.0	218.0	365.0	186.0	1
75.0	201.0	72.0	217.0	96.0	199.0	157.0	162.0	139.0	178.0	173.0	213.0	170.0	237.0	161.0	254.0	179.0	184.0	202.0	156.0	199.0	196.0	207.0	168.0	227.0	174.0	268.0	178.0	254.0	251.0	262.0	206.0	286.0	222.0	298.0	221.0	367.0	186.0	1
74.0	201.0	69.0	216.0	99.0	198.0	157.0	163.0	141.0	178.0	172.0	214.0	172.0	238.0	164.0	255.0	180.0	185.0	201.0	157.0	195.0	195.0	206.0	170.0	224.0	175.0	267.0	178.0	256.0	247.0	264.0	206.0	284.0	220.0	298.0	220.0	369.0	187.0	1
71.0	202.0	67.0	217.0	92.0	199.0	156.0	162.0	140.0	178.0	172.0	212.0	173.0	237.0	164.0	254.0	179.0	184.0	199.0	155.0	197.0	197.0	206.0	169.0	227.0	175.0	269.0	178.0	260.0	248.0	267.0	205.0	292.0	219.0	305.0	219.0	373.0	187.0	1
73.0	201.0	69.0	215.0	96.0	198.0	158.0	162.0	142.0	177.0	174.0	214.0	172.0	237.0	163.0	254.0	182.0	185.0	203.0	156.0	200.0	198.0	206.0	168.0	226.0	175.0	267.0	178.0	255.0	250.0	265.0	207.0	285.0	221.0	299.0	221.0	367.0	186.0	1
79.0	201.0	74.0	216.0	98.0	199.0	158.0	161.0	140.0	178.0	174.0	213.0	172.0	237.0	164.0	254.0	182.0	185.0	201.0	154.0	197.0	196.0	206.0	168.0	225.0	172.0	262.0	175.0	259.0	251.0	263.0	205.0	287.0	220.0	298.0	220.0	369.0	183.0	1
74.0	201.0	69.0	217.0	97.0	197.0	156.0	160.0	139.0	177.0	172.0	213.0	169.0	238.0	161.0	254.0	180.0	183.0	203.0	154.0	197.0	196.0	207.0	166.0	227.0	173.0	268.0	177.0	253.0	250.0	262.0	206.0	284.0	221.0	297.0	222.0	369.0	187.0	1
76.0	201.0	72.0	216.0	98.0	198.0	159.0	162.0	140.0	179.0	175.0	214.0	171.0	237.0	164.0	253.0	181.0	185.0	200.0	157.0	199.0	197.0	205.0	169.0	227.0	175.0	267.0	177.0	256.0	249.0	264.0	206.0	287.0	220.0	300.0	220.0	369.0	186.0	1
75.0	196.0	73.0	213.0	96.0	194.0	156.0	160.0	141.0	174.0	172.0	210.0	168.0	235.0	159.0	252.0	180.0	182.0	203.0	155.0	198.0	196.0	204.0	167.0	226.0	174.0	264.0	178.0	256.0	249.0	259.0	203.0	284.0	220.0	295.0	219.0	365.0	187.0	1
74.0	202.0	71.0	217.0	96.0	199.0	157.0	163.0	141.0	178.0	174.0	211.0	173.0	236.0	165.0	253.0	181.0	185.0	199.0	158.0	201.0	198.0	204.0	170.0	225.0	176.0	265.0	179.0	256.0	246.0	262.0	205.0	284.0	219.0	297.0	219.0	366.0	189.0	1
72.0	199.0	69.0	214.0	98.0	198.0	157.0	162.0	140.0	178.0	175.0	213.0	171.0	236.0	162.0	253.0	180.0	184.0	200.0	156.0	200.0	197.0	207.0	169.0	227.0	174.0	264.0	176.0	256.0	251.0	262.0	206.0	285.0	220.0	299.0	220.0	365.0	184.0	1
74.0	201.0	71.0	216.0	96.0	199.0	158.0	162.0	142.0	178.0	175.0	213.0	170.0	237.0	162.0	253.0	181.0	186.0	200.0	156.0	196.0	196.0	205.0	169.0	226.0	174.0	266.0	177.0	255.0	248.0	265.0	207.0	285.0	221.0	299.0	220.0	371.0	189.0	1
71.0	200.0	67.0	215.0	94.0	197.0	156.0	161.0	137.0	176.0	171.0	212.0	169.0	236.0	159.0	255.0	178.0	183.0	201.0	154.0	194.0	195.0	204.0	167.0	225.0	173.0	270.0	177.0	262.0	250.0	265.0	205.0	289.0	220.0	303.0	219.0	373.0	185.0	1
75.0	199.0	71.0	215.0	96.0	196.0	157.0	161.0	141.0	176.0	173.0	213.0	170.0	236.0	160.0	255.0	182.0	184.0	202.0	155.0	198.0	196.0	207.0	168.0	226.0	174.0	269.0	179.0	252.0	250.0	262.0	206.0	284.0	220.0	297.0	220.0	368.0	187.0	1
61.0	201.0	56.0	217.0	85.0	198.0	151.0	159.0	135.0	176.0	170.0	213.0	167.0	238.0	158.0	257.0	178.0	184.0	199.0	153.0	196.0	197.0	205.0	167.0	226.0	173.0	268.0	175.0	263.0	253.0	265.0	204.0	295.0	223.0	307.0	222.0	383.0	183.0	1
77.0	201.0	73.0	217.0	96.0	199.0	156.0	160.0	138.0	177.0	175.0	214.0	172.0	237.0	164.0	254.0	179.0	183.0	201.0	155.0	198.0	196.0	206.0	167.0	229.0	174.0	265.0	175.0	258.0	251.0	264.0	205.0	289.0	221.0	301.0	220.0	369.0	183.0	1
76.0	202.0	73.0	216.0	97.0	200.0	156.0	163.0	138.0	180.0	173.0	213.0	172.0	237.0	164.0	252.0	176.0	185.0	200.0	158.0	196.0	197.0	205.0	171.0	225.0	176.0	269.0	178.0	259.0	249.0	263.0	205.0	288.0	220.0	300.0	220.0	367.0	186.0	1
79.0	202.0	76.0	216.0	99.0	200.0	156.0	166.0	140.0	181.0	173.0	213.0	170.0	234.0	163.0	250.0	178.0	186.0	200.0	159.0	196.0	196.0	204.0	171.0	227.0	177.0	264.0	179.0	257.0	247.0	263.0	206.0	284.0	219.0	298.0	219.0	364.0	185.0	1
75.0	201.0	71.0	217.0	98.0	198.0	155.0	163.0	141.0	178.0	175.0	214.0	172.0	238.0	164.0	254.0	179.0	184.0	199.0	156.0	196.0	195.0	205.0	168.0	226.0	174.0	269.0	177.0	255.0	250.0	263.0	205.0	285.0	220.0	300.0	221.0	367.0	186.0	1
76.0	200.0	72.0	216.0	98.0	199.0	156.0	163.0	139.0	179.0	174.0	214.0	172.0	237.0	163.0	255.0	179.0	184.0	201.0	156.0	200.0	198.0	206.0	169.0	225.0	174.0	261.0	177.0	258.0	250.0	264.0	207.0	286.0	220.0	300.0	220.0	366.0	183.0	1
76.0	201.0	71.0	216.0	100.0	198.0	159.0	162.0	142.0	178.0	173.0	214.0	170.0	236.0	164.0	253.0	180.0	184.0	203.0	157.0	199.0	197.0	207.0	168.0	227.0	175.0	266.0	177.0	258.0	249.0	266.0	207.0	286.0	220.0	299.0	219.0	366.0	185.0	1
76.0	202.0	71.0	216.0	98.0	199.0	157.0	164.0	142.0	180.0	174.0	214.0	172.0	237.0	165.0	253.0	181.0	186.0	200.0	157.0	198.0	198.0	206.0	171.0	226.0	176.0	266.0	178.0	255.0	250.0	262.0	205.0	285.0	221.0	298.0	221.0	365.0	187.0	1
76.0	201.0	72.0	215.0	95.0	198.0	156.0	163.0	140.0	177.0	174.0	213.0	171.0	236.0	161.0	252.0	181.0	184.0	202.0	157.0	200.0	197.0	207.0	168.0	229.0	175.0	270.0	177.0	256.0	249.0	265.0	207.0	284.0	220.0	300.0	220.0	365.0	186.0	1
75.0	201.0	70.0	216.0	96.0	198.0	156.0	163.0	142.0	178.0	174.0	214.0	170.0	238.0	162.0	253.0	182.0	185.0	199.0	157.0	198.0	196.0	203.0	169.0	226.0	174.0	266.0	177.0	255.0	250.0	263.0	207.0	286.0	221.0	299.0	220.0	364.0	185.0	1
76.0	201.0	73.0	216.0	95.0	198.0	156.0	162.0	139.0	180.0	174.0	212.0	172.0	237.0	163.0	255.0	181.0	185.0	200.0	156.0	198.0	196.0	206.0	169.0	227.0	175.0	261.0	177.0	258.0	251.0	261.0	205.0	288.0	221.0	300.0	220.0	366.0	185.0	1
77.0	201.0	73.0	216.0	97.0	199.0	158.0	163.0	143.0	178.0	175.0	214.0	172.0	237.0	164.0	253.0	183.0	184.0	200.0	157.0	199.0	196.0	204.0	169.0	225.0	175.0	267.0	178.0	257.0	250.0	261.0	205.0	286.0	222.0	298.0	220.0	364.0	186.0	1
77.0	201.0	74.0	217.0	98.0	198.0	157.0	162.0	141.0	177.0	172.0	213.0	169.0	236.0	162.0	253.0	181.0	185.0	201.0	155.0	198.0	196.0	205.0	168.0	226.0	173.0	267.0	177.0	254.0	250.0	265.0	208.0	283.0	221.0	296.0	221.0	362.0	186.0	1
77.0	201.0	74.0	217.0	95.0	198.0	157.0	163.0	141.0	178.0	174.0	212.0	171.0	236.0	163.0	253.0	182.0	186.0	199.0	157.0	196.0	196.0	204.0	170.0	224.0	175.0	267.0	178.0	256.0	248.0	261.0	204.0	286.0	219.0	298.0	219.0	368.0	188.0	1
73.0	203.0	68.0	217.0	95.0	200.0	155.0	163.0	138.0	180.0	172.0	214.0	170.0	238.0	163.0	252.0	177.0	185.0	198.0	157.0	195.0	196.0	203.0	169.0	224.0	174.0	273.0	177.0	260.0	249.0	267.0	206.0	288.0	220.0	302.0	220.0	368.0	185.0	1
76.0	201.0	71.0	215.0	96.0	198.0	158.0	160.0	139.0	178.0	172.0	214.0	170.0	238.0	163.0	253.0	179.0	185.0	202.0	156.0	199.0	199.0	207.0	169.0	227.0	175.0	267.0	177.0	260.0	250.0	265.0	207.0	286.0	221.0	298.0	220.0	369.0	185.0	1
79.0	201.0	75.0	215.0	98.0	198.0	157.0	163.0	140.0	180.0	177.0	213.0	173.0	235.0	165.0	251.0	180.0	185.0	200.0	157.0	199.0	196.0	204.0	169.0	224.0	175.0	266.0	178.0	255.0	248.0	261.0	204.0	286.0	220.0	299.0	219.0	363.0	186.0	1
76.0	198.0	72.0	215.0	99.0	196.0	159.0	161.0	143.0	176.0	174.0	210.0	170.0	233.0	161.0	250.0	180.0	183.0	204.0	156.0	198.0	195.0	207.0	167.0	230.0	174.0	267.0	176.0	257.0	247.0	265.0	204.0	286.0	219.0	297.0	219.0	366.0	186.0	1
72.0	202.0	69.0	217.0	98.0	198.0	157.0	162.0	141.0	179.0	173.0	214.0	171.0	236.0	163.0	253.0	180.0	185.0	199.0	156.0	198.0	197.0	204.0	169.0	227.0	175.0	271.0	178.0	260.0	248.0	265.0	206.0	286.0	220.0	299.0	219.0	373.0	188.0	1
78.0	202.0	74.0	215.0	102.0	199.0	157.0	165.0	143.0	180.0	172.0	213.0	169.0	235.0	161.0	250.0	182.0	187.0	203.0	159.0	198.0	198.0	207.0	171.0	229.0	177.0	264.0	180.0	251.0	249.0	263.0	208.0	280.0	219.0	292.0	220.0	362.0	187.0	1
77.0	200.0	73.0	216.0	101.0	197.0	156.0	163.0	140.0	179.0	175.0	213.0	171.0	237.0	164.0	254.0	179.0	185.0	201.0	157.0	198.0	197.0	205.0	170.0	226.0	175.0	266.0	177.0	257.0	248.0	264.0	206.0	286.0	220.0	299.0	219.0	364.0	185.0	1
73.0	200.0	69.0	216.0	93.0	198.0	155.0	161.0	141.0	177.0	172.0	213.0	170.0	237.0	160.0	254.0	179.0	184.0	202.0	155.0	199.0	198.0	205.0	167.0	226.0	174.0	267.0	178.0	255.0	252.0	263.0	207.0	286.0	222.0	299.0	221.0	369.0	184.0	1
79.0	199.0	74.0	214.0	100.0	197.0	158.0	164.0	141.0	179.0	173.0	214.0	169.0	236.0	160.0	252.0	179.0	185.0	200.0	158.0	198.0	197.0	205.0	170.0	224.0	175.0	265.0	179.0	255.0	250.0	261.0	207.0	284.0	220.0	296.0	219.0	362.0	185.0	1
72.0	201.0	68.0	218.0	96.0	198.0	155.0	160.0	140.0	176.0	173.0	213.0	172.0	238.0	163.0	256.0	180.0	184.0	197.0	154.0	196.0	196.0	202.0	167.0	224.0	173.0	270.0	176.0	255.0	251.0	265.0	207.0	288.0	221.0	299.0	220.0	370.0	184.0	1
71.0	201.0	68.0	216.0	94.0	199.0	157.0	161.0	138.0	178.0	173.0	213.0	171.0	238.0	162.0	255.0	182.0	184.0	200.0	154.0	198.0	196.0	206.0	167.0	228.0	173.0	267.0	177.0	258.0	252.0	264.0	205.0	289.0	221.0	301.0	221.0	371.0	186.0	1
71.0	202.0	67.0	219.0	92.0	199.0	153.0	162.0	136.0	177.0	172.0	213.0	169.0	236.0	160.0	256.0	182.0	184.0	201.0	154.0	202.0	197.0	206.0	168.0	231.0	174.0	269.0	177.0	259.0	252.0	268.0	207.0	291.0	222.0	304.0	222.0	370.0	187.0	1
76.0	202.0	73.0	217.0	97.0	199.0	156.0	162.0	140.0	178.0	174.0	213.0	170.0	237.0	160.0	253.0	179.0	184.0	201.0	156.0	198.0	195.0	205.0	168.0	226.0	174.0	270.0	177.0	259.0	251.0	264.0	205.0	287.0	221.0	301.0	221.0	371.0	187.0	1
71.0	200.0	69.0	216.0	97.0	198.0	159.0	163.0	141.0	178.0	173.0	212.0	169.0	235.0	159.0	252.0	183.0	185.0	204.0	156.0	197.0	196.0	208.0	169.0	229.0	174.0	267.0	178.0	259.0	248.0	267.0	206.0	288.0	220.0	300.0	219.0	374.0	188.0	1
70.0	200.0	66.0	216.0	96.0	197.0	157.0	160.0	139.0	177.0	172.0	213.0	170.0	237.0	160.0	255.0	178.0	184.0	201.0	155.0	197.0	197.0	207.0	168.0	230.0	174.0	271.0	177.0	258.0	251.0	271.0	209.0	289.0	221.0	302.0	220.0	374.0	183.0	1
75.0	200.0	71.0	214.0	97.0	198.0	159.0	163.0	142.0	178.0	177.0	213.0	174.0	236.0	164.0	252.0	181.0	185.0	202.0	159.0	201.0	198.0	206.0	170.0	228.0	175.0	263.0	178.0	257.0	248.0	264.0	205.0	286.0	219.0	296.0	218.0	364.0	186.0	1
78.0	201.0	72.0	214.0	100.0	199.0	157.0	163.0	140.0	180.0	174.0	211.0	175.0	236.0	169.0	253.0	184.0	188.0	199.0	158.0	193.0	195.0	205.0	171.0	223.0	175.0	261.0	177.0	260.0	246.0	259.0	203.0	284.0	218.0	296.0	217.0	362.0	187.0	1
72.0	200.0	69.0	217.0	94.0	198.0	155.0	161.0	137.0	178.0	175.0	212.0	173.0	237.0	163.0	253.0	182.0	184.0	203.0	155.0	201.0	196.0	206.0	167.0	228.0	174.0	265.0	176.0	257.0	248.0	264.0	205.0	286.0	220.0	297.0	220.0	368.0	187.0	1
78.0	202.0	73.0	216.0	100.0	199.0	155.0	164.0	140.0	179.0	173.0	213.0	170.0	236.0	163.0	252.0	181.0	187.0	198.0	158.0	197.0	197.0	203.0	170.0	225.0	176.0	266.0	178.0	254.0	248.0	261.0	206.0	283.0	220.0	298.0	220.0	366.0	186.0	1
72.0	201.0	65.0	216.0	97.0	197.0	156.0	161.0	141.0	176.0	171.0	214.0	168.0	238.0	159.0	255.0	183.0	185.0	200.0	155.0	194.0	194.0	205.0	167.0	227.0	173.0	266.0	176.0	255.0	252.0	265.0	206.0	287.0	221.0	301.0	222.0	369.0	185.0	1
73.0	199.0	68.0	217.0	97.0	196.0	156.0	160.0	136.0	177.0	170.0	214.0	166.0	238.0	159.0	256.0	179.0	183.0	205.0	153.0	197.0	196.0	209.0	166.0	228.0	173.0	268.0	176.0	257.0	251.0	267.0	207.0	288.0	221.0	301.0	221.0	372.0	185.0	1
76.0	199.0	72.0	215.0	99.0	196.0	156.0	162.0	139.0	177.0	171.0	212.0	169.0	236.0	161.0	253.0	176.0	184.0	201.0	155.0	195.0	196.0	204.0	168.0	225.0	173.0	273.0	177.0	256.0	249.0	270.0	209.0	287.0	220.0	300.0	220.0	373.0	184.0	1
68.0	200.0	64.0	215.0	90.0	197.0	155.0	161.0	140.0	176.0	172.0	213.0	168.0	238.0	158.0	255.0	179.0	183.0	201.0	154.0	199.0	197.0	207.0	167.0	229.0	173.0	269.0	176.0	258.0	252.0	266.0	205.0	289.0	221.0	302.0	220.0	375.0	184.0	1
77.0	201.0	74.0	218.0	98.0	198.0	158.0	163.0	141.0	179.0	175.0	214.0	173.0	237.0	164.0	253.0	181.0	186.0	198.0	157.0	195.0	196.0	204.0	170.0	226.0	176.0	265.0	178.0	257.0	250.0	264.0	205.0	287.0	219.0	302.0	219.0	369.0	187.0	1
70.0	201.0	65.0	218.0	93.0	198.0	156.0	161.0	142.0	175.0	173.0	214.0	168.0	238.0	159.0	255.0	179.0	182.0	201.0	154.0	200.0	196.0	205.0	167.0	229.0	174.0	265.0	177.0	255.0	252.0	263.0	207.0	285.0	221.0	299.0	221.0	367.0	187.0	1
74.0	201.0	70.0	214.0	100.0	197.0	156.0	163.0	141.0	178.0	172.0	213.0	169.0	236.0	161.0	252.0	183.0	186.0	198.0	158.0	197.0	197.0	203.0	170.0	228.0	176.0	267.0	178.0	254.0	249.0	266.0	207.0	285.0	219.0	298.0	218.0	371.0	186.0	1
72.0	199.0	65.0	216.0	93.0	197.0	155.0	159.0	136.0	176.0	173.0	215.0	169.0	241.0	161.0	259.0	180.0	183.0	203.0	152.0	199.0	196.0	208.0	164.0	229.0	171.0	268.0	175.0	258.0	254.0	265.0	206.0	290.0	222.0	302.0	222.0	377.0	185.0	1
73.0	199.0	69.0	216.0	94.0	197.0	159.0	160.0	139.0	178.0	173.0	214.0	168.0	238.0	158.0	254.0	178.0	183.0	203.0	154.0	200.0	197.0	208.0	167.0	227.0	173.0	264.0	177.0	257.0	253.0	263.0	207.0	288.0	222.0	300.0	221.0	371.0	186.0	1
72.0	202.0	67.0	217.0	96.0	199.0	156.0	161.0	139.0	178.0	171.0	212.0	171.0	237.0	162.0	254.0	180.0	185.0	201.0	155.0	195.0	196.0	206.0	168.0	226.0	173.0	271.0	178.0	257.0	251.0	266.0	207.0	285.0	221.0	298.0	221.0	371.0	187.0	1
76.0	200.0	71.0	218.0	95.0	198.0	158.0	161.0	139.0	176.0	172.0	213.0	171.0	238.0	163.0	258.0	179.0	183.0	200.0	156.0	196.0	195.0	204.0	168.0	222.0	173.0	265.0	176.0	255.0	252.0	261.0	206.0	284.0	222.0	299.0	222.0	363.0	185.0	1
75.0	202.0	72.0	217.0	97.0	199.0	158.0	163.0	139.0	179.0	171.0	212.0	171.0	237.0	162.0	253.0	179.0	186.0	198.0	157.0	195.0	197.0	203.0	170.0	224.0	175.0	268.0	178.0	257.0	250.0	263.0	205.0	287.0	221.0	299.0	220.0	368.0	186.0	1
75.0	201.0	71.0	215.0	96.0	198.0	156.0	163.0	140.0	177.0	175.0	214.0	171.0	237.0	166.0	253.0	178.0	184.0	202.0	158.0	197.0	197.0	206.0	169.0	225.0	174.0	268.0	178.0	255.0	248.0	262.0	204.0	285.0	220.0	301.0	220.0	372.0	187.0	1
71.0	201.0	65.0	217.0	92.0	198.0	156.0	161.0	139.0	176.0	172.0	213.0	169.0	238.0	158.0	255.0	180.0	184.0	202.0	155.0	199.0	197.0	207.0	167.0	229.0	173.0	266.0	176.0	256.0	253.0	264.0	207.0	288.0	222.0	300.0	222.0	373.0	186.0	1
76.0	200.0	73.0	215.0	104.0	196.0	157.0	163.0	141.0	179.0	172.0	213.0	169.0	235.0	161.0	251.0	181.0	186.0	201.0	157.0	196.0	197.0	206.0	170.0	224.0	176.0	266.0	179.0	252.0	247.0	263.0	207.0	281.0	218.0	293.0	218.0	366.0	187.0	1
63.0	197.0	59.0	215.0	89.0	195.0	157.0	159.0	138.0	173.0	172.0	212.0	167.0	235.0	158.0	254.0	181.0	183.0	201.0	153.0	198.0	195.0	204.0	166.0	227.0	173.0	275.0	176.0	261.0	251.0	269.0	206.0	293.0	220.0	307.0	220.0	377.0	182.0	1
74.0	202.0	70.0	218.0	99.0	198.0	153.0	163.0	140.0	177.0	174.0	212.0	169.0	235.0	162.0	252.0	179.0	184.0	196.0	157.0	198.0	196.0	202.0	169.0	225.0	175.0	271.0	178.0	258.0	249.0	264.0	205.0	288.0	220.0	300.0	220.0	366.0	185.0	1
72.0	200.0	68.0	216.0	96.0	197.0	159.0	162.0	141.0	177.0	172.0	214.0	169.0	236.0	158.0	252.0	179.0	184.0	202.0	156.0	198.0	197.0	206.0	168.0	227.0	174.0	273.0	179.0	255.0	250.0	266.0	208.0	286.0	221.0	299.0	220.0	370.0	185.0	1
75.0	200.0	71.0	216.0	97.0	198.0	158.0	161.0	141.0	178.0	170.0	213.0	169.0	238.0	162.0	255.0	179.0	184.0	203.0	154.0	195.0	196.0	209.0	168.0	229.0	173.0	271.0	177.0	256.0	252.0	265.0	208.0	287.0	223.0	303.0	222.0	377.0	185.0	1
72.0	199.0	68.0	214.0	97.0	197.0	157.0	162.0	140.0	177.0	173.0	213.0	171.0	238.0	162.0	254.0	180.0	184.0	201.0	156.0	196.0	195.0	206.0	168.0	227.0	175.0	269.0	179.0	257.0	251.0	261.0	204.0	289.0	221.0	301.0	220.0	368.0	185.0	1
72.0	202.0	67.0	217.0	94.0	199.0	157.0	161.0	139.0	178.0	173.0	214.0	169.0	239.0	162.0	256.0	179.0	184.0	200.0	156.0	197.0	196.0	205.0	169.0	223.0	173.0	269.0	177.0	260.0	251.0	268.0	206.0	291.0	222.0	304.0	221.0	371.0	186.0	1
75.0	199.0	70.0	213.0	101.0	196.0	157.0	162.0	139.0	179.0	175.0	213.0	171.0	235.0	161.0	251.0	183.0	185.0	203.0	157.0	197.0	196.0	208.0	170.0	226.0	175.0	266.0	179.0	258.0	250.0	259.0	204.0	285.0	220.0	298.0	219.0	365.0	185.0	1
70.0	201.0	66.0	214.0	93.0	199.0	157.0	164.0	143.0	178.0	172.0	213.0	167.0	235.0	159.0	252.0	180.0	185.0	204.0	158.0	198.0	197.0	208.0	170.0	229.0	175.0	267.0	178.0	257.0	249.0	267.0	208.0	285.0	222.0	299.0	220.0	370.0	186.0	1
75.0	200.0	72.0	216.0	96.0	197.0	157.0	162.0	140.0	176.0	172.0	212.0	169.0	235.0	160.0	252.0	181.0	185.0	198.0	157.0	195.0	195.0	203.0	169.0	225.0	175.0	275.0	180.0	254.0	250.0	264.0	206.0	285.0	220.0	298.0	220.0	367.0	185.0	1
78.0	201.0	74.0	216.0	97.0	199.0	158.0	161.0	138.0	179.0	174.0	212.0	170.0	235.0	161.0	252.0	179.0	184.0	201.0	156.0	196.0	195.0	206.0	168.0	228.0	175.0	272.0	179.0	255.0	249.0	264.0	206.0	283.0	219.0	297.0	220.0	364.0	188.0	1
76.0	201.0	71.0	216.0	98.0	199.0	159.0	163.0	140.0	181.0	174.0	215.0	173.0	237.0	165.0	253.0	180.0	186.0	198.0	158.0	194.0	197.0	203.0	170.0	226.0	176.0	262.0	178.0	258.0	249.0	261.0	205.0	284.0	220.0	298.0	220.0	367.0	186.0	1
73.0	201.0	69.0	218.0	93.0	197.0	153.0	161.0	136.0	177.0	171.0	214.0	168.0	238.0	161.0	256.0	181.0	185.0	196.0	154.0	198.0	197.0	202.0	167.0	225.0	174.0	265.0	175.0	261.0	252.0	264.0	205.0	292.0	221.0	303.0	219.0	367.0	179.0	1
76.0	201.0	70.0	214.0	100.0	198.0	156.0	165.0	140.0	180.0	174.0	213.0	170.0	234.0	163.0	251.0	179.0	186.0	198.0	158.0	199.0	199.0	204.0	170.0	224.0	175.0	266.0	178.0	256.0	248.0	263.0	205.0	287.0	220.0	301.0	220.0	365.0	183.0	1
75.0	202.0	71.0	217.0	97.0	198.0	158.0	163.0	143.0	177.0	172.0	213.0	169.0	237.0	160.0	252.0	184.0	187.0	200.0	157.0	195.0	196.0	204.0	171.0	225.0	176.0	267.0	180.0	253.0	250.0	263.0	206.0	284.0	220.0	297.0	220.0	366.0	187.0	1
73.0	200.0	70.0	217.0	96.0	198.0	157.0	161.0	141.0	176.0	175.0	214.0	171.0	238.0	160.0	255.0	182.0	185.0	201.0	155.0	197.0	196.0	203.0	168.0	227.0	175.0	267.0	177.0	257.0	252.0	263.0	205.0	289.0	221.0	303.0	221.0	371.0	185.0	1
74.0	201.0	71.0	216.0	98.0	199.0	159.0	161.0	139.0	179.0	175.0	213.0	172.0	237.0	162.0	254.0	183.0	185.0	202.0	154.0	197.0	196.0	207.0	167.0	229.0	174.0	270.0	178.0	254.0	251.0	264.0	206.0	286.0	221.0	298.0	221.0	369.0	187.0	1
68.0	200.0	65.0	217.0	94.0	197.0	157.0	161.0	141.0	177.0	171.0	214.0	169.0	238.0	158.0	255.0	181.0	185.0	198.0	155.0	195.0	195.0	204.0	168.0	225.0	173.0	270.0	177.0	257.0	250.0	270.0	208.0	290.0	221.0	302.0	220.0	376.0	186.0	1
71.0	200.0	68.0	217.0	94.0	198.0	157.0	161.0	139.0	178.0	173.0	213.0	171.0	235.0	163.0	253.0	181.0	184.0	202.0	154.0	200.0	196.0	207.0	168.0	229.0	175.0	264.0	177.0	256.0	249.0	265.0	206.0	287.0	220.0	300.0	220.0	368.0	184.0	1
78.0	202.0	74.0	218.0	97.0	198.0	157.0	160.0	139.0	178.0	175.0	214.0	171.0	238.0	163.0	256.0	182.0	184.0	199.0	155.0	197.0	196.0	203.0	167.0	226.0	173.0	270.0	177.0	256.0	252.0	264.0	206.0	286.0	222.0	298.0	221.0	364.0	185.0	1
75.0	202.0	72.0	217.0	95.0	199.0	155.0	163.0	138.0	178.0	173.0	214.0	173.0	238.0	164.0	253.0	179.0	184.0	202.0	157.0	196.0	196.0	206.0	169.0	226.0	175.0	265.0	177.0	256.0	248.0	264.0	205.0	286.0	220.0	299.0	219.0	366.0	189.0	1
74.0	200.0	69.0	216.0	95.0	198.0	158.0	160.0	139.0	178.0	174.0	215.0	171.0	238.0	163.0	256.0	179.0	183.0	201.0	155.0	199.0	198.0	207.0	168.0	225.0	173.0	268.0	177.0	256.0	254.0	265.0	208.0	287.0	222.0	300.0	222.0	372.0	185.0	1
79.0	200.0	76.0	215.0	100.0	197.0	159.0	164.0	143.0	178.0	173.0	213.0	170.0	235.0	162.0	250.0	179.0	185.0	201.0	159.0	197.0	197.0	205.0	170.0	225.0	176.0	263.0	178.0	256.0	247.0	261.0	205.0	282.0	219.0	293.0	218.0	363.0	189.0	1
72.0	200.0	68.0	216.0	95.0	198.0	156.0	162.0	140.0	177.0	172.0	214.0	168.0	237.0	159.0	255.0	183.0	186.0	198.0	156.0	196.0	196.0	203.0	168.0	226.0	174.0	272.0	178.0	258.0	251.0	264.0	207.0	287.0	220.0	300.0	220.0	371.0	185.0	1
76.0	200.0	73.0	216.0	100.0	197.0	157.0	163.0	141.0	179.0	174.0	213.0	171.0	235.0	163.0	252.0	181.0	186.0	203.0	158.0	198.0	198.0	208.0	171.0	228.0	177.0	267.0	179.0	257.0	249.0	266.0	207.0	285.0	220.0	296.0	220.0	368.0	185.0	1
73.0	199.0	70.0	215.0	95.0	197.0	160.0	162.0	144.0	177.0	175.0	212.0	171.0	235.0	162.0	253.0	181.0	184.0	203.0	156.0	196.0	195.0	207.0	168.0	227.0	175.0	265.0	179.0	255.0	248.0	264.0	206.0	285.0	220.0	298.0	220.0	367.0	184.0	1
74.0	200.0	68.0	213.0	95.0	197.0	161.0	162.0	143.0	177.0	174.0	214.0	169.0	237.0	158.0	253.0	184.0	185.0	205.0	157.0	198.0	196.0	209.0	170.0	229.0	175.0	267.0	179.0	256.0	251.0	267.0	207.0	285.0	220.0	297.0	220.0	370.0	187.0	1
66.0	200.0	62.0	215.0	91.0	198.0	155.0	160.0	138.0	177.0	173.0	214.0	169.0	238.0	159.0	256.0	182.0	184.0	201.0	154.0	196.0	195.0	207.0	168.0	227.0	174.0	265.0	177.0	256.0	253.0	261.0	203.0	288.0	221.0	302.0	221.0	379.0	187.0	1
75.0	202.0	73.0	218.0	100.0	198.0	156.0	164.0	142.0	178.0	173.0	213.0	171.0	235.0	162.0	253.0	179.0	184.0	201.0	157.0	194.0	195.0	205.0	169.0	225.0	175.0	263.0	177.0	256.0	252.0	265.0	206.0	287.0	220.0	299.0	220.0	367.0	185.0	1
65.0	201.0	62.0	218.0	90.0	198.0	150.0	159.0	132.0	176.0	172.0	214.0	170.0	239.0	160.0	258.0	181.0	184.0	199.0	153.0	198.0	196.0	204.0	166.0	231.0	173.0	272.0	176.0	264.0	254.0	267.0	206.0	294.0	222.0	307.0	221.0	376.0	182.0	1
71.0	200.0	67.0	216.0	91.0	197.0	155.0	160.0	137.0	177.0	171.0	213.0	168.0	238.0	158.0	256.0	179.0	183.0	203.0	154.0	200.0	197.0	208.0	167.0	231.0	174.0	269.0	177.0	257.0	251.0	265.0	207.0	288.0	222.0	301.0	222.0	372.0	187.0	1
76.0	200.0	72.0	215.0	99.0	198.0	156.0	164.0	140.0	179.0	173.0	211.0	171.0	233.0	163.0	249.0	178.0	185.0	200.0	158.0	197.0	196.0	202.0	169.0	222.0	174.0	268.0	177.0	259.0	246.0	264.0	204.0	285.0	217.0	300.0	217.0	368.0	185.0	1
76.0	202.0	73.0	217.0	95.0	199.0	158.0	162.0	143.0	178.0	173.0	213.0	170.0	236.0	163.0	253.0	181.0	184.0	201.0	156.0	198.0	196.0	206.0	170.0	226.0	175.0	263.0	177.0	255.0	251.0	261.0	206.0	283.0	221.0	296.0	221.0	368.0	188.0	1
74.0	200.0	69.0	215.0	96.0	198.0	159.0	162.0	143.0	177.0	175.0	212.0	172.0	236.0	163.0	253.0	181.0	184.0	202.0	155.0	199.0	197.0	207.0	168.0	229.0	175.0	262.0	177.0	257.0	249.0	263.0	205.0	287.0	220.0	300.0	220.0	368.0	184.0	1
78.0	203.0	74.0	217.0	99.0	199.0	157.0	161.0	138.0	179.0	174.0	214.0	171.0	238.0	164.0	254.0	177.0	185.0	199.0	156.0	195.0	197.0	204.0	169.0	223.0	174.0	263.0	177.0	253.0	248.0	261.0	206.0	283.0	220.0	296.0	219.0	366.0	189.0	1
74.0	201.0	70.0	217.0	98.0	198.0	157.0	162.0	141.0	178.0	173.0	213.0	171.0	237.0	164.0	255.0	182.0	185.0	199.0	156.0	197.0	196.0	203.0	168.0	224.0	173.0	267.0	178.0	254.0	250.0	262.0	205.0	286.0	220.0	297.0	220.0	368.0	186.0	1
70.0	201.0	65.0	216.0	94.0	197.0	158.0	162.0	139.0	178.0	173.0	213.0	171.0	237.0	164.0	255.0	181.0	184.0	202.0	156.0	199.0	196.0	207.0	169.0	226.0	174.0	266.0	177.0	257.0	250.0	261.0	204.0	287.0	221.0	301.0	220.0	370.0	186.0	1
74.0	200.0	71.0	215.0	95.0	198.0	156.0	163.0	141.0	178.0	175.0	213.0	171.0	237.0	163.0	253.0	185.0	185.0	202.0	157.0	201.0	197.0	207.0	169.0	227.0	175.0	268.0	178.0	259.0	249.0	267.0	207.0	288.0	222.0	302.0	221.0	367.0	183.0	1
74.0	200.0	70.0	214.0	98.0	197.0	157.0	162.0	140.0	177.0	173.0	213.0	170.0	236.0	159.0	253.0	181.0	185.0	201.0	155.0	195.0	197.0	206.0	169.0	227.0	174.0	267.0	178.0	255.0	250.0	262.0	206.0	285.0	221.0	298.0	221.0	365.0	185.0	1
73.0	200.0	70.0	215.0	97.0	197.0	159.0	161.0	141.0	177.0	174.0	213.0	171.0	237.0	161.0	254.0	182.0	184.0	202.0	156.0	198.0	196.0	206.0	169.0	226.0	174.0	269.0	177.0	255.0	250.0	266.0	207.0	287.0	220.0	301.0	220.0	366.0	184.0	1
68.0	200.0	63.0	216.0	93.0	198.0	156.0	161.0	139.0	176.0	173.0	215.0	170.0	239.0	160.0	256.0	179.0	183.0	201.0	154.0	194.0	195.0	206.0	167.0	228.0	173.0	272.0	177.0	255.0	254.0	268.0	208.0	287.0	221.0	299.0	221.0	373.0	185.0	1
75.0	201.0	70.0	214.0	94.0	199.0	159.0	162.0	141.0	178.0	173.0	212.0	170.0	237.0	160.0	253.0	181.0	184.0	202.0	156.0	198.0	196.0	207.0	168.0	226.0	174.0	264.0	177.0	257.0	251.0	266.0	207.0	288.0	221.0	299.0	221.0	370.0	184.0	1
76.0	201.0	73.0	215.0	98.0	198.0	155.0	164.0	139.0	179.0	172.0	212.0	169.0	234.0	160.0	249.0	179.0	185.0	203.0	158.0	194.0	197.0	208.0	170.0	225.0	174.0	269.0	178.0	257.0	248.0	267.0	206.0	288.0	220.0	300.0	220.0	369.0	186.0	1
68.0	199.0	64.0	215.0	92.0	196.0	154.0	160.0	138.0	175.0	170.0	211.0	167.0	235.0	158.0	254.0	179.0	182.0	201.0	152.0	197.0	195.0	207.0	166.0	229.0	173.0	271.0	175.0	258.0	249.0	268.0	204.0	290.0	218.0	302.0	218.0	376.0	187.0	1
73.0	201.0	67.0	217.0	95.0	199.0	157.0	163.0	142.0	178.0	175.0	214.0	172.0	238.0	163.0	255.0	181.0	186.0	198.0	157.0	197.0	198.0	204.0	170.0	223.0	175.0	264.0	177.0	256.0	249.0	263.0	206.0	285.0	219.0	298.0	219.0	370.0	187.0	1
71.0	200.0	69.0	216.0	95.0	197.0	154.0	162.0	136.0	177.0	173.0	214.0	170.0	236.0	161.0	253.0	179.0	185.0	201.0	155.0	197.0	197.0	204.0	168.0	225.0	175.0	272.0	178.0	262.0	251.0	269.0	207.0	291.0	220.0	304.0	220.0	374.0	180.0	1
75.0	203.0	71.0	217.0	97.0	200.0	155.0	163.0	139.0	179.0	176.0	212.0	173.0	236.0	164.0	251.0	181.0	186.0	198.0	158.0	199.0	197.0	203.0	170.0	225.0	175.0	271.0	178.0	259.0	247.0	265.0	204.0	286.0	219.0	301.0	219.0	368.0	187.0	1
75.0	202.0	71.0	216.0	98.0	199.0	157.0	161.0	139.0	178.0	174.0	213.0	172.0	237.0	162.0	253.0	181.0	184.0	201.0	156.0	199.0	196.0	205.0	168.0	227.0	174.0	268.0	178.0	256.0	249.0	264.0	206.0	284.0	220.0	298.0	221.0	367.0	188.0	1
72.0	201.0	68.0	216.0	97.0	198.0	156.0	163.0	140.0	179.0	174.0	213.0	171.0	237.0	163.0	254.0	182.0	186.0	200.0	157.0	196.0	196.0	204.0	169.0	226.0	175.0	264.0	176.0	257.0	249.0	264.0	205.0	288.0	219.0	300.0	219.0	367.0	185.0	1
74.0	202.0	70.0	215.0	95.0	199.0	157.0	162.0	140.0	179.0	175.0	213.0	171.0	237.0	164.0	253.0	181.0	185.0	202.0	157.0	198.0	197.0	206.0	169.0	228.0	175.0	267.0	178.0	257.0	250.0	263.0	205.0	286.0	220.0	299.0	221.0	367.0	189.0	1
75.0	201.0	72.0	217.0	96.0	198.0	156.0	162.0	140.0	178.0	174.0	212.0	172.0	236.0	164.0	252.0	180.0	184.0	201.0	157.0	198.0	196.0	204.0	169.0	226.0	175.0	266.0	177.0	258.0	248.0	265.0	205.0	287.0	219.0	300.0	220.0	369.0	187.0	1
72.0	199.0	68.0	216.0	95.0	196.0	157.0	160.0	139.0	177.0	169.0	212.0	167.0	237.0	159.0	254.0	183.0	185.0	202.0	154.0	198.0	196.0	208.0	167.0	230.0	173.0	268.0	176.0	255.0	252.0	268.0	207.0	288.0	221.0	301.0	221.0	370.0	185.0	1
71.0	200.0	69.0	216.0	96.0	197.0	157.0	161.0	139.0	178.0	172.0	215.0	170.0	238.0	158.0	255.0	179.0	184.0	201.0	155.0	196.0	196.0	205.0	168.0	226.0	173.0	266.0	177.0	255.0	253.0	266.0	206.0	290.0	221.0	303.0	220.0	370.0	184.0	1
72.0	202.0	67.0	215.0	97.0	199.0	155.0	165.0	139.0	180.0	171.0	212.0	169.0	235.0	162.0	250.0	181.0	186.0	200.0	159.0	195.0	196.0	203.0	171.0	225.0	176.0	267.0	178.0	257.0	245.0	264.0	205.0	284.0	218.0	299.0	218.0	367.0	189.0	1
78.0	202.0	74.0	216.0	97.0	198.0	156.0	164.0	137.0	179.0	174.0	213.0	172.0	236.0	164.0	253.0	180.0	186.0	197.0	158.0	196.0	197.0	202.0	170.0	224.0	175.0	266.0	177.0	256.0	248.0	267.0	207.0	286.0	219.0	300.0	219.0	366.0	185.0	1
76.0	202.0	71.0	217.0	98.0	199.0	157.0	163.0	142.0	178.0	174.0	214.0	171.0	236.0	162.0	253.0	182.0	185.0	202.0	157.0	199.0	196.0	206.0	169.0	227.0	174.0	265.0	177.0	253.0	252.0	264.0	207.0	286.0	221.0	300.0	221.0	369.0	186.0	1
75.0	199.0	71.0	215.0	95.0	197.0	156.0	163.0	141.0	177.0	174.0	212.0	171.0	236.0	162.0	253.0	181.0	184.0	205.0	157.0	194.0	195.0	209.0	168.0	229.0	175.0	270.0	179.0	254.0	251.0	263.0	206.0	286.0	221.0	299.0	221.0	366.0	185.0	1
71.0	200.0	66.0	216.0	95.0	198.0	156.0	162.0	140.0	176.0	173.0	214.0	170.0	237.0	159.0	255.0	181.0	183.0	200.0	155.0	200.0	196.0	205.0	166.0	227.0	173.0	272.0	177.0	259.0	251.0	268.0	206.0	289.0	220.0	303.0	221.0	373.0	186.0	1
77.0	201.0	71.0	215.0	94.0	199.0	159.0	163.0	142.0	178.0	174.0	213.0	172.0	235.0	163.0	252.0	179.0	185.0	201.0	157.0	199.0	198.0	204.0	168.0	224.0	174.0	264.0	176.0	257.0	249.0	261.0	206.0	287.0	220.0	300.0	220.0	363.0	183.0	1
74.0	201.0	70.0	216.0	97.0	199.0	156.0	162.0	141.0	177.0	170.0	213.0	167.0	236.0	159.0	254.0	180.0	185.0	202.0	156.0	195.0	195.0	205.0	168.0	225.0	175.0	270.0	179.0	256.0	251.0	262.0	207.0	282.0	222.0	298.0	222.0	366.0	185.0	1
77.0	201.0	72.0	217.0	99.0	198.0	155.0	164.0	141.0	179.0	174.0	213.0	172.0	237.0	165.0	255.0	184.0	186.0	199.0	157.0	199.0	197.0	203.0	170.0	224.0	175.0	266.0	177.0	260.0	249.0	263.0	205.0	290.0	221.0	301.0	220.0	371.0	183.0	1
78.0	202.0	75.0	217.0	99.0	198.0	158.0	162.0	142.0	177.0	174.0	213.0	171.0	237.0	162.0	255.0	182.0	184.0	201.0	155.0	200.0	196.0	206.0	168.0	226.0	174.0	264.0	177.0	252.0	251.0	260.0	204.0	287.0	221.0	298.0	221.0	369.0	188.0	1
77.0	201.0	73.0	215.0	97.0	198.0	161.0	163.0	142.0	179.0	175.0	214.0	173.0	238.0	163.0	253.0	180.0	185.0	202.0	157.0	198.0	197.0	206.0	170.0	225.0	174.0	263.0	177.0	256.0	249.0	264.0	206.0	286.0	220.0	298.0	220.0	364.0	186.0	1
70.0	201.0	66.0	216.0	94.0	198.0	155.0	162.0	139.0	177.0	174.0	212.0	170.0	236.0	162.0	254.0	180.0	184.0	203.0	155.0	198.0	196.0	206.0	169.0	228.0	175.0	270.0	179.0	256.0	250.0	265.0	207.0	286.0	220.0	299.0	221.0	373.0	187.0	1
72.0	201.0	67.0	216.0	96.0	197.0	156.0	162.0	139.0	177.0	171.0	213.0	167.0	236.0	159.0	252.0	179.0	185.0	199.0	156.0	195.0	196.0	206.0	169.0	228.0	175.0	272.0	179.0	256.0	249.0	265.0	206.0	287.0	221.0	301.0	220.0	367.0	185.0	1
75.0	200.0	69.0	217.0	97.0	197.0	157.0	162.0	141.0	178.0	174.0	213.0	172.0	235.0	162.0	253.0	183.0	185.0	201.0	155.0	199.0	196.0	204.0	167.0	229.0	174.0	271.0	176.0	254.0	250.0	267.0	207.0	288.0	220.0	300.0	220.0	366.0	183.0	1
73.0	200.0	69.0	214.0	101.0	197.0	159.0	163.0	143.0	178.0	171.0	212.0	171.0	236.0	163.0	252.0	181.0	186.0	200.0	158.0	197.0	197.0	204.0	170.0	225.0	175.0	269.0	178.0	256.0	248.0	265.0	206.0	286.0	220.0	298.0	219.0	366.0	186.0	1
73.0	201.0	69.0	216.0	93.0	198.0	154.0	162.0	137.0	179.0	172.0	214.0	171.0	238.0	162.0	254.0	183.0	187.0	200.0	156.0	199.0	198.0	205.0	170.0	228.0	175.0	270.0	178.0	260.0	250.0	267.0	206.0	289.0	220.0	300.0	219.0	372.0	185.0	1
73.0	201.0	69.0	217.0	98.0	197.0	155.0	161.0	138.0	176.0	172.0	212.0	169.0	237.0	161.0	255.0	181.0	184.0	200.0	155.0	197.0	196.0	205.0	167.0	225.0	173.0	270.0	176.0	257.0	251.0	262.0	206.0	287.0	222.0	300.0	221.0	369.0	184.0	1
76.0	202.0	71.0	216.0	99.0	199.0	156.0	163.0	142.0	179.0	175.0	214.0	173.0	237.0	165.0	253.0	180.0	185.0	200.0	157.0	198.0	195.0	204.0	169.0	226.0	176.0	268.0	179.0	255.0	250.0	264.0	207.0	282.0	220.0	297.0	220.0	367.0	187.0	1
71.0	200.0	66.0	215.0	93.0	197.0	157.0	162.0	141.0	177.0	173.0	214.0	171.0	238.0	162.0	255.0	183.0	184.0	203.0	156.0	199.0	197.0	208.0	169.0	228.0	175.0	266.0	178.0	256.0	251.0	263.0	206.0	288.0	221.0	301.0	221.0	371.0	185.0	1
78.0	202.0	74.0	217.0	98.0	198.0	155.0	163.0	138.0	178.0	173.0	213.0	170.0	236.0	164.0	252.0	180.0	184.0	200.0	155.0	198.0	197.0	205.0	168.0	227.0	174.0	265.0	176.0	256.0	249.0	264.0	205.0	285.0	219.0	299.0	219.0	367.0	186.0	1
76.0	202.0	73.0	217.0	101.0	199.0	156.0	164.0	140.0	179.0	175.0	212.0	171.0	236.0	165.0	252.0	184.0	186.0	200.0	157.0	198.0	196.0	204.0	169.0	226.0	175.0	265.0	178.0	257.0	249.0	263.0	205.0	286.0	221.0	298.0	220.0	364.0	187.0	1
73.0	202.0	69.0	216.0	98.0	199.0	158.0	163.0	141.0	178.0	173.0	212.0	170.0	235.0	161.0	253.0	182.0	185.0	203.0	156.0	197.0	196.0	207.0	168.0	227.0	174.0	267.0	177.0	257.0	250.0	265.0	207.0	285.0	220.0	299.0	220.0	371.0	187.0	1
76.0	202.0	71.0	218.0	98.0	199.0	155.0	163.0	140.0	179.0	171.0	212.0	171.0	236.0	162.0	252.0	179.0	184.0	200.0	158.0	196.0	197.0	204.0	170.0	226.0	175.0	269.0	179.0	256.0	247.0	265.0	206.0	284.0	220.0	298.0	220.0	365.0	187.0	1
71.0	201.0	68.0	216.0	91.0	199.0	156.0	163.0	142.0	176.0	172.0	213.0	170.0	237.0	162.0	254.0	181.0	186.0	201.0	158.0	196.0	196.0	205.0	170.0	226.0	175.0	265.0	178.0	258.0	248.0	261.0	205.0	284.0	219.0	297.0	219.0	366.0	187.0	1
70.0	200.0	66.0	215.0	94.0	198.0	155.0	163.0	141.0	176.0	172.0	213.0	169.0	237.0	160.0	254.0	183.0	186.0	199.0	157.0	197.0	198.0	204.0	169.0	228.0	175.0	271.0	178.0	258.0	250.0	268.0	208.0	288.0	220.0	300.0	219.0	367.0	184.0	1
74.0	201.0	71.0	217.0	96.0	199.0	155.0	163.0	139.0	178.0	173.0	213.0	172.0	238.0	163.0	254.0	178.0	185.0	201.0	157.0	197.0	196.0	205.0	170.0	227.0	175.0	268.0	178.0	259.0	248.0	269.0	207.0	288.0	221.0	300.0	220.0	372.0	186.0	1
76.0	202.0	70.0	216.0	95.0	199.0	159.0	162.0	141.0	178.0	174.0	214.0	172.0	238.0	163.0	254.0	180.0	184.0	200.0	157.0	197.0	195.0	204.0	169.0	223.0	175.0	263.0	176.0	256.0	249.0	265.0	207.0	285.0	220.0	296.0	219.0	362.0	187.0	1
78.0	203.0	73.0	218.0	100.0	200.0	157.0	162.0	139.0	179.0	176.0	214.0	175.0	238.0	168.0	256.0	179.0	184.0	195.0	156.0	195.0	197.0	200.0	169.0	221.0	174.0	262.0	176.0	259.0	251.0	262.0	205.0	285.0	219.0	299.0	218.0	364.0	183.0	1
70.0	200.0	66.0	216.0	92.0	198.0	158.0	160.0	138.0	178.0	174.0	214.0	172.0	238.0	160.0	256.0	182.0	184.0	200.0	154.0	198.0	195.0	206.0	166.0	226.0	172.0	272.0	176.0	256.0	253.0	265.0	206.0	290.0	221.0	303.0	220.0	374.0	186.0	1
78.0	200.0	75.0	214.0	99.0	198.0	156.0	165.0	139.0	180.0	175.0	213.0	172.0	235.0	164.0	251.0	181.0	186.0	202.0	158.0	199.0	197.0	206.0	170.0	225.0	175.0	268.0	178.0	254.0	247.0	262.0	205.0	283.0	219.0	297.0	218.0	367.0	186.0	1
78.0	201.0	75.0	217.0	98.0	199.0	159.0	162.0	141.0	178.0	175.0	213.0	173.0	236.0	164.0	252.0	181.0	185.0	203.0	157.0	199.0	196.0	206.0	169.0	225.0	175.0	263.0	177.0	259.0	247.0	261.0	205.0	285.0	220.0	297.0	219.0	362.0	187.0	1
78.0	200.0	73.0	215.0	99.0	198.0	160.0	164.0	142.0	179.0	175.0	212.0	172.0	235.0	162.0	251.0	179.0	184.0	203.0	158.0	197.0	196.0	206.0	169.0	227.0	174.0	262.0	177.0	256.0	248.0	263.0	204.0	287.0	220.0	300.0	219.0	365.0	187.0	1
75.0	201.0	72.0	215.0	98.0	199.0	157.0	163.0	142.0	179.0	177.0	214.0	172.0	237.0	165.0	254.0	179.0	185.0	196.0	157.0	199.0	198.0	200.0	169.0	221.0	175.0	262.0	178.0	255.0	249.0	260.0	205.0	284.0	220.0	298.0	219.0	366.0	184.0	1
71.0	200.0	66.0	216.0	94.0	197.0	155.0	161.0	138.0	177.0	173.0	215.0	170.0	238.0	158.0	255.0	178.0	184.0	200.0	154.0	197.0	198.0	205.0	167.0	227.0	173.0	272.0	176.0	257.0	253.0	268.0	208.0	289.0	221.0	304.0	221.0	375.0	183.0	1
74.0	201.0	69.0	216.0	93.0	199.0	155.0	162.0	137.0	179.0	173.0	213.0	170.0	237.0	164.0	254.0	180.0	184.0	199.0	155.0	198.0	197.0	205.0	167.0	225.0	173.0	265.0	176.0	258.0	250.0	266.0	206.0	288.0	220.0	303.0	220.0	372.0	185.0	1
73.0	200.0	69.0	216.0	99.0	198.0	158.0	163.0	140.0	179.0	172.0	214.0	171.0	236.0	162.0	252.0	179.0	186.0	200.0	157.0	196.0	197.0	205.0	169.0	225.0	175.0	270.0	178.0	255.0	248.0	265.0	207.0	285.0	219.0	298.0	219.0	368.0	186.0	1
74.0	201.0	68.0	216.0	95.0	199.0	156.0	163.0	140.0	179.0	175.0	213.0	173.0	236.0	162.0	252.0	181.0	186.0	199.0	158.0	198.0	198.0	205.0	169.0	228.0	175.0	265.0	177.0	259.0	248.0	262.0	205.0	286.0	219.0	298.0	218.0	366.0	186.0	1
74.0	202.0	68.0	217.0	95.0	199.0	157.0	161.0	141.0	178.0	174.0	214.0	171.0	238.0	162.0	256.0	180.0	184.0	201.0	155.0	199.0	197.0	205.0	167.0	226.0	173.0	267.0	177.0	254.0	251.0	263.0	206.0	286.0	223.0	301.0	222.0	369.0	188.0	1
65.0	201.0	63.0	217.0	90.0	198.0	153.0	160.0	135.0	178.0	173.0	214.0	171.0	238.0	161.0	255.0	179.0	183.0	199.0	154.0	196.0	195.0	204.0	166.0	227.0	172.0	276.0	177.0	260.0	252.0	271.0	207.0	292.0	220.0	305.0	220.0	377.0	185.0	1
74.0	203.0	70.0	217.0	96.0	199.0	154.0	162.0	136.0	178.0	173.0	213.0	171.0	236.0	163.0	253.0	179.0	185.0	199.0	156.0	197.0	197.0	204.0	168.0	224.0	174.0	265.0	177.0	256.0	250.0	263.0	205.0	287.0	220.0	300.0	220.0	365.0	188.0	1
71.0	201.0	67.0	215.0	96.0	198.0	157.0	163.0	142.0	178.0	172.0	213.0	171.0	236.0	163.0	252.0	183.0	186.0	202.0	157.0	196.0	196.0	205.0	170.0	225.0	175.0	267.0	178.0	257.0	248.0	266.0	207.0	287.0	219.0	300.0	219.0	370.0	184.0	1
76.0	198.0	72.0	214.0	98.0	195.0	156.0	160.0	141.0	175.0	173.0	210.0	170.0	234.0	162.0	252.0	181.0	183.0	201.0	156.0	197.0	195.0	204.0	167.0	226.0	174.0	266.0	177.0	257.0	248.0	260.0	203.0	285.0	219.0	298.0	219.0	365.0	185.0	1
73.0	201.0	69.0	217.0	95.0	199.0	156.0	162.0	137.0	179.0	173.0	214.0	171.0	239.0	163.0	255.0	176.0	185.0	200.0	156.0	197.0	197.0	205.0	169.0	224.0	174.0	266.0	177.0	260.0	248.0	265.0	206.0	287.0	220.0	300.0	219.0	368.0	185.0	1
76.0	201.0	71.0	216.0	99.0	197.0	156.0	164.0	139.0	179.0	173.0	214.0	170.0	236.0	162.0	253.0	178.0	185.0	202.0	157.0	195.0	197.0	205.0	169.0	223.0	174.0	268.0	177.0	257.0	250.0	262.0	206.0	283.0	221.0	297.0	220.0	368.0	187.0	1
69.0	201.0	65.0	216.0	94.0	198.0	157.0	161.0	138.0	177.0	174.0	213.0	170.0	238.0	164.0	255.0	181.0	184.0	201.0	156.0	199.0	197.0	207.0	168.0	229.0	175.0	269.0	178.0	258.0	250.0	265.0	205.0	289.0	221.0	302.0	221.0	372.0	187.0	1
75.0	201.0	70.0	217.0	96.0	198.0	156.0	162.0	140.0	178.0	175.0	214.0	173.0	238.0	164.0	255.0	181.0	184.0	202.0	155.0	197.0	195.0	206.0	169.0	226.0	174.0	266.0	177.0	257.0	252.0	267.0	207.0	288.0	221.0	302.0	221.0	368.0	184.0	1
74.0	201.0	70.0	215.0	96.0	198.0	159.0	162.0	141.0	178.0	174.0	213.0	172.0	236.0	164.0	253.0	181.0	185.0	203.0	157.0	196.0	196.0	207.0	170.0	225.0	175.0	266.0	178.0	257.0	248.0	265.0	207.0	284.0	220.0	296.0	219.0	365.0	187.0	1
72.0	202.0	66.0	216.0	93.0	199.0	154.0	162.0	140.0	177.0	172.0	213.0	172.0	237.0	165.0	254.0	180.0	185.0	199.0	156.0	195.0	196.0	204.0	168.0	225.0	174.0	269.0	177.0	259.0	249.0	264.0	206.0	288.0	220.0	302.0	220.0	373.0	185.0	1
73.0	200.0	69.0	216.0	100.0	197.0	157.0	162.0	140.0	178.0	170.0	213.0	168.0	236.0	159.0	253.0	178.0	185.0	200.0	156.0	195.0	196.0	205.0	169.0	225.0	174.0	270.0	178.0	256.0	249.0	267.0	208.0	287.0	221.0	300.0	220.0	372.0	185.0	1
79.0	202.0	75.0	217.0	98.0	198.0	157.0	163.0	142.0	178.0	175.0	213.0	171.0	235.0	165.0	253.0	182.0	185.0	201.0	157.0	199.0	197.0	205.0	169.0	223.0	174.0	261.0	176.0	257.0	250.0	259.0	203.0	286.0	221.0	300.0	220.0	364.0	186.0	1
71.0	201.0	69.0	215.0	94.0	198.0	157.0	163.0	139.0	178.0	173.0	213.0	169.0	236.0	159.0	252.0	182.0	185.0	201.0	158.0	196.0	196.0	205.0	170.0	226.0	175.0	272.0	180.0	258.0	249.0	265.0	206.0	288.0	219.0	300.0	219.0	369.0	186.0	1
73.0	200.0	69.0	216.0	96.0	197.0	155.0	164.0	140.0	179.0	174.0	213.0	172.0	236.0	162.0	252.0	179.0	185.0	203.0	157.0	200.0	198.0	207.0	169.0	229.0	176.0	269.0	179.0	255.0	250.0	264.0	207.0	285.0	220.0	298.0	220.0	370.0	185.0	1
76.0	201.0	72.0	216.0	96.0	199.0	158.0	163.0	141.0	179.0	175.0	214.0	172.0	236.0	165.0	252.0	178.0	184.0	200.0	156.0	200.0	197.0	206.0	169.0	224.0	174.0	267.0	177.0	256.0	248.0	264.0	206.0	284.0	220.0	299.0	220.0	368.0	185.0	1
67.0	201.0	64.0	217.0	91.0	199.0	154.0	163.0	141.0	177.0	172.0	212.0	171.0	236.0	159.0	254.0	179.0	184.0	202.0	156.0	196.0	195.0	205.0	168.0	228.0	174.0	267.0	177.0	259.0	252.0	265.0	206.0	289.0	222.0	301.0	221.0	372.0	185.0	1
62.0	200.0	55.0	218.0	85.0	197.0	153.0	157.0	136.0	174.0	171.0	215.0	167.0	240.0	152.0	259.0	178.0	182.0	204.0	150.0	200.0	196.0	209.0	164.0	232.0	171.0	276.0	174.0	265.0	259.0	274.0	206.0	301.0	225.0	315.0	224.0	393.0	185.0	1
71.0	201.0	67.0	214.0	96.0	198.0	157.0	163.0	138.0	178.0	172.0	212.0	170.0	235.0	161.0	252.0	178.0	185.0	201.0	155.0	196.0	197.0	205.0	168.0	225.0	174.0	269.0	176.0	260.0	249.0	269.0	207.0	289.0	220.0	301.0	219.0	374.0	183.0	1
78.0	201.0	74.0	215.0	103.0	197.0	160.0	164.0	146.0	178.0	174.0	212.0	171.0	233.0	163.0	249.0	181.0	185.0	201.0	159.0	197.0	197.0	205.0	171.0	222.0	176.0	265.0	178.0	256.0	245.0	265.0	207.0	282.0	218.0	295.0	218.0	362.0	187.0	1
69.0	201.0	64.0	216.0	91.0	199.0	155.0	163.0	139.0	176.0	173.0	213.0	169.0	236.0	161.0	253.0	180.0	184.0	202.0	157.0	198.0	197.0	205.0	168.0	228.0	174.0	270.0	178.0	260.0	249.0	265.0	206.0	288.0	220.0	302.0	220.0	375.0	187.0	1
73.0	202.0	69.0	217.0	99.0	198.0	155.0	162.0	140.0	178.0	172.0	212.0	170.0	235.0	161.0	253.0	184.0	186.0	197.0	156.0	194.0	194.0	203.0	168.0	226.0	174.0	271.0	177.0	255.0	249.0	267.0	207.0	287.0	220.0	300.0	219.0	369.0	188.0	1
75.0	201.0	70.0	217.0	94.0	199.0	160.0	162.0	140.0	179.0	174.0	213.0	171.0	236.0	161.0	253.0	178.0	184.0	201.0	155.0	198.0	198.0	205.0	168.0	228.0	174.0	267.0	177.0	257.0	251.0	263.0	205.0	287.0	221.0	299.0	221.0	368.0	186.0	1
76.0	202.0	73.0	216.0	97.0	199.0	155.0	163.0	141.0	179.0	174.0	212.0	172.0	235.0	166.0	252.0	181.0	185.0	199.0	157.0	197.0	196.0	205.0	170.0	226.0	175.0	265.0	178.0	257.0	249.0	261.0	204.0	289.0	220.0	303.0	219.0	367.0	184.0	1
76.0	199.0	73.0	214.0	99.0	197.0	156.0	162.0	139.0	178.0	173.0	210.0	171.0	231.0	163.0	248.0	178.0	184.0	200.0	157.0	196.0	194.0	202.0	167.0	224.0	174.0	266.0	177.0	258.0	246.0	264.0	204.0	284.0	216.0	298.0	217.0	363.0	183.0	1
76.0	202.0	70.0	219.0	94.0	199.0	157.0	160.0	141.0	175.0	175.0	214.0	170.0	239.0	162.0	256.0	181.0	183.0	200.0	154.0	201.0	197.0	205.0	167.0	225.0	173.0	266.0	176.0	257.0	252.0	263.0	206.0	290.0	223.0	304.0	223.0	372.0	186.0	1
76.0	199.0	73.0	215.0	97.0	197.0	157.0	160.0	138.0	177.0	173.0	211.0	169.0	235.0	161.0	251.0	179.0	184.0	203.0	155.0	197.0	195.0	206.0	167.0	226.0	173.0	267.0	177.0	255.0	249.0	263.0	205.0	285.0	219.0	296.0	218.0	366.0	188.0	1
77.0	199.0	73.0	214.0	98.0	197.0	157.0	161.0	139.0	177.0	172.0	211.0	168.0	234.0	159.0	250.0	183.0	184.0	201.0	156.0	198.0	196.0	205.0	168.0	228.0	175.0	269.0	177.0	259.0	248.0	265.0	205.0	286.0	219.0	298.0	218.0	365.0	183.0	1
77.0	201.0	72.0	216.0	97.0	198.0	157.0	163.0	141.0	178.0	176.0	213.0	173.0	237.0	164.0	253.0	179.0	184.0	202.0	156.0	197.0	196.0	206.0	170.0	224.0	175.0	263.0	177.0	256.0	251.0	262.0	206.0	286.0	221.0	299.0	221.0	366.0	185.0	1
63.0	201.0	57.0	218.0	87.0	198.0	151.0	158.0	130.0	177.0	172.0	215.0	167.0	241.0	159.0	262.0	174.0	182.0	199.0	151.0	195.0	195.0	203.0	164.0	224.0	169.0	275.0	174.0	268.0	257.0	268.0	206.0	296.0	222.0	312.0	222.0	390.0	182.0	1
74.0	202.0	69.0	217.0	95.0	200.0	157.0	161.0	140.0	178.0	173.0	212.0	171.0	237.0	161.0	255.0	180.0	185.0	201.0	155.0	200.0	198.0	206.0	169.0	224.0	174.0	267.0	177.0	258.0	251.0	267.0	209.0	288.0	222.0	301.0	222.0	368.0	185.0	1
74.0	201.0	70.0	217.0	98.0	198.0	156.0	163.0	141.0	178.0	172.0	212.0	169.0	236.0	162.0	254.0	181.0	184.0	200.0	157.0	197.0	196.0	204.0	169.0	226.0	175.0	264.0	177.0	259.0	250.0	258.0	204.0	286.0	221.0	299.0	220.0	367.0	187.0	1
71.0	201.0	68.0	217.0	95.0	198.0	158.0	162.0	141.0	177.0	173.0	213.0	170.0	237.0	160.0	255.0	180.0	184.0	203.0	155.0	199.0	196.0	207.0	168.0	227.0	174.0	266.0	176.0	258.0	251.0	265.0	205.0	290.0	221.0	302.0	220.0	371.0	184.0	1
73.0	200.0	69.0	215.0	98.0	197.0	157.0	162.0	141.0	177.0	172.0	212.0	170.0	235.0	161.0	251.0	181.0	185.0	201.0	156.0	195.0	195.0	205.0	168.0	227.0	175.0	269.0	177.0	257.0	248.0	266.0	207.0	285.0	219.0	299.0	219.0	370.0	184.0	1
71.0	201.0	65.0	215.0	95.0	198.0	155.0	162.0	139.0	178.0	173.0	212.0	171.0	237.0	162.0	255.0	180.0	184.0	198.0	156.0	196.0	195.0	203.0	168.0	225.0	174.0	269.0	177.0	261.0	250.0	266.0	205.0	291.0	219.0	304.0	219.0	372.0	184.0	1
72.0	199.0	69.0	215.0	95.0	197.0	158.0	160.0	139.0	177.0	170.0	214.0	168.0	239.0	157.0	257.0	180.0	184.0	203.0	154.0	196.0	196.0	208.0	167.0	226.0	172.0	267.0	176.0	253.0	253.0	266.0	207.0	290.0	222.0	300.0	221.0	370.0	186.0	1
72.0	201.0	70.0	217.0	96.0	198.0	160.0	163.0	142.0	178.0	174.0	214.0	171.0	236.0	163.0	253.0	176.0	184.0	203.0	157.0	200.0	197.0	206.0	169.0	224.0	174.0	266.0	178.0	258.0	248.0	265.0	206.0	284.0	219.0	297.0	219.0	365.0	189.0	1
76.0	199.0	71.0	215.0	101.0	196.0	158.0	163.0	144.0	178.0	174.0	212.0	168.0	235.0	159.0	252.0	181.0	185.0	202.0	157.0	199.0	197.0	206.0	169.0	227.0	175.0	263.0	178.0	255.0	249.0	261.0	206.0	281.0	220.0	296.0	220.0	363.0	186.0	1
77.0	201.0	73.0	216.0	96.0	199.0	156.0	162.0	139.0	178.0	173.0	213.0	171.0	237.0	163.0	255.0	179.0	184.0	199.0	157.0	198.0	197.0	204.0	168.0	226.0	174.0	265.0	177.0	257.0	252.0	261.0	205.0	288.0	221.0	301.0	221.0	368.0	184.0	1
71.0	200.0	66.0	216.0	94.0	196.0	157.0	161.0	141.0	175.0	174.0	212.0	170.0	235.0	161.0	253.0	181.0	184.0	202.0	153.0	198.0	195.0	206.0	167.0	229.0	174.0	269.0	176.0	259.0	249.0	267.0	205.0	289.0	219.0	301.0	219.0	373.0	186.0	1
74.0	200.0	71.0	215.0	99.0	197.0	156.0	164.0	142.0	179.0	174.0	212.0	172.0	234.0	160.0	251.0	183.0	186.0	198.0	157.0	198.0	197.0	206.0	171.0	227.0	176.0	264.0	178.0	254.0	249.0	262.0	205.0	286.0	220.0	299.0	219.0	365.0	185.0	1
72.0	201.0	67.0	217.0	93.0	198.0	154.0	161.0	138.0	177.0	173.0	215.0	170.0	239.0	160.0	256.0	180.0	183.0	199.0	153.0	199.0	196.0	204.0	167.0	225.0	173.0	270.0	176.0	258.0	253.0	263.0	206.0	289.0	222.0	302.0	222.0	373.0	184.0	1
73.0	201.0	70.0	215.0	95.0	199.0	157.0	165.0	141.0	180.0	171.0	213.0	168.0	235.0	161.0	251.0	182.0	187.0	202.0	159.0	196.0	197.0	206.0	171.0	226.0	176.0	267.0	178.0	258.0	248.0	262.0	205.0	288.0	219.0	303.0	220.0	375.0	186.0	1
61.0	196.0	81.0	200.0	77.0	216.0	163.0	160.0	144.0	177.0	175.0	237.0	177.0	215.0	166.0	256.0	100.0	198.0	186.0	185.0	200.0	196.0	206.0	155.0	212.0	168.0	231.0	173.0	257.0	252.0	263.0	206.0	270.0	177.0	294.0	221.0	372.0	185.0	1
65.0	200.0	60.0	215.0	91.0	198.0	154.0	160.0	138.0	176.0	172.0	215.0	167.0	237.0	154.0	255.0	180.0	184.0	199.0	154.0	198.0	197.0	205.0	166.0	229.0	173.0	270.0	177.0	259.0	252.0	267.0	206.0	290.0	221.0	304.0	221.0	378.0	185.0	1
78.0	200.0	73.0	216.0	98.0	198.0	158.0	163.0	140.0	178.0	173.0	213.0	171.0	237.0	160.0	254.0	177.0	184.0	201.0	156.0	197.0	196.0	205.0	168.0	227.0	174.0	268.0	177.0	253.0	252.0	263.0	207.0	287.0	221.0	300.0	221.0	369.0	185.0	1
75.0	202.0	73.0	217.0	95.0	199.0	154.0	162.0	138.0	179.0	175.0	214.0	171.0	237.0	164.0	254.0	180.0	184.0	200.0	155.0	198.0	196.0	204.0	167.0	225.0	173.0	268.0	177.0	258.0	251.0	265.0	206.0	288.0	221.0	301.0	221.0	370.0	185.0	1
72.0	201.0	69.0	218.0	90.0	198.0	156.0	160.0	139.0	176.0	175.0	214.0	173.0	238.0	164.0	257.0	179.0	183.0	203.0	154.0	196.0	196.0	206.0	167.0	228.0	173.0	266.0	176.0	257.0	252.0	262.0	205.0	286.0	221.0	299.0	221.0	371.0	187.0	1
74.0	201.0	68.0	215.0	101.0	198.0	156.0	163.0	139.0	179.0	174.0	213.0	172.0	235.0	162.0	251.0	179.0	185.0	199.0	156.0	198.0	197.0	205.0	169.0	224.0	173.0	269.0	177.0	256.0	250.0	266.0	206.0	287.0	220.0	299.0	220.0	368.0	184.0	1
73.0	198.0	70.0	215.0	95.0	196.0	157.0	159.0	138.0	176.0	172.0	213.0	169.0	235.0	160.0	254.0	178.0	183.0	201.0	152.0	196.0	195.0	205.0	166.0	227.0	173.0	266.0	176.0	257.0	252.0	266.0	206.0	288.0	221.0	300.0	220.0	372.0	183.0	1
75.0	200.0	68.0	215.0	97.0	197.0	158.0	162.0	143.0	177.0	175.0	213.0	172.0	237.0	163.0	254.0	183.0	184.0	203.0	156.0	199.0	196.0	208.0	169.0	228.0	175.0	265.0	177.0	254.0	251.0	263.0	205.0	286.0	221.0	300.0	221.0	365.0	184.0	1
80.0	202.0	75.0	216.0	97.0	200.0	159.0	163.0	142.0	179.0	174.0	213.0	173.0	237.0	165.0	253.0	180.0	185.0	200.0	158.0	198.0	197.0	204.0	170.0	225.0	176.0	268.0	178.0	256.0	248.0	263.0	205.0	285.0	220.0	295.0	219.0	365.0	186.0	1
77.0	201.0	72.0	216.0	98.0	199.0	157.0	163.0	142.0	179.0	174.0	213.0	172.0	236.0	164.0	253.0	181.0	185.0	201.0	156.0	197.0	196.0	206.0	169.0	226.0	174.0	267.0	178.0	255.0	249.0	263.0	205.0	285.0	221.0	300.0	221.0	368.0	186.0	1
76.0	201.0	72.0	216.0	97.0	199.0	156.0	164.0	139.0	178.0	172.0	212.0	170.0	236.0	161.0	252.0	178.0	185.0	200.0	158.0	196.0	197.0	204.0	170.0	224.0	175.0	266.0	178.0	258.0	249.0	264.0	205.0	288.0	220.0	302.0	219.0	370.0	186.0	1
78.0	201.0	75.0	216.0	99.0	199.0	158.0	162.0	140.0	179.0	175.0	213.0	171.0	236.0	163.0	252.0	178.0	184.0	198.0	157.0	196.0	196.0	202.0	169.0	223.0	174.0	263.0	177.0	254.0	250.0	260.0	204.0	286.0	221.0	298.0	220.0	363.0	185.0	1
71.0	202.0	66.0	218.0	95.0	198.0	153.0	162.0	138.0	177.0	173.0	213.0	170.0	237.0	161.0	255.0	179.0	184.0	198.0	155.0	199.0	197.0	204.0	168.0	226.0	174.0	267.0	177.0	257.0	251.0	265.0	207.0	287.0	221.0	301.0	221.0	370.0	185.0	1
76.0	201.0	73.0	216.0	96.0	199.0	155.0	164.0	140.0	178.0	175.0	211.0	172.0	235.0	164.0	252.0	179.0	184.0	199.0	157.0	197.0	195.0	202.0	168.0	223.0	174.0	268.0	177.0	260.0	248.0	263.0	203.0	289.0	219.0	300.0	218.0	368.0	185.0	1
93.0	182.0	23.0	220.0	108.0	182.0	135.0	150.0	128.0	195.0	128.0	225.0	163.0	226.0	191.0	234.0	201.0	205.0	227.0	162.0	215.0	216.0	225.0	184.0	235.0	142.0	263.0	221.0	243.0	237.0	292.0	288.0	309.0	196.0	333.0	176.0	330.0	193.0	1
72.0	201.0	69.0	216.0	96.0	198.0	157.0	163.0	139.0	179.0	172.0	212.0	171.0	235.0	161.0	252.0	177.0	184.0	200.0	157.0	195.0	195.0	204.0	169.0	224.0	174.0	269.0	177.0	256.0	249.0	267.0	206.0	287.0	220.0	301.0	220.0	367.0	185.0	1
75.0	201.0	72.0	217.0	96.0	197.0	157.0	161.0	139.0	178.0	173.0	214.0	169.0	238.0	160.0	255.0	179.0	184.0	200.0	155.0	198.0	197.0	204.0	168.0	224.0	174.0	266.0	176.0	258.0	250.0	267.0	209.0	286.0	221.0	301.0	221.0	370.0	184.0	1
82.0	200.0	78.0	216.0	101.0	197.0	159.0	164.0	143.0	178.0	174.0	213.0	172.0	235.0	162.0	251.0	178.0	185.0	201.0	158.0	198.0	198.0	206.0	170.0	224.0	176.0	266.0	180.0	255.0	246.0	261.0	206.0	282.0	220.0	295.0	219.0	363.0	186.0	1
73.0	201.0	71.0	216.0	97.0	198.0	157.0	162.0	142.0	177.0	172.0	212.0	171.0	237.0	162.0	254.0	179.0	184.0	201.0	156.0	197.0	197.0	206.0	169.0	228.0	175.0	267.0	178.0	255.0	249.0	266.0	207.0	285.0	220.0	300.0	220.0	368.0	186.0	1
77.0	202.0	71.0	217.0	95.0	199.0	157.0	163.0	140.0	179.0	171.0	212.0	169.0	235.0	162.0	252.0	180.0	185.0	202.0	155.0	196.0	196.0	206.0	168.0	228.0	175.0	269.0	179.0	258.0	250.0	264.0	206.0	286.0	221.0	299.0	221.0	368.0	187.0	1
70.0	203.0	66.0	218.0	92.0	200.0	152.0	163.0	137.0	179.0	173.0	214.0	171.0	238.0	163.0	255.0	181.0	185.0	200.0	155.0	198.0	196.0	204.0	168.0	226.0	174.0	267.0	177.0	257.0	252.0	263.0	205.0	289.0	222.0	303.0	222.0	368.0	187.0	1
77.0	202.0	72.0	216.0	96.0	199.0	155.0	165.0	140.0	180.0	174.0	213.0	172.0	235.0	163.0	250.0	178.0	186.0	201.0	159.0	195.0	197.0	205.0	172.0	228.0	178.0	267.0	180.0	257.0	248.0	266.0	208.0	284.0	219.0	299.0	220.0	361.0	184.0	1
72.0	200.0	67.0	215.0	96.0	197.0	155.0	162.0	138.0	178.0	173.0	213.0	170.0	236.0	159.0	254.0	176.0	183.0	201.0	156.0	198.0	198.0	206.0	169.0	228.0	175.0	267.0	178.0	257.0	249.0	262.0	205.0	288.0	221.0	299.0	220.0	365.0	183.0	1
78.0	201.0	72.0	214.0	100.0	198.0	157.0	164.0	142.0	179.0	174.0	214.0	172.0	236.0	165.0	252.0	178.0	186.0	201.0	159.0	196.0	198.0	205.0	171.0	225.0	176.0	263.0	178.0	256.0	248.0	265.0	208.0	284.0	219.0	297.0	218.0	365.0	184.0	1
75.0	203.0	71.0	217.0	97.0	199.0	157.0	162.0	138.0	178.0	173.0	212.0	171.0	237.0	163.0	254.0	181.0	186.0	199.0	157.0	195.0	196.0	202.0	169.0	222.0	175.0	264.0	177.0	255.0	247.0	264.0	206.0	285.0	219.0	298.0	219.0	372.0	189.0	1
76.0	201.0	71.0	216.0	97.0	198.0	157.0	162.0	140.0	179.0	174.0	213.0	170.0	236.0	161.0	254.0	179.0	184.0	202.0	157.0	197.0	196.0	205.0	169.0	227.0	175.0	269.0	178.0	254.0	248.0	263.0	206.0	284.0	220.0	298.0	221.0	365.0	187.0	1
74.0	201.0	71.0	216.0	96.0	198.0	156.0	163.0	141.0	178.0	175.0	211.0	170.0	234.0	160.0	251.0	180.0	184.0	200.0	157.0	197.0	195.0	204.0	169.0	227.0	175.0	270.0	178.0	255.0	248.0	264.0	206.0	287.0	221.0	300.0	221.0	367.0	186.0	1
73.0	199.0	70.0	214.0	100.0	196.0	161.0	161.0	143.0	177.0	173.0	212.0	170.0	236.0	162.0	252.0	184.0	185.0	202.0	157.0	198.0	197.0	208.0	169.0	229.0	175.0	268.0	179.0	256.0	248.0	266.0	207.0	285.0	220.0	298.0	220.0	370.0	185.0	1
73.0	201.0	71.0	215.0	97.0	198.0	157.0	162.0	139.0	179.0	174.0	213.0	171.0	237.0	162.0	253.0	181.0	185.0	202.0	156.0	199.0	197.0	207.0	169.0	225.0	174.0	259.0	176.0	257.0	249.0	265.0	207.0	283.0	219.0	296.0	219.0	369.0	186.0	1
72.0	201.0	69.0	218.0	93.0	198.0	154.0	161.0	135.0	179.0	172.0	214.0	169.0	238.0	161.0	256.0	180.0	184.0	201.0	153.0	199.0	196.0	206.0	167.0	227.0	173.0	270.0	177.0	258.0	252.0	267.0	207.0	289.0	221.0	303.0	221.0	369.0	184.0	1
77.0	202.0	74.0	217.0	100.0	199.0	156.0	163.0	140.0	179.0	175.0	214.0	174.0	237.0	165.0	252.0	180.0	185.0	199.0	158.0	197.0	197.0	202.0	170.0	225.0	176.0	263.0	177.0	255.0	248.0	262.0	204.0	287.0	220.0	300.0	220.0	366.0	185.0	1
80.0	201.0	75.0	215.0	102.0	199.0	161.0	164.0	146.0	178.0	175.0	213.0	172.0	235.0	164.0	251.0	181.0	185.0	201.0	159.0	198.0	197.0	206.0	171.0	226.0	177.0	266.0	179.0	253.0	249.0	260.0	205.0	283.0	219.0	296.0	219.0	362.0	187.0	1
79.0	199.0	75.0	215.0	102.0	197.0	162.0	162.0	147.0	176.0	174.0	212.0	170.0	235.0	160.0	252.0	184.0	185.0	203.0	158.0	198.0	197.0	207.0	171.0	226.0	176.0	265.0	179.0	254.0	251.0	258.0	205.0	282.0	221.0	296.0	221.0	364.0	186.0	1
75.0	202.0	71.0	216.0	96.0	199.0	157.0	162.0	140.0	179.0	174.0	213.0	173.0	238.0	166.0	254.0	179.0	186.0	199.0	156.0	195.0	196.0	204.0	169.0	225.0	174.0	266.0	177.0	260.0	247.0	262.0	205.0	285.0	220.0	299.0	219.0	367.0	187.0	1
69.0	202.0	64.0	217.0	90.0	199.0	153.0	162.0	136.0	178.0	173.0	213.0	170.0	237.0	164.0	253.0	180.0	185.0	199.0	156.0	198.0	196.0	203.0	168.0	227.0	173.0	271.0	176.0	261.0	250.0	265.0	204.0	293.0	220.0	305.0	221.0	375.0	185.0	1
76.0	202.0	72.0	216.0	97.0	199.0	156.0	165.0	141.0	180.0	176.0	213.0	173.0	234.0	166.0	251.0	182.0	186.0	199.0	159.0	200.0	197.0	203.0	170.0	224.0	176.0	263.0	178.0	257.0	248.0	261.0	203.0	284.0	219.0	298.0	218.0	365.0	188.0	1
70.0	200.0	66.0	215.0	94.0	198.0	156.0	161.0	140.0	177.0	173.0	214.0	168.0	236.0	158.0	254.0	181.0	184.0	200.0	155.0	198.0	195.0	205.0	168.0	229.0	174.0	267.0	176.0	256.0	251.0	265.0	207.0	287.0	221.0	301.0	222.0	372.0	184.0	1
76.0	201.0	71.0	217.0	98.0	197.0	158.0	161.0	140.0	177.0	172.0	213.0	171.0	237.0	162.0	254.0	181.0	185.0	201.0	155.0	198.0	198.0	206.0	167.0	226.0	173.0	270.0	178.0	255.0	249.0	262.0	206.0	285.0	220.0	296.0	220.0	366.0	187.0	1
69.0	202.0	66.0	217.0	90.0	199.0	156.0	161.0	138.0	177.0	172.0	213.0	171.0	237.0	161.0	254.0	180.0	184.0	200.0	156.0	196.0	195.0	204.0	168.0	226.0	175.0	269.0	177.0	256.0	249.0	269.0	208.0	286.0	220.0	302.0	221.0	376.0	189.0	1
69.0	202.0	64.0	218.0	90.0	199.0	154.0	161.0	137.0	177.0	171.0	213.0	168.0	239.0	160.0	257.0	180.0	184.0	198.0	154.0	193.0	194.0	204.0	168.0	225.0	173.0	272.0	176.0	259.0	251.0	269.0	207.0	290.0	220.0	304.0	220.0	376.0	185.0	1
72.0	200.0	68.0	216.0	95.0	198.0	157.0	162.0	139.0	178.0	173.0	212.0	169.0	236.0	160.0	253.0	181.0	185.0	201.0	156.0	197.0	196.0	206.0	168.0	227.0	175.0	270.0	178.0	258.0	250.0	266.0	206.0	288.0	221.0	301.0	220.0	368.0	186.0	1
75.0	202.0	71.0	217.0	98.0	198.0	156.0	162.0	137.0	180.0	173.0	212.0	172.0	235.0	163.0	252.0	182.0	186.0	201.0	157.0	197.0	197.0	207.0	170.0	228.0	175.0	270.0	178.0	258.0	247.0	264.0	205.0	285.0	220.0	300.0	220.0	370.0	187.0	1
75.0	200.0	71.0	217.0	96.0	197.0	155.0	161.0	138.0	176.0	172.0	212.0	170.0	238.0	161.0	256.0	180.0	184.0	202.0	155.0	195.0	196.0	207.0	168.0	225.0	173.0	271.0	177.0	258.0	253.0	261.0	204.0	287.0	220.0	301.0	220.0	370.0	183.0	1
72.0	202.0	68.0	215.0	98.0	199.0	156.0	164.0	139.0	179.0	174.0	212.0	173.0	235.0	165.0	251.0	181.0	185.0	200.0	159.0	196.0	196.0	204.0	170.0	225.0	176.0	267.0	178.0	257.0	247.0	266.0	205.0	287.0	219.0	301.0	219.0	370.0	185.0	1
75.0	200.0	70.0	217.0	94.0	197.0	157.0	161.0	139.0	176.0	173.0	213.0	171.0	236.0	161.0	254.0	181.0	183.0	203.0	154.0	197.0	194.0	205.0	166.0	225.0	172.0	266.0	176.0	252.0	251.0	264.0	205.0	289.0	221.0	300.0	221.0	370.0	186.0	1
72.0	199.0	67.0	215.0	95.0	197.0	156.0	161.0	139.0	178.0	173.0	212.0	172.0	237.0	160.0	254.0	180.0	184.0	202.0	156.0	197.0	196.0	207.0	168.0	228.0	174.0	267.0	178.0	253.0	251.0	263.0	206.0	286.0	221.0	299.0	220.0	371.0	185.0	1
70.0	200.0	65.0	216.0	92.0	198.0	153.0	161.0	137.0	178.0	172.0	214.0	168.0	237.0	160.0	255.0	174.0	183.0	201.0	154.0	197.0	196.0	206.0	167.0	227.0	173.0	269.0	177.0	259.0	253.0	265.0	207.0	288.0	222.0	300.0	221.0	369.0	183.0	1
74.0	201.0	70.0	216.0	96.0	198.0	156.0	162.0	141.0	178.0	174.0	214.0	173.0	237.0	165.0	254.0	181.0	185.0	200.0	157.0	198.0	197.0	205.0	170.0	226.0	175.0	261.0	177.0	258.0	248.0	262.0	206.0	285.0	220.0	298.0	219.0	367.0	185.0	1
74.0	200.0	70.0	216.0	100.0	197.0	156.0	162.0	141.0	178.0	173.0	214.0	170.0	237.0	161.0	253.0	181.0	186.0	201.0	156.0	197.0	196.0	206.0	169.0	227.0	174.0	271.0	178.0	255.0	251.0	263.0	206.0	287.0	220.0	299.0	220.0	368.0	186.0	1
75.0	201.0	69.0	217.0	97.0	199.0	156.0	161.0	140.0	178.0	174.0	214.0	171.0	239.0	163.0	257.0	178.0	184.0	204.0	154.0	199.0	197.0	207.0	167.0	228.0	174.0	265.0	176.0	255.0	252.0	263.0	207.0	286.0	221.0	298.0	220.0	369.0	187.0	1
72.0	200.0	69.0	217.0	94.0	197.0	159.0	161.0	139.0	176.0	173.0	213.0	171.0	239.0	160.0	255.0	180.0	184.0	201.0	155.0	198.0	196.0	205.0	168.0	229.0	175.0	272.0	178.0	258.0	252.0	269.0	207.0	289.0	221.0	303.0	221.0	376.0	186.0	1
72.0	202.0	66.0	217.0	96.0	199.0	155.0	163.0	140.0	179.0	171.0	213.0	168.0	236.0	163.0	254.0	178.0	185.0	203.0	156.0	197.0	197.0	205.0	168.0	227.0	174.0	271.0	178.0	258.0	249.0	267.0	207.0	286.0	221.0	300.0	220.0	373.0	188.0	1
74.0	201.0	71.0	217.0	98.0	198.0	156.0	162.0	140.0	178.0	172.0	213.0	168.0	235.0	161.0	252.0	182.0	184.0	201.0	156.0	201.0	197.0	204.0	168.0	225.0	175.0	268.0	178.0	261.0	249.0	265.0	206.0	287.0	220.0	302.0	220.0	367.0	185.0	1
68.0	199.0	64.0	215.0	91.0	197.0	154.0	159.0	136.0	174.0	171.0	211.0	168.0	235.0	159.0	252.0	177.0	181.0	200.0	152.0	194.0	194.0	204.0	165.0	227.0	172.0	273.0	175.0	257.0	250.0	270.0	206.0	291.0	220.0	305.0	220.0	374.0	184.0	1
73.0	199.0	69.0	216.0	96.0	197.0	158.0	160.0	139.0	177.0	171.0	213.0	169.0	237.0	160.0	256.0	181.0	184.0	202.0	154.0	196.0	195.0	207.0	167.0	228.0	172.0	266.0	177.0	253.0	251.0	266.0	206.0	288.0	221.0	301.0	220.0	373.0	185.0	1
75.0	201.0	71.0	216.0	96.0	199.0	154.0	163.0	137.0	179.0	174.0	213.0	170.0	237.0	162.0	253.0	181.0	185.0	201.0	157.0	199.0	197.0	207.0	169.0	225.0	174.0	267.0	178.0	255.0	249.0	265.0	206.0	286.0	221.0	298.0	220.0	366.0	187.0	1
64.0	202.0	61.0	219.0	86.0	199.0	147.0	160.0	130.0	176.0	172.0	214.0	171.0	240.0	162.0	258.0	176.0	183.0	197.0	153.0	195.0	195.0	201.0	166.0	223.0	172.0	269.0	174.0	262.0	254.0	271.0	207.0	295.0	222.0	307.0	221.0	383.0	181.0	1
75.0	201.0	69.0	216.0	98.0	198.0	156.0	163.0	140.0	179.0	172.0	212.0	171.0	236.0	164.0	252.0	180.0	185.0	200.0	157.0	194.0	195.0	204.0	169.0	226.0	176.0	262.0	178.0	254.0	248.0	262.0	206.0	284.0	220.0	298.0	220.0	361.0	186.0	1
76.0	201.0	73.0	216.0	98.0	198.0	156.0	164.0	141.0	178.0	172.0	212.0	170.0	235.0	163.0	252.0	179.0	185.0	200.0	157.0	197.0	197.0	204.0	169.0	225.0	175.0	265.0	177.0	258.0	248.0	262.0	205.0	286.0	219.0	298.0	218.0	367.0	185.0	1
73.0	199.0	67.0	215.0	97.0	198.0	159.0	162.0	141.0	179.0	174.0	212.0	172.0	235.0	162.0	252.0	178.0	183.0	204.0	156.0	198.0	196.0	209.0	168.0	229.0	174.0	266.0	178.0	255.0	251.0	262.0	206.0	287.0	220.0	298.0	220.0	367.0	186.0	1
75.0	199.0	73.0	215.0	98.0	197.0	158.0	161.0	142.0	176.0	174.0	210.0	171.0	234.0	162.0	250.0	179.0	182.0	203.0	156.0	198.0	195.0	206.0	168.0	227.0	175.0	266.0	177.0	255.0	246.0	261.0	205.0	283.0	218.0	295.0	218.0	362.0	186.0	1
74.0	201.0	71.0	216.0	94.0	199.0	156.0	162.0	139.0	178.0	175.0	213.0	172.0	238.0	165.0	255.0	178.0	184.0	200.0	155.0	199.0	197.0	203.0	167.0	225.0	174.0	267.0	177.0	256.0	251.0	264.0	206.0	288.0	221.0	300.0	220.0	367.0	185.0	1
73.0	198.0	70.0	213.0	95.0	197.0	156.0	161.0	138.0	177.0	173.0	210.0	171.0	235.0	161.0	249.0	179.0	183.0	201.0	155.0	196.0	194.0	205.0	167.0	226.0	173.0	270.0	177.0	250.0	247.0	263.0	205.0	283.0	219.0	295.0	219.0	365.0	187.0	1
76.0	201.0	71.0	215.0	98.0	199.0	157.0	163.0	142.0	178.0	175.0	214.0	172.0	238.0	165.0	254.0	179.0	185.0	199.0	156.0	197.0	196.0	203.0	169.0	225.0	175.0	268.0	178.0	253.0	250.0	263.0	206.0	284.0	220.0	299.0	220.0	366.0	185.0	1
69.0	200.0	65.0	216.0	94.0	197.0	156.0	163.0	141.0	177.0	173.0	213.0	170.0	236.0	158.0	253.0	181.0	184.0	204.0	155.0	199.0	196.0	210.0	169.0	229.0	175.0	266.0	178.0	255.0	251.0	265.0	206.0	286.0	222.0	299.0	222.0	369.0	187.0	1
72.0	200.0	69.0	216.0	100.0	196.0	157.0	161.0	141.0	177.0	170.0	213.0	169.0	236.0	160.0	254.0	182.0	185.0	201.0	157.0	198.0	196.0	206.0	169.0	224.0	174.0	271.0	178.0	255.0	250.0	263.0	207.0	284.0	220.0	297.0	219.0	368.0	186.0	1
73.0	200.0	68.0	215.0	98.0	197.0	155.0	162.0	137.0	179.0	172.0	214.0	169.0	237.0	160.0	254.0	181.0	185.0	200.0	154.0	196.0	196.0	206.0	168.0	224.0	173.0	267.0	177.0	257.0	253.0	263.0	206.0	290.0	222.0	302.0	221.0	367.0	182.0	1
72.0	200.0	68.0	215.0	97.0	198.0	156.0	164.0	141.0	179.0	173.0	213.0	171.0	235.0	162.0	252.0	181.0	186.0	200.0	157.0	195.0	196.0	204.0	169.0	225.0	174.0	266.0	177.0	256.0	247.0	265.0	206.0	286.0	220.0	300.0	220.0	369.0	186.0	1
72.0	201.0	69.0	217.0	96.0	198.0	156.0	162.0	139.0	179.0	173.0	213.0	172.0	236.0	163.0	254.0	180.0	184.0	202.0	155.0	198.0	196.0	207.0	167.0	229.0	174.0	268.0	176.0	261.0	251.0	264.0	204.0	290.0	221.0	301.0	220.0	373.0	185.0	1
76.0	201.0	71.0	216.0	98.0	198.0	156.0	162.0	138.0	180.0	173.0	214.0	170.0	237.0	162.0	254.0	179.0	184.0	202.0	156.0	198.0	197.0	206.0	169.0	225.0	174.0	266.0	178.0	256.0	248.0	260.0	204.0	285.0	221.0	299.0	221.0	366.0	186.0	1
71.0	201.0	66.0	216.0	91.0	199.0	158.0	161.0	141.0	176.0	174.0	214.0	172.0	237.0	162.0	254.0	179.0	184.0	202.0	155.0	198.0	198.0	207.0	167.0	225.0	172.0	267.0	176.0	258.0	250.0	264.0	206.0	286.0	220.0	299.0	220.0	369.0	184.0	1
76.0	201.0	70.0	215.0	96.0	199.0	160.0	163.0	144.0	177.0	175.0	212.0	172.0	235.0	164.0	251.0	180.0	184.0	200.0	157.0	197.0	196.0	205.0	168.0	226.0	175.0	266.0	178.0	255.0	247.0	259.0	203.0	284.0	219.0	297.0	219.0	362.0	188.0	1
71.0	200.0	68.0	216.0	94.0	197.0	158.0	163.0	142.0	178.0	173.0	214.0	170.0	236.0	160.0	252.0	178.0	184.0	201.0	158.0	196.0	197.0	206.0	170.0	226.0	175.0	270.0	178.0	255.0	250.0	267.0	208.0	286.0	219.0	298.0	219.0	367.0	185.0	1
70.0	200.0	66.0	215.0	93.0	197.0	156.0	162.0	139.0	176.0	171.0	212.0	169.0	235.0	161.0	252.0	180.0	184.0	202.0	155.0	197.0	197.0	205.0	168.0	227.0	174.0	268.0	177.0	256.0	249.0	267.0	207.0	286.0	219.0	300.0	219.0	370.0	184.0	1
75.0	202.0	73.0	219.0	94.0	199.0	154.0	161.0	136.0	178.0	173.0	215.0	171.0	239.0	161.0	256.0	179.0	183.0	201.0	154.0	199.0	197.0	204.0	167.0	225.0	173.0	264.0	176.0	258.0	251.0	262.0	206.0	289.0	222.0	301.0	222.0	371.0	185.0	1
76.0	199.0	73.0	216.0	97.0	196.0	155.0	161.0	141.0	177.0	171.0	211.0	168.0	236.0	160.0	253.0	181.0	185.0	204.0	154.0	195.0	195.0	207.0	167.0	226.0	173.0	269.0	178.0	255.0	249.0	262.0	205.0	285.0	220.0	296.0	219.0	365.0	188.0	1
76.0	201.0	73.0	217.0	98.0	199.0	156.0	162.0	139.0	178.0	174.0	212.0	172.0	236.0	161.0	252.0	182.0	185.0	200.0	156.0	198.0	196.0	206.0	169.0	226.0	175.0	268.0	179.0	253.0	249.0	262.0	206.0	284.0	220.0	297.0	220.0	369.0	187.0	1
73.0	201.0	68.0	216.0	98.0	198.0	161.0	163.0	142.0	179.0	172.0	215.0	170.0	238.0	160.0	255.0	180.0	186.0	201.0	157.0	195.0	197.0	206.0	171.0	226.0	176.0	267.0	178.0	257.0	250.0	267.0	208.0	287.0	221.0	300.0	221.0	372.0	187.0	1
72.0	201.0	70.0	215.0	101.0	198.0	160.0	164.0	144.0	178.0	174.0	212.0	172.0	234.0	164.0	251.0	181.0	185.0	199.0	159.0	196.0	195.0	203.0	170.0	223.0	175.0	267.0	178.0	255.0	247.0	266.0	207.0	285.0	219.0	299.0	219.0	364.0	185.0	1
75.0	203.0	73.0	214.0	99.0	200.0	155.0	166.0	140.0	180.0	174.0	211.0	172.0	234.0	163.0	250.0	179.0	186.0	197.0	159.0	197.0	197.0	201.0	170.0	223.0	175.0	263.0	177.0	256.0	247.0	263.0	205.0	286.0	218.0	298.0	217.0	363.0	185.0	1
74.0	202.0	72.0	217.0	98.0	198.0	157.0	163.0	139.0	179.0	172.0	213.0	171.0	235.0	163.0	253.0	180.0	185.0	198.0	157.0	195.0	196.0	202.0	169.0	225.0	174.0	265.0	176.0	255.0	247.0	267.0	208.0	286.0	220.0	299.0	219.0	369.0	186.0	1
71.0	201.0	67.0	217.0	96.0	198.0	156.0	162.0	140.0	178.0	172.0	213.0	170.0	236.0	160.0	254.0	177.0	184.0	200.0	156.0	195.0	197.0	204.0	168.0	229.0	176.0	271.0	179.0	258.0	251.0	266.0	206.0	289.0	220.0	304.0	220.0	370.0	184.0	1
73.0	202.0	69.0	217.0	93.0	198.0	155.0	161.0	137.0	178.0	172.0	212.0	170.0	238.0	162.0	255.0	181.0	183.0	202.0	154.0	199.0	196.0	206.0	167.0	227.0	173.0	269.0	176.0	255.0	252.0	266.0	208.0	288.0	222.0	301.0	222.0	371.0	183.0	1
77.0	202.0	74.0	217.0	99.0	199.0	155.0	163.0	139.0	179.0	173.0	214.0	170.0	237.0	160.0	252.0	183.0	186.0	198.0	157.0	195.0	196.0	204.0	170.0	225.0	175.0	267.0	177.0	260.0	248.0	264.0	206.0	288.0	221.0	298.0	220.0	365.0	188.0	1
78.0	202.0	75.0	216.0	100.0	199.0	157.0	164.0	140.0	180.0	175.0	215.0	173.0	238.0	164.0	252.0	177.0	185.0	200.0	158.0	197.0	198.0	204.0	170.0	222.0	175.0	262.0	176.0	261.0	250.0	264.0	206.0	287.0	221.0	299.0	220.0	368.0	183.0	1
74.0	201.0	69.0	216.0	92.0	198.0	155.0	161.0	135.0	179.0	170.0	214.0	168.0	239.0	161.0	256.0	176.0	184.0	202.0	154.0	197.0	197.0	206.0	168.0	225.0	173.0	268.0	177.0	257.0	249.0	264.0	206.0	286.0	220.0	299.0	219.0	367.0	187.0	1
72.0	200.0	67.0	215.0	97.0	197.0	158.0	162.0	141.0	177.0	174.0	213.0	172.0	236.0	165.0	253.0	182.0	184.0	204.0	156.0	196.0	195.0	206.0	168.0	227.0	174.0	267.0	177.0	260.0	247.0	267.0	208.0	286.0	220.0	298.0	219.0	370.0	185.0	1
73.0	198.0	71.0	214.0	100.0	196.0	160.0	162.0	144.0	177.0	175.0	213.0	170.0	236.0	161.0	252.0	182.0	184.0	204.0	157.0	198.0	196.0	207.0	169.0	231.0	176.0	270.0	179.0	252.0	250.0	267.0	208.0	284.0	220.0	298.0	220.0	368.0	186.0	1
76.0	201.0	72.0	215.0	96.0	198.0	157.0	161.0	138.0	178.0	171.0	211.0	171.0	234.0	165.0	250.0	176.0	183.0	201.0	154.0	196.0	195.0	204.0	167.0	225.0	173.0	267.0	176.0	258.0	248.0	265.0	205.0	288.0	219.0	302.0	219.0	367.0	182.0	1
74.0	201.0	69.0	216.0	96.0	198.0	158.0	161.0	140.0	177.0	173.0	214.0	172.0	237.0	164.0	254.0	183.0	184.0	203.0	155.0	198.0	196.0	207.0	168.0	227.0	174.0	269.0	178.0	255.0	250.0	263.0	205.0	286.0	221.0	299.0	221.0	366.0	188.0	1
76.0	202.0	71.0	216.0	96.0	198.0	159.0	164.0	143.0	179.0	176.0	213.0	172.0	235.0	165.0	251.0	183.0	185.0	200.0	158.0	199.0	197.0	205.0	170.0	224.0	175.0	261.0	178.0	259.0	247.0	262.0	206.0	286.0	220.0	298.0	219.0	363.0	185.0	1
76.0	202.0	72.0	218.0	97.0	199.0	155.0	162.0	138.0	178.0	174.0	215.0	173.0	239.0	165.0	257.0	176.0	184.0	199.0	155.0	198.0	196.0	203.0	168.0	224.0	174.0	264.0	176.0	254.0	252.0	262.0	205.0	287.0	222.0	300.0	221.0	371.0	186.0	1
69.0	200.0	65.0	216.0	94.0	196.0	158.0	160.0	140.0	176.0	171.0	213.0	168.0	237.0	159.0	254.0	181.0	183.0	201.0	153.0	198.0	196.0	205.0	166.0	230.0	174.0	265.0	177.0	261.0	252.0	265.0	206.0	289.0	221.0	303.0	221.0	369.0	183.0	1
75.0	201.0	72.0	216.0	95.0	198.0	156.0	162.0	138.0	178.0	174.0	213.0	170.0	237.0	161.0	253.0	182.0	185.0	201.0	155.0	199.0	196.0	206.0	169.0	228.0	174.0	273.0	178.0	258.0	250.0	268.0	207.0	289.0	221.0	301.0	221.0	371.0	186.0	1
76.0	201.0	71.0	215.0	97.0	198.0	157.0	163.0	140.0	179.0	175.0	213.0	173.0	236.0	166.0	252.0	180.0	185.0	202.0	158.0	200.0	198.0	207.0	171.0	228.0	176.0	271.0	179.0	260.0	248.0	263.0	204.0	290.0	220.0	302.0	219.0	370.0	184.0	1
73.0	200.0	70.0	216.0	95.0	197.0	156.0	162.0	139.0	178.0	173.0	213.0	171.0	237.0	162.0	255.0	182.0	184.0	201.0	155.0	199.0	197.0	206.0	168.0	226.0	174.0	269.0	177.0	257.0	252.0	264.0	206.0	290.0	222.0	303.0	221.0	376.0	185.0	1
75.0	200.0	70.0	215.0	98.0	197.0	159.0	161.0	141.0	177.0	174.0	213.0	170.0	236.0	159.0	253.0	181.0	185.0	201.0	156.0	198.0	196.0	206.0	168.0	225.0	174.0	266.0	178.0	254.0	251.0	264.0	207.0	286.0	220.0	298.0	220.0	369.0	186.0	1
73.0	201.0	71.0	216.0	95.0	198.0	158.0	162.0	139.0	177.0	171.0	213.0	168.0	237.0	160.0	254.0	182.0	186.0	200.0	156.0	196.0	196.0	205.0	169.0	226.0	175.0	270.0	177.0	257.0	251.0	268.0	208.0	286.0	220.0	299.0	220.0	365.0	183.0	1
75.0	200.0	70.0	215.0	99.0	198.0	161.0	164.0	145.0	177.0	175.0	213.0	171.0	234.0	160.0	252.0	182.0	185.0	202.0	157.0	198.0	197.0	207.0	170.0	227.0	175.0	265.0	178.0	253.0	251.0	265.0	207.0	286.0	220.0	300.0	220.0	363.0	185.0	1
76.0	201.0	73.0	217.0	96.0	198.0	156.0	163.0	139.0	178.0	173.0	213.0	172.0	238.0	163.0	254.0	178.0	184.0	199.0	157.0	197.0	197.0	202.0	170.0	225.0	175.0	268.0	177.0	257.0	249.0	263.0	205.0	288.0	220.0	301.0	220.0	368.0	186.0	1
70.0	200.0	64.0	215.0	93.0	198.0	155.0	162.0	137.0	179.0	173.0	215.0	171.0	238.0	162.0	255.0	182.0	186.0	201.0	156.0	199.0	198.0	205.0	169.0	226.0	174.0	267.0	177.0	259.0	249.0	266.0	206.0	287.0	219.0	302.0	219.0	372.0	185.0	1
73.0	200.0	69.0	216.0	94.0	198.0	156.0	163.0	139.0	179.0	173.0	213.0	169.0	236.0	158.0	253.0	180.0	185.0	202.0	157.0	199.0	197.0	206.0	170.0	227.0	175.0	271.0	178.0	257.0	248.0	267.0	208.0	287.0	220.0	299.0	220.0	370.0	187.0	1
66.0	201.0	62.0	220.0	89.0	197.0	155.0	157.0	136.0	174.0	174.0	213.0	170.0	238.0	159.0	259.0	180.0	181.0	201.0	150.0	202.0	197.0	206.0	164.0	231.0	173.0	268.0	175.0	262.0	252.0	270.0	207.0	295.0	222.0	308.0	222.0	382.0	184.0	1
77.0	201.0	73.0	216.0	99.0	199.0	158.0	163.0	142.0	179.0	173.0	212.0	171.0	236.0	164.0	252.0	183.0	187.0	200.0	158.0	195.0	196.0	205.0	171.0	225.0	176.0	266.0	179.0	252.0	248.0	265.0	207.0	283.0	220.0	297.0	220.0	365.0	189.0	1
71.0	202.0	66.0	216.0	92.0	199.0	155.0	162.0	138.0	177.0	172.0	213.0	170.0	237.0	160.0	255.0	180.0	183.0	200.0	155.0	197.0	195.0	205.0	167.0	225.0	173.0	266.0	176.0	259.0	252.0	264.0	205.0	290.0	221.0	303.0	221.0	369.0	185.0	1
73.0	200.0	68.0	216.0	94.0	198.0	156.0	162.0	138.0	177.0	171.0	213.0	169.0	236.0	161.0	254.0	179.0	183.0	202.0	154.0	194.0	194.0	207.0	167.0	226.0	173.0	268.0	176.0	258.0	250.0	265.0	204.0	290.0	219.0	303.0	219.0	374.0	185.0	1
75.0	203.0	69.0	218.0	93.0	199.0	156.0	161.0	141.0	178.0	173.0	213.0	170.0	236.0	163.0	253.0	177.0	183.0	199.0	155.0	198.0	196.0	203.0	167.0	225.0	174.0	269.0	177.0	254.0	249.0	264.0	206.0	286.0	221.0	300.0	222.0	366.0	187.0	1
77.0	202.0	71.0	218.0	94.0	199.0	157.0	162.0	140.0	178.0	172.0	213.0	171.0	237.0	162.0	256.0	176.0	185.0	199.0	156.0	197.0	196.0	204.0	169.0	225.0	174.0	264.0	176.0	255.0	250.0	266.0	208.0	285.0	221.0	298.0	221.0	365.0	186.0	1
72.0	201.0	68.0	218.0	94.0	199.0	153.0	161.0	136.0	177.0	174.0	212.0	172.0	235.0	164.0	254.0	179.0	184.0	199.0	152.0	198.0	195.0	204.0	165.0	227.0	172.0	270.0	175.0	259.0	250.0	266.0	205.0	291.0	221.0	305.0	220.0	374.0	184.0	1
75.0	201.0	73.0	216.0	100.0	197.0	157.0	161.0	140.0	178.0	175.0	213.0	172.0	236.0	164.0	253.0	180.0	184.0	198.0	155.0	197.0	195.0	201.0	167.0	224.0	173.0	269.0	175.0	257.0	250.0	267.0	206.0	287.0	219.0	301.0	219.0	367.0	184.0	1
77.0	202.0	75.0	217.0	98.0	199.0	159.0	162.0	143.0	179.0	175.0	213.0	174.0	237.0	166.0	252.0	181.0	185.0	202.0	157.0	199.0	197.0	206.0	170.0	223.0	175.0	263.0	178.0	255.0	249.0	261.0	205.0	285.0	220.0	297.0	219.0	361.0	186.0	1
70.0	202.0	66.0	216.0	90.0	198.0	156.0	161.0	141.0	176.0	172.0	213.0	170.0	238.0	161.0	255.0	179.0	184.0	200.0	155.0	199.0	197.0	205.0	169.0	226.0	174.0	267.0	176.0	258.0	252.0	267.0	207.0	288.0	221.0	301.0	221.0	375.0	185.0	1
73.0	202.0	68.0	217.0	99.0	199.0	157.0	162.0	141.0	178.0	175.0	213.0	170.0	234.0	159.0	252.0	175.0	182.0	200.0	155.0	200.0	198.0	204.0	167.0	225.0	173.0	263.0	176.0	257.0	250.0	262.0	206.0	285.0	220.0	298.0	220.0	368.0	187.0	1
71.0	201.0	68.0	217.0	96.0	198.0	158.0	161.0	141.0	176.0	173.0	214.0	169.0	237.0	160.0	256.0	180.0	184.0	202.0	154.0	198.0	195.0	206.0	168.0	227.0	174.0	272.0	178.0	257.0	251.0	265.0	205.0	289.0	220.0	304.0	220.0	371.0	185.0	1
77.0	202.0	73.0	217.0	99.0	199.0	159.0	163.0	141.0	179.0	172.0	213.0	172.0	237.0	163.0	253.0	180.0	186.0	199.0	158.0	197.0	196.0	204.0	170.0	225.0	176.0	264.0	178.0	255.0	250.0	266.0	206.0	285.0	220.0	298.0	220.0	364.0	187.0	1
79.0	201.0	73.0	215.0	97.0	200.0	157.0	163.0	139.0	178.0	175.0	214.0	174.0	238.0	166.0	255.0	181.0	185.0	201.0	157.0	199.0	197.0	205.0	169.0	226.0	175.0	265.0	177.0	257.0	250.0	265.0	207.0	286.0	221.0	302.0	220.0	366.0	185.0	1
72.0	201.0	68.0	217.0	93.0	198.0	153.0	162.0	138.0	177.0	172.0	213.0	170.0	238.0	160.0	256.0	179.0	185.0	199.0	155.0	197.0	196.0	204.0	168.0	226.0	174.0	268.0	177.0	259.0	250.0	268.0	208.0	287.0	221.0	301.0	221.0	373.0	185.0	1
75.0	201.0	72.0	217.0	99.0	198.0	160.0	162.0	144.0	177.0	174.0	212.0	170.0	234.0	160.0	251.0	183.0	184.0	202.0	157.0	198.0	195.0	207.0	169.0	227.0	175.0	269.0	178.0	255.0	248.0	264.0	206.0	283.0	221.0	296.0	221.0	365.0	188.0	1
72.0	202.0	68.0	216.0	96.0	199.0	155.0	162.0	140.0	178.0	171.0	213.0	169.0	238.0	161.0	255.0	180.0	185.0	204.0	154.0	195.0	196.0	207.0	168.0	229.0	174.0	268.0	177.0	255.0	251.0	262.0	205.0	286.0	221.0	300.0	221.0	372.0	189.0	1
73.0	200.0	70.0	215.0	97.0	197.0	159.0	161.0	142.0	177.0	171.0	213.0	170.0	237.0	160.0	254.0	182.0	184.0	201.0	156.0	195.0	195.0	207.0	168.0	226.0	173.0	269.0	177.0	252.0	251.0	265.0	207.0	284.0	220.0	297.0	221.0	368.0	187.0	1
73.0	201.0	70.0	218.0	94.0	199.0	157.0	162.0	138.0	179.0	172.0	214.0	169.0	237.0	161.0	255.0	178.0	184.0	203.0	155.0	199.0	198.0	206.0	168.0	224.0	173.0	264.0	176.0	257.0	250.0	264.0	206.0	288.0	221.0	302.0	221.0	369.0	184.0	1
73.0	202.0	71.0	217.0	96.0	198.0	156.0	161.0	139.0	178.0	172.0	212.0	169.0	236.0	161.0	253.0	181.0	185.0	199.0	156.0	195.0	195.0	205.0	169.0	227.0	175.0	271.0	178.0	257.0	249.0	266.0	206.0	287.0	220.0	299.0	219.0	368.0	184.0	1
77.0	201.0	73.0	216.0	99.0	198.0	158.0	162.0	139.0	179.0	173.0	212.0	171.0	236.0	161.0	253.0	179.0	185.0	198.0	157.0	199.0	198.0	204.0	170.0	224.0	174.0	262.0	177.0	255.0	248.0	263.0	207.0	282.0	219.0	295.0	220.0	368.0	187.0	1
69.0	199.0	64.0	215.0	92.0	197.0	157.0	161.0	140.0	176.0	173.0	213.0	172.0	237.0	161.0	255.0	180.0	184.0	201.0	155.0	196.0	196.0	206.0	168.0	228.0	173.0	270.0	177.0	255.0	250.0	269.0	208.0	289.0	220.0	301.0	220.0	375.0	185.0	1
72.0	201.0	67.0	217.0	93.0	198.0	155.0	160.0	139.0	175.0	172.0	214.0	170.0	237.0	159.0	255.0	184.0	185.0	202.0	154.0	198.0	196.0	207.0	168.0	230.0	174.0	271.0	178.0	256.0	251.0	265.0	208.0	286.0	221.0	300.0	221.0	373.0	187.0	1
71.0	200.0	67.0	215.0	96.0	198.0	157.0	163.0	140.0	179.0	171.0	213.0	169.0	236.0	161.0	251.0	180.0	186.0	201.0	157.0	195.0	195.0	206.0	169.0	227.0	174.0	270.0	177.0	258.0	248.0	267.0	207.0	287.0	220.0	299.0	219.0	372.0	187.0	1
75.0	200.0	70.0	216.0	98.0	198.0	157.0	161.0	138.0	178.0	172.0	213.0	170.0	237.0	163.0	255.0	182.0	183.0	204.0	154.0	197.0	195.0	207.0	165.0	225.0	172.0	265.0	175.0	258.0	249.0	266.0	206.0	286.0	219.0	299.0	220.0	372.0	186.0	1
73.0	201.0	69.0	217.0	98.0	197.0	157.0	162.0	143.0	177.0	176.0	213.0	171.0	236.0	162.0	254.0	185.0	185.0	200.0	156.0	200.0	196.0	204.0	168.0	228.0	175.0	269.0	178.0	255.0	250.0	265.0	206.0	286.0	220.0	301.0	220.0	365.0	187.0	1
78.0	200.0	73.0	214.0	99.0	198.0	160.0	163.0	144.0	179.0	175.0	214.0	171.0	236.0	163.0	253.0	182.0	184.0	202.0	158.0	200.0	197.0	205.0	170.0	224.0	175.0	264.0	177.0	256.0	252.0	264.0	207.0	286.0	222.0	299.0	221.0	361.0	183.0	1
80.0	201.0	76.0	216.0	100.0	198.0	159.0	163.0	141.0	179.0	175.0	212.0	172.0	237.0	164.0	254.0	181.0	186.0	200.0	157.0	198.0	197.0	204.0	170.0	225.0	175.0	264.0	177.0	255.0	250.0	263.0	208.0	281.0	221.0	295.0	220.0	362.0	183.0	1
69.0	201.0	66.0	216.0	92.0	198.0	156.0	161.0	137.0	177.0	173.0	213.0	169.0	236.0	160.0	254.0	177.0	184.0	200.0	156.0	197.0	196.0	204.0	168.0	226.0	174.0	274.0	178.0	257.0	251.0	268.0	207.0	290.0	220.0	303.0	220.0	369.0	185.0	1
71.0	201.0	66.0	216.0	92.0	199.0	155.0	161.0	138.0	178.0	173.0	214.0	173.0	239.0	165.0	256.0	180.0	184.0	200.0	154.0	196.0	195.0	205.0	167.0	226.0	173.0	266.0	176.0	260.0	251.0	267.0	205.0	291.0	219.0	303.0	219.0	376.0	186.0	1
77.0	202.0	70.0	217.0	99.0	199.0	157.0	161.0	140.0	178.0	173.0	213.0	172.0	237.0	163.0	254.0	182.0	185.0	201.0	155.0	198.0	195.0	206.0	168.0	227.0	174.0	268.0	177.0	254.0	250.0	264.0	205.0	286.0	220.0	298.0	220.0	367.0	188.0	1
76.0	202.0	71.0	215.0	98.0	199.0	157.0	164.0	140.0	179.0	175.0	213.0	171.0	236.0	164.0	251.0	178.0	185.0	201.0	159.0	197.0	197.0	205.0	170.0	224.0	174.0	267.0	177.0	255.0	248.0	261.0	204.0	287.0	220.0	301.0	219.0	366.0	185.0	1
72.0	201.0	68.0	217.0	96.0	199.0	156.0	162.0	142.0	177.0	174.0	213.0	170.0	236.0	160.0	253.0	185.0	185.0	199.0	155.0	197.0	195.0	206.0	169.0	227.0	174.0	261.0	177.0	256.0	251.0	264.0	207.0	286.0	221.0	300.0	221.0	371.0	185.0	1
75.0	201.0	71.0	215.0	98.0	198.0	156.0	164.0	141.0	178.0	174.0	214.0	172.0	238.0	165.0	254.0	181.0	185.0	200.0	158.0	198.0	197.0	205.0	170.0	227.0	177.0	266.0	179.0	255.0	250.0	262.0	206.0	285.0	221.0	300.0	221.0	366.0	184.0	1
76.0	202.0	74.0	215.0	98.0	199.0	159.0	163.0	140.0	179.0	173.0	212.0	169.0	235.0	162.0	250.0	181.0	186.0	199.0	158.0	196.0	197.0	204.0	170.0	225.0	176.0	262.0	178.0	255.0	248.0	262.0	207.0	281.0	220.0	295.0	220.0	364.0	187.0	1
102.0	183.0	28.0	219.0	128.0	193.0	134.0	153.0	199.0	199.0	130.0	222.0	172.0	222.0	196.0	231.0	221.0	181.0	221.0	158.0	216.0	209.0	228.0	140.0	240.0	228.0	299.0	190.0	270.0	271.0	256.0	213.0	322.0	172.0	321.0	186.0	376.0	247.0	1
68.0	200.0	64.0	215.0	90.0	198.0	155.0	161.0	137.0	178.0	170.0	213.0	168.0	237.0	158.0	255.0	179.0	185.0	201.0	155.0	196.0	196.0	206.0	168.0	225.0	173.0	268.0	176.0	259.0	253.0	268.0	208.0	290.0	223.0	304.0	223.0	378.0	185.0	1
80.0	200.0	75.0	214.0	98.0	198.0	160.0	164.0	144.0	178.0	176.0	213.0	173.0	236.0	164.0	251.0	181.0	186.0	202.0	159.0	196.0	196.0	205.0	171.0	225.0	177.0	264.0	180.0	254.0	248.0	261.0	206.0	283.0	219.0	294.0	219.0	360.0	186.0	1
73.0	202.0	70.0	216.0	93.0	199.0	153.0	164.0	138.0	179.0	175.0	214.0	173.0	237.0	165.0	253.0	177.0	185.0	200.0	157.0	195.0	196.0	204.0	169.0	227.0	175.0	269.0	178.0	257.0	250.0	264.0	205.0	288.0	220.0	302.0	220.0	367.0	185.0	1
77.0	200.0	75.0	216.0	99.0	197.0	157.0	164.0	143.0	178.0	173.0	213.0	172.0	235.0	162.0	251.0	181.0	185.0	202.0	159.0	195.0	196.0	205.0	170.0	227.0	177.0	266.0	178.0	256.0	249.0	264.0	207.0	285.0	220.0	297.0	219.0	367.0	185.0	1
75.0	202.0	71.0	217.0	97.0	199.0	156.0	162.0	140.0	177.0	172.0	213.0	170.0	236.0	159.0	254.0	181.0	185.0	198.0	156.0	194.0	195.0	202.0	168.0	222.0	173.0	267.0	177.0	256.0	250.0	264.0	206.0	288.0	221.0	301.0	221.0	368.0	184.0	1
70.0	201.0	66.0	216.0	97.0	198.0	157.0	161.0	139.0	178.0	173.0	213.0	169.0	237.0	160.0	255.0	178.0	184.0	200.0	155.0	196.0	195.0	205.0	167.0	226.0	173.0	267.0	176.0	258.0	250.0	266.0	206.0	288.0	220.0	300.0	220.0	371.0	185.0	1
72.0	201.0	68.0	216.0	97.0	199.0	156.0	161.0	137.0	178.0	172.0	214.0	170.0	239.0	161.0	257.0	180.0	184.0	201.0	154.0	199.0	197.0	208.0	167.0	226.0	173.0	267.0	177.0	256.0	251.0	266.0	207.0	289.0	221.0	303.0	221.0	374.0	185.0	1
75.0	203.0	72.0	217.0	100.0	200.0	156.0	163.0	141.0	178.0	174.0	212.0	172.0	236.0	164.0	252.0	179.0	184.0	195.0	158.0	195.0	196.0	200.0	169.0	224.0	175.0	267.0	177.0	258.0	248.0	265.0	206.0	286.0	219.0	299.0	219.0	369.0	183.0	1
80.0	201.0	75.0	216.0	100.0	197.0	159.0	164.0	142.0	179.0	174.0	212.0	171.0	234.0	162.0	249.0	181.0	187.0	200.0	159.0	197.0	197.0	205.0	172.0	223.0	177.0	263.0	178.0	254.0	247.0	261.0	205.0	281.0	219.0	294.0	218.0	360.0	187.0	1
75.0	201.0	72.0	216.0	99.0	199.0	157.0	163.0	141.0	178.0	173.0	212.0	173.0	236.0	164.0	254.0	177.0	183.0	201.0	157.0	196.0	196.0	205.0	169.0	225.0	175.0	268.0	178.0	257.0	250.0	262.0	205.0	286.0	220.0	299.0	220.0	365.0	184.0	1
78.0	202.0	75.0	216.0	98.0	199.0	157.0	163.0	143.0	179.0	175.0	212.0	172.0	236.0	165.0	252.0	180.0	186.0	197.0	158.0	196.0	197.0	201.0	169.0	222.0	175.0	263.0	178.0	254.0	250.0	261.0	204.0	285.0	220.0	300.0	220.0	361.0	183.0	1
76.0	202.0	73.0	216.0	102.0	199.0	156.0	164.0	140.0	179.0	174.0	212.0	171.0	235.0	165.0	252.0	184.0	185.0	202.0	158.0	198.0	196.0	207.0	170.0	229.0	176.0	264.0	179.0	255.0	248.0	265.0	207.0	286.0	221.0	298.0	221.0	362.0	186.0	1
75.0	201.0	71.0	216.0	92.0	199.0	158.0	162.0	142.0	176.0	175.0	213.0	173.0	237.0	165.0	255.0	180.0	184.0	202.0	157.0	196.0	196.0	205.0	168.0	226.0	173.0	262.0	176.0	255.0	250.0	261.0	205.0	285.0	220.0	299.0	219.0	364.0	187.0	1
75.0	200.0	69.0	215.0	98.0	198.0	157.0	163.0	141.0	178.0	173.0	213.0	170.0	236.0	162.0	253.0	185.0	187.0	201.0	157.0	200.0	198.0	206.0	170.0	225.0	175.0	267.0	179.0	255.0	249.0	262.0	206.0	284.0	221.0	296.0	220.0	364.0	187.0	1
74.0	201.0	69.0	216.0	97.0	198.0	154.0	164.0	138.0	179.0	173.0	212.0	172.0	235.0	164.0	253.0	180.0	186.0	201.0	157.0	196.0	196.0	206.0	170.0	225.0	175.0	268.0	178.0	254.0	248.0	264.0	206.0	285.0	219.0	298.0	219.0	366.0	186.0	1
71.0	200.0	66.0	215.0	92.0	198.0	156.0	161.0	138.0	178.0	174.0	213.0	170.0	238.0	160.0	255.0	179.0	183.0	201.0	155.0	200.0	197.0	208.0	168.0	229.0	173.0	269.0	176.0	260.0	251.0	267.0	206.0	290.0	221.0	303.0	221.0	372.0	185.0	1
73.0	203.0	69.0	216.0	96.0	200.0	156.0	163.0	140.0	178.0	175.0	211.0	173.0	235.0	165.0	253.0	180.0	184.0	201.0	157.0	195.0	195.0	205.0	170.0	226.0	176.0	267.0	178.0	258.0	248.0	265.0	205.0	287.0	218.0	300.0	218.0	368.0	186.0	1
78.0	201.0	74.0	216.0	99.0	198.0	157.0	165.0	139.0	179.0	173.0	213.0	171.0	236.0	164.0	251.0	180.0	186.0	200.0	158.0	195.0	196.0	203.0	170.0	223.0	175.0	266.0	178.0	256.0	246.0	264.0	207.0	282.0	219.0	295.0	219.0	366.0	187.0	1
73.0	201.0	68.0	216.0	94.0	198.0	155.0	161.0	139.0	177.0	172.0	214.0	167.0	237.0	159.0	253.0	178.0	184.0	201.0	155.0	197.0	197.0	207.0	167.0	230.0	174.0	271.0	177.0	257.0	252.0	265.0	208.0	285.0	221.0	299.0	221.0	368.0	186.0	1
77.0	201.0	72.0	217.0	98.0	198.0	158.0	162.0	139.0	178.0	174.0	214.0	171.0	236.0	164.0	253.0	184.0	186.0	200.0	157.0	198.0	196.0	205.0	169.0	227.0	175.0	268.0	177.0	256.0	248.0	263.0	205.0	286.0	220.0	300.0	219.0	371.0	187.0	1
68.0	200.0	65.0	216.0	93.0	197.0	153.0	164.0	136.0	178.0	172.0	213.0	170.0	237.0	161.0	253.0	179.0	186.0	198.0	158.0	196.0	196.0	204.0	170.0	228.0	176.0	276.0	178.0	262.0	250.0	266.0	206.0	292.0	220.0	302.0	219.0	371.0	182.0	1
75.0	199.0	70.0	214.0	98.0	197.0	160.0	163.0	141.0	179.0	173.0	213.0	171.0	237.0	161.0	252.0	179.0	185.0	202.0	157.0	196.0	196.0	206.0	169.0	226.0	175.0	268.0	178.0	256.0	250.0	265.0	208.0	285.0	220.0	297.0	219.0	364.0	185.0	1
74.0	199.0	71.0	215.0	100.0	197.0	157.0	161.0	138.0	177.0	176.0	213.0	173.0	235.0	166.0	251.0	179.0	183.0	203.0	155.0	199.0	196.0	206.0	167.0	228.0	174.0	268.0	176.0	260.0	248.0	267.0	206.0	289.0	219.0	301.0	219.0	371.0	182.0	1
76.0	201.0	71.0	216.0	99.0	198.0	155.0	163.0	141.0	178.0	173.0	213.0	170.0	236.0	163.0	254.0	183.0	185.0	202.0	158.0	195.0	195.0	205.0	169.0	227.0	176.0	269.0	179.0	257.0	249.0	261.0	205.0	286.0	220.0	300.0	220.0	371.0	187.0	1
68.0	200.0	63.0	216.0	90.0	198.0	156.0	162.0	137.0	177.0	171.0	213.0	167.0	237.0	158.0	255.0	178.0	184.0	202.0	155.0	197.0	196.0	206.0	168.0	226.0	173.0	271.0	176.0	260.0	252.0	272.0	209.0	290.0	221.0	305.0	221.0	375.0	184.0	1
72.0	202.0	67.0	218.0	93.0	198.0	154.0	161.0	137.0	177.0	172.0	213.0	173.0	237.0	164.0	256.0	182.0	184.0	199.0	154.0	196.0	194.0	205.0	167.0	228.0	174.0	269.0	177.0	258.0	249.0	266.0	205.0	289.0	220.0	302.0	220.0	369.0	184.0	1
75.0	200.0	72.0	217.0	94.0	197.0	156.0	162.0	143.0	176.0	175.0	212.0	172.0	236.0	161.0	254.0	180.0	183.0	202.0	156.0	195.0	195.0	207.0	167.0	227.0	173.0	268.0	177.0	254.0	252.0	260.0	204.0	286.0	220.0	299.0	220.0	365.0	186.0	1
65.0	202.0	61.0	218.0	86.0	198.0	151.0	158.0	131.0	176.0	170.0	215.0	166.0	240.0	158.0	258.0	178.0	183.0	196.0	151.0	196.0	195.0	201.0	164.0	226.0	171.0	269.0	173.0	263.0	255.0	268.0	207.0	293.0	222.0	307.0	222.0	378.0	181.0	1
72.0	201.0	68.0	218.0	91.0	198.0	156.0	160.0	138.0	177.0	175.0	214.0	171.0	237.0	164.0	256.0	179.0	183.0	202.0	154.0	199.0	197.0	206.0	167.0	229.0	173.0	263.0	175.0	260.0	252.0	268.0	208.0	288.0	221.0	301.0	222.0	370.0	185.0	1
74.0	203.0	71.0	217.0	100.0	200.0	157.0	164.0	139.0	179.0	173.0	213.0	169.0	236.0	162.0	252.0	179.0	184.0	201.0	157.0	197.0	197.0	205.0	170.0	227.0	176.0	265.0	179.0	253.0	249.0	263.0	207.0	282.0	220.0	296.0	221.0	364.0	188.0	1
75.0	203.0	72.0	217.0	95.0	199.0	157.0	163.0	140.0	178.0	173.0	213.0	171.0	238.0	165.0	254.0	181.0	186.0	199.0	157.0	195.0	196.0	204.0	168.0	224.0	173.0	267.0	177.0	257.0	247.0	264.0	205.0	285.0	219.0	298.0	219.0	365.0	187.0	1
68.0	199.0	64.0	215.0	93.0	197.0	153.0	161.0	136.0	177.0	171.0	212.0	168.0	235.0	160.0	252.0	180.0	184.0	200.0	154.0	198.0	195.0	205.0	168.0	226.0	174.0	272.0	176.0	260.0	250.0	268.0	205.0	290.0	219.0	305.0	219.0	377.0	183.0	1
68.0	201.0	65.0	216.0	92.0	199.0	155.0	163.0	139.0	179.0	172.0	213.0	171.0	237.0	165.0	254.0	180.0	185.0	202.0	157.0	198.0	197.0	207.0	170.0	228.0	176.0	271.0	179.0	260.0	249.0	264.0	206.0	288.0	221.0	301.0	220.0	371.0	186.0	1
78.0	201.0	72.0	216.0	99.0	198.0	159.0	161.0	141.0	178.0	174.0	214.0	171.0	237.0	161.0	255.0	179.0	184.0	201.0	155.0	199.0	197.0	204.0	168.0	225.0	174.0	265.0	177.0	254.0	252.0	264.0	206.0	287.0	221.0	301.0	221.0	365.0	185.0	1
76.0	200.0	72.0	215.0	99.0	197.0	158.0	161.0	139.0	179.0	176.0	214.0	172.0	238.0	165.0	255.0	180.0	185.0	199.0	156.0	199.0	197.0	204.0	169.0	224.0	175.0	266.0	177.0	256.0	251.0	265.0	206.0	287.0	220.0	299.0	220.0	363.0	183.0	1
72.0	200.0	68.0	216.0	95.0	198.0	156.0	162.0	138.0	179.0	172.0	213.0	168.0	236.0	160.0	253.0	182.0	185.0	203.0	157.0	197.0	195.0	207.0	170.0	225.0	174.0	265.0	178.0	255.0	249.0	265.0	207.0	282.0	219.0	296.0	219.0	367.0	191.0	1
75.0	202.0	72.0	217.0	94.0	200.0	156.0	162.0	138.0	178.0	174.0	214.0	171.0	236.0	163.0	253.0	181.0	185.0	198.0	156.0	196.0	195.0	203.0	168.0	226.0	174.0	265.0	177.0	257.0	250.0	267.0	206.0	287.0	219.0	300.0	220.0	366.0	186.0	1
74.0	204.0	70.0	220.0	95.0	200.0	154.0	160.0	136.0	176.0	171.0	211.0	172.0	237.0	165.0	255.0	177.0	182.0	200.0	153.0	198.0	195.0	202.0	165.0	223.0	172.0	264.0	175.0	259.0	248.0	265.0	204.0	290.0	219.0	304.0	219.0	373.0	188.0	1
75.0	201.0	71.0	215.0	97.0	198.0	155.0	164.0	139.0	180.0	174.0	213.0	170.0	235.0	162.0	251.0	178.0	184.0	202.0	158.0	196.0	197.0	206.0	170.0	226.0	175.0	268.0	178.0	258.0	247.0	266.0	206.0	286.0	218.0	298.0	218.0	366.0	186.0	1
71.0	201.0	68.0	219.0	92.0	198.0	156.0	161.0	142.0	176.0	173.0	214.0	171.0	237.0	162.0	256.0	185.0	184.0	201.0	154.0	199.0	196.0	206.0	168.0	226.0	173.0	269.0	176.0	259.0	253.0	265.0	205.0	293.0	221.0	306.0	221.0	375.0	186.0	1
73.0	200.0	70.0	216.0	96.0	197.0	157.0	163.0	141.0	178.0	173.0	213.0	170.0	236.0	161.0	253.0	183.0	186.0	201.0	155.0	197.0	196.0	206.0	169.0	229.0	177.0	270.0	179.0	259.0	251.0	267.0	206.0	290.0	221.0	304.0	221.0	370.0	182.0	1
77.0	202.0	72.0	217.0	97.0	198.0	158.0	162.0	140.0	178.0	173.0	214.0	171.0	238.0	164.0	255.0	181.0	184.0	199.0	156.0	195.0	195.0	204.0	169.0	224.0	174.0	265.0	177.0	253.0	250.0	262.0	206.0	284.0	220.0	296.0	220.0	368.0	188.0	1
72.0	202.0	68.0	217.0	93.0	199.0	154.0	162.0	135.0	180.0	172.0	215.0	170.0	240.0	163.0	257.0	178.0	185.0	199.0	155.0	194.0	195.0	203.0	168.0	224.0	173.0	272.0	177.0	261.0	251.0	266.0	206.0	291.0	222.0	303.0	220.0	368.0	185.0	1
70.0	202.0	68.0	215.0	94.0	199.0	154.0	161.0	137.0	178.0	171.0	213.0	168.0	236.0	160.0	254.0	181.0	185.0	197.0	155.0	198.0	197.0	204.0	169.0	226.0	175.0	267.0	177.0	256.0	249.0	263.0	206.0	285.0	220.0	299.0	219.0	372.0	186.0	1
73.0	199.0	69.0	216.0	96.0	197.0	159.0	161.0	139.0	178.0	172.0	215.0	169.0	236.0	160.0	255.0	181.0	184.0	203.0	154.0	198.0	197.0	207.0	167.0	227.0	173.0	266.0	176.0	256.0	254.0	267.0	208.0	286.0	220.0	300.0	221.0	369.0	184.0	1
76.0	201.0	71.0	216.0	96.0	198.0	155.0	163.0	139.0	179.0	173.0	213.0	169.0	236.0	160.0	253.0	180.0	185.0	201.0	157.0	199.0	197.0	204.0	169.0	225.0	174.0	267.0	177.0	256.0	247.0	264.0	206.0	286.0	220.0	300.0	219.0	367.0	186.0	1
73.0	202.0	70.0	217.0	95.0	199.0	155.0	163.0	138.0	178.0	172.0	211.0	172.0	235.0	163.0	252.0	183.0	185.0	199.0	157.0	198.0	196.0	205.0	169.0	229.0	175.0	268.0	178.0	259.0	248.0	265.0	204.0	289.0	219.0	302.0	219.0	373.0	188.0	1
76.0	202.0	72.0	216.0	94.0	200.0	157.0	164.0	139.0	180.0	174.0	214.0	170.0	237.0	162.0	252.0	177.0	184.0	200.0	158.0	196.0	196.0	204.0	170.0	225.0	176.0	269.0	179.0	256.0	248.0	264.0	206.0	285.0	220.0	298.0	219.0	365.0	188.0	1
74.0	200.0	71.0	216.0	92.0	197.0	157.0	162.0	137.0	177.0	172.0	213.0	170.0	237.0	161.0	256.0	180.0	184.0	199.0	155.0	195.0	195.0	204.0	168.0	228.0	174.0	271.0	177.0	259.0	251.0	266.0	205.0	290.0	219.0	304.0	219.0	373.0	184.0	1
74.0	201.0	71.0	217.0	98.0	198.0	156.0	164.0	141.0	178.0	174.0	214.0	170.0	236.0	162.0	255.0	179.0	184.0	200.0	157.0	201.0	197.0	204.0	169.0	225.0	175.0	264.0	177.0	258.0	250.0	262.0	204.0	288.0	221.0	301.0	220.0	366.0	185.0	1
73.0	201.0	68.0	216.0	98.0	199.0	156.0	164.0	141.0	178.0	172.0	212.0	171.0	236.0	164.0	254.0	180.0	185.0	202.0	158.0	195.0	196.0	206.0	171.0	224.0	176.0	267.0	180.0	256.0	249.0	263.0	204.0	286.0	220.0	300.0	219.0	370.0	187.0	1
78.0	202.0	72.0	216.0	98.0	199.0	156.0	163.0	139.0	179.0	172.0	212.0	172.0	236.0	165.0	252.0	179.0	186.0	201.0	158.0	192.0	195.0	205.0	170.0	224.0	175.0	268.0	177.0	255.0	249.0	264.0	205.0	286.0	219.0	298.0	220.0	365.0	185.0	1
73.0	201.0	68.0	216.0	99.0	198.0	155.0	164.0	139.0	179.0	172.0	213.0	172.0	236.0	166.0	253.0	179.0	186.0	200.0	158.0	195.0	197.0	204.0	170.0	225.0	176.0	268.0	178.0	259.0	246.0	265.0	204.0	287.0	218.0	302.0	218.0	369.0	186.0	1
79.0	200.0	73.0	215.0	97.0	197.0	158.0	162.0	142.0	176.0	172.0	212.0	167.0	235.0	158.0	252.0	181.0	183.0	203.0	156.0	199.0	196.0	205.0	168.0	224.0	174.0	265.0	177.0	253.0	250.0	263.0	206.0	286.0	221.0	297.0	220.0	367.0	186.0	1
72.0	199.0	68.0	216.0	93.0	197.0	156.0	159.0	139.0	176.0	171.0	214.0	168.0	238.0	156.0	256.0	180.0	184.0	200.0	153.0	198.0	196.0	205.0	165.0	227.0	172.0	267.0	176.0	252.0	253.0	268.0	208.0	288.0	222.0	299.0	221.0	374.0	186.0	1
74.0	200.0	68.0	215.0	97.0	198.0	157.0	165.0	141.0	179.0	175.0	213.0	173.0	234.0	162.0	251.0	177.0	184.0	199.0	158.0	195.0	197.0	203.0	170.0	226.0	175.0	267.0	179.0	257.0	249.0	265.0	207.0	285.0	219.0	300.0	219.0	370.0	183.0	1
79.0	200.0	74.0	216.0	100.0	198.0	160.0	163.0	143.0	179.0	174.0	213.0	172.0	235.0	163.0	253.0	183.0	185.0	205.0	157.0	200.0	196.0	208.0	170.0	226.0	175.0	263.0	177.0	257.0	248.0	262.0	205.0	283.0	220.0	297.0	220.0	368.0	188.0	1
74.0	199.0	71.0	215.0	97.0	197.0	157.0	161.0	140.0	177.0	173.0	212.0	169.0	236.0	160.0	253.0	180.0	183.0	204.0	155.0	198.0	196.0	207.0	167.0	229.0	174.0	269.0	177.0	257.0	249.0	264.0	205.0	287.0	219.0	298.0	219.0	369.0	186.0	1
74.0	200.0	70.0	216.0	95.0	198.0	158.0	160.0	139.0	176.0	173.0	213.0	171.0	238.0	162.0	256.0	181.0	183.0	201.0	154.0	198.0	196.0	206.0	167.0	230.0	174.0	273.0	178.0	258.0	252.0	264.0	206.0	287.0	221.0	301.0	220.0	369.0	184.0	1
75.0	200.0	69.0	215.0	96.0	197.0	159.0	163.0	143.0	176.0	174.0	213.0	172.0	237.0	164.0	254.0	182.0	184.0	203.0	157.0	199.0	197.0	208.0	170.0	228.0	176.0	267.0	179.0	254.0	250.0	262.0	206.0	286.0	222.0	298.0	221.0	365.0	186.0	1
73.0	201.0	67.0	217.0	96.0	199.0	155.0	161.0	139.0	178.0	174.0	213.0	171.0	237.0	161.0	254.0	180.0	184.0	200.0	155.0	197.0	196.0	206.0	167.0	227.0	173.0	270.0	176.0	257.0	250.0	266.0	206.0	288.0	220.0	302.0	221.0	371.0	187.0	1
68.0	201.0	64.0	215.0	91.0	199.0	155.0	164.0	140.0	178.0	174.0	214.0	172.0	236.0	162.0	254.0	179.0	184.0	199.0	156.0	195.0	196.0	203.0	167.0	226.0	172.0	264.0	175.0	259.0	252.0	266.0	206.0	291.0	220.0	302.0	219.0	366.0	182.0	1
74.0	202.0	69.0	217.0	95.0	199.0	157.0	163.0	141.0	177.0	175.0	214.0	171.0	238.0	163.0	256.0	180.0	184.0	202.0	156.0	200.0	196.0	206.0	168.0	227.0	174.0	268.0	178.0	255.0	253.0	264.0	206.0	286.0	221.0	298.0	221.0	366.0	185.0	1
75.0	201.0	71.0	216.0	98.0	199.0	156.0	164.0	143.0	178.0	172.0	214.0	169.0	236.0	161.0	253.0	178.0	185.0	202.0	157.0	196.0	197.0	207.0	170.0	225.0	175.0	265.0	178.0	254.0	251.0	263.0	207.0	283.0	221.0	297.0	220.0	364.0	187.0	1
77.0	202.0	74.0	217.0	96.0	199.0	155.0	163.0	137.0	179.0	174.0	214.0	171.0	237.0	164.0	253.0	180.0	185.0	199.0	158.0	198.0	197.0	203.0	169.0	224.0	175.0	269.0	177.0	260.0	248.0	264.0	205.0	288.0	219.0	301.0	219.0	369.0	185.0	1
65.0	201.0	61.0	216.0	87.0	198.0	148.0	160.0	131.0	178.0	171.0	215.0	168.0	239.0	161.0	257.0	177.0	184.0	198.0	153.0	197.0	196.0	203.0	166.0	226.0	172.0	273.0	175.0	264.0	255.0	272.0	207.0	296.0	222.0	310.0	222.0	383.0	180.0	1
76.0	196.0	71.0	212.0	100.0	194.0	157.0	160.0	139.0	176.0	173.0	209.0	169.0	232.0	161.0	249.0	179.0	183.0	201.0	156.0	197.0	195.0	203.0	167.0	226.0	174.0	265.0	176.0	256.0	246.0	264.0	204.0	286.0	217.0	298.0	217.0	365.0	183.0	1
72.0	199.0	69.0	216.0	93.0	197.0	153.0	160.0	136.0	176.0	170.0	212.0	168.0	236.0	159.0	254.0	178.0	182.0	201.0	153.0	198.0	195.0	204.0	166.0	229.0	174.0	272.0	177.0	255.0	249.0	264.0	204.0	288.0	220.0	302.0	220.0	372.0	189.0	1
73.0	200.0	70.0	216.0	96.0	197.0	159.0	161.0	144.0	176.0	174.0	212.0	170.0	237.0	162.0	253.0	185.0	185.0	198.0	157.0	198.0	196.0	206.0	170.0	228.0	176.0	269.0	178.0	257.0	250.0	263.0	204.0	287.0	219.0	300.0	219.0	368.0	186.0	1
69.0	202.0	64.0	218.0	94.0	199.0	153.0	162.0	137.0	178.0	172.0	213.0	171.0	238.0	164.0	256.0	178.0	184.0	199.0	156.0	194.0	195.0	203.0	169.0	224.0	174.0	268.0	176.0	261.0	250.0	269.0	206.0	292.0	220.0	304.0	219.0	378.0	186.0	1
77.0	202.0	73.0	217.0	96.0	200.0	159.0	163.0	140.0	179.0	176.0	214.0	175.0	237.0	168.0	254.0	178.0	184.0	198.0	157.0	195.0	196.0	203.0	169.0	223.0	174.0	262.0	176.0	258.0	249.0	265.0	206.0	287.0	220.0	301.0	219.0	367.0	183.0	1
70.0	199.0	70.0	217.0	96.0	197.0	158.0	162.0	142.0	178.0	176.0	214.0	173.0	237.0	166.0	253.0	182.0	184.0	203.0	156.0	201.0	197.0	208.0	169.0	230.0	175.0	269.0	178.0	260.0	249.0	265.0	204.0	288.0	220.0	301.0	219.0	369.0	185.0	1
66.0	199.0	61.0	212.0	93.0	197.0	158.0	164.0	143.0	178.0	172.0	213.0	171.0	237.0	163.0	253.0	179.0	186.0	200.0	158.0	193.0	196.0	207.0	171.0	227.0	176.0	269.0	178.0	258.0	248.0	265.0	206.0	283.0	218.0	298.0	218.0	370.0	184.0	1
74.0	202.0	72.0	217.0	94.0	199.0	157.0	163.0	140.0	178.0	173.0	214.0	169.0	238.0	163.0	254.0	181.0	186.0	201.0	157.0	194.0	196.0	206.0	168.0	225.0	174.0	269.0	178.0	258.0	250.0	266.0	207.0	289.0	221.0	300.0	221.0	369.0	187.0	1
70.0	199.0	64.0	215.0	93.0	197.0	157.0	162.0	140.0	177.0	174.0	215.0	171.0	238.0	160.0	256.0	178.0	185.0	201.0	155.0	199.0	197.0	208.0	169.0	228.0	175.0	270.0	177.0	256.0	252.0	267.0	207.0	288.0	221.0	301.0	222.0	369.0	183.0	1
73.0	201.0	69.0	217.0	98.0	198.0	156.0	161.0	139.0	177.0	174.0	212.0	174.0	237.0	166.0	255.0	180.0	184.0	202.0	153.0	197.0	196.0	205.0	166.0	228.0	174.0	267.0	176.0	259.0	249.0	263.0	204.0	288.0	219.0	301.0	219.0	372.0	187.0	1
70.0	201.0	66.0	217.0	94.0	198.0	155.0	161.0	138.0	179.0	174.0	214.0	171.0	238.0	162.0	254.0	180.0	184.0	199.0	155.0	201.0	197.0	205.0	168.0	227.0	174.0	265.0	176.0	255.0	250.0	265.0	206.0	287.0	220.0	300.0	220.0	370.0	187.0	1
75.0	201.0	70.0	216.0	98.0	198.0	156.0	163.0	140.0	178.0	173.0	214.0	170.0	236.0	157.0	252.0	178.0	184.0	201.0	155.0	197.0	196.0	204.0	167.0	225.0	173.0	265.0	176.0	254.0	251.0	264.0	207.0	287.0	222.0	301.0	222.0	371.0	186.0	1
67.0	200.0	64.0	216.0	89.0	199.0	156.0	160.0	136.0	177.0	172.0	215.0	168.0	238.0	158.0	254.0	175.0	184.0	201.0	155.0	196.0	197.0	205.0	167.0	227.0	172.0	272.0	176.0	259.0	249.0	270.0	206.0	291.0	220.0	303.0	220.0	377.0	185.0	1
75.0	200.0	69.0	216.0	98.0	197.0	156.0	161.0	140.0	178.0	171.0	213.0	171.0	238.0	161.0	257.0	182.0	185.0	203.0	155.0	198.0	196.0	208.0	168.0	226.0	174.0	267.0	177.0	254.0	251.0	267.0	207.0	287.0	219.0	299.0	220.0	370.0	187.0	1
76.0	200.0	72.0	215.0	95.0	198.0	155.0	162.0	137.0	178.0	173.0	212.0	172.0	235.0	163.0	253.0	179.0	184.0	200.0	155.0	196.0	196.0	204.0	168.0	224.0	174.0	263.0	176.0	259.0	251.0	267.0	205.0	290.0	219.0	304.0	219.0	370.0	181.0	1
78.0	200.0	74.0	217.0	98.0	197.0	156.0	162.0	141.0	177.0	174.0	213.0	170.0	236.0	163.0	253.0	183.0	185.0	202.0	157.0	200.0	197.0	207.0	170.0	226.0	176.0	263.0	178.0	256.0	250.0	263.0	206.0	286.0	221.0	300.0	221.0	367.0	185.0	1
73.0	197.0	68.0	213.0	94.0	195.0	155.0	159.0	137.0	175.0	172.0	209.0	170.0	234.0	162.0	252.0	180.0	182.0	201.0	153.0	198.0	195.0	205.0	166.0	225.0	173.0	267.0	176.0	255.0	248.0	262.0	204.0	285.0	219.0	299.0	220.0	370.0	186.0	1
69.0	201.0	63.0	217.0	88.0	199.0	155.0	158.0	134.0	177.0	173.0	216.0	170.0	242.0	162.0	261.0	176.0	183.0	202.0	152.0	196.0	197.0	207.0	166.0	227.0	172.0	265.0	175.0	261.0	257.0	266.0	207.0	293.0	223.0	304.0	222.0	373.0	184.0	1
77.0	201.0	73.0	217.0	98.0	198.0	158.0	161.0	140.0	178.0	174.0	213.0	170.0	236.0	163.0	255.0	181.0	184.0	201.0	155.0	194.0	195.0	205.0	169.0	222.0	173.0	261.0	176.0	252.0	250.0	259.0	206.0	281.0	222.0	294.0	222.0	362.0	186.0	1
75.0	201.0	72.0	217.0	90.0	198.0	156.0	161.0	137.0	177.0	174.0	215.0	173.0	238.0	164.0	255.0	179.0	185.0	199.0	156.0	193.0	196.0	203.0	167.0	223.0	173.0	268.0	176.0	253.0	252.0	266.0	207.0	286.0	220.0	300.0	220.0	366.0	185.0	1
73.0	202.0	71.0	217.0	97.0	198.0	158.0	164.0	143.0	177.0	173.0	212.0	172.0	236.0	164.0	252.0	182.0	185.0	197.0	158.0	192.0	194.0	202.0	169.0	223.0	174.0	265.0	177.0	257.0	248.0	265.0	207.0	285.0	219.0	297.0	219.0	366.0	187.0	1
73.0	201.0	70.0	216.0	98.0	199.0	159.0	164.0	141.0	180.0	173.0	213.0	171.0	236.0	163.0	252.0	179.0	186.0	200.0	158.0	195.0	196.0	204.0	170.0	223.0	175.0	264.0	177.0	255.0	247.0	264.0	206.0	286.0	220.0	298.0	219.0	363.0	185.0	1
75.0	201.0	72.0	216.0	95.0	198.0	157.0	160.0	142.0	176.0	173.0	212.0	171.0	235.0	162.0	252.0	183.0	184.0	200.0	155.0	196.0	195.0	205.0	168.0	226.0	174.0	264.0	177.0	259.0	249.0	264.0	205.0	289.0	220.0	302.0	221.0	368.0	183.0	1
77.0	201.0	72.0	215.0	98.0	198.0	156.0	165.0	141.0	178.0	175.0	212.0	172.0	235.0	162.0	251.0	178.0	185.0	200.0	158.0	197.0	197.0	206.0	170.0	227.0	175.0	264.0	177.0	256.0	249.0	263.0	204.0	287.0	220.0	299.0	220.0	369.0	186.0	1
72.0	201.0	69.0	216.0	92.0	198.0	157.0	162.0	139.0	178.0	173.0	214.0	169.0	238.0	160.0	255.0	179.0	184.0	202.0	155.0	197.0	196.0	205.0	167.0	226.0	173.0	272.0	178.0	258.0	250.0	266.0	207.0	289.0	221.0	302.0	221.0	374.0	187.0	1
74.0	201.0	71.0	217.0	99.0	198.0	157.0	164.0	142.0	179.0	176.0	213.0	173.0	236.0	164.0	253.0	179.0	185.0	202.0	156.0	197.0	197.0	205.0	169.0	226.0	175.0	268.0	179.0	260.0	248.0	264.0	206.0	285.0	220.0	298.0	219.0	368.0	185.0	1
72.0	202.0	69.0	218.0	90.0	199.0	155.0	163.0	139.0	178.0	172.0	214.0	169.0	238.0	164.0	255.0	179.0	185.0	198.0	157.0	198.0	197.0	203.0	170.0	224.0	176.0	266.0	178.0	262.0	249.0	263.0	205.0	290.0	220.0	301.0	219.0	369.0	185.0	1
74.0	201.0	71.0	216.0	99.0	198.0	155.0	164.0	142.0	179.0	174.0	212.0	172.0	236.0	163.0	252.0	180.0	186.0	200.0	158.0	197.0	197.0	204.0	170.0	223.0	175.0	266.0	177.0	256.0	246.0	264.0	206.0	286.0	220.0	298.0	219.0	364.0	186.0	1
75.0	201.0	70.0	217.0	96.0	199.0	155.0	164.0	140.0	179.0	174.0	214.0	173.0	237.0	164.0	253.0	178.0	185.0	200.0	158.0	197.0	198.0	204.0	171.0	224.0	176.0	266.0	178.0	258.0	248.0	267.0	208.0	284.0	220.0	300.0	219.0	366.0	185.0	1
77.0	202.0	73.0	218.0	99.0	199.0	157.0	162.0	140.0	179.0	173.0	214.0	171.0	237.0	163.0	253.0	179.0	185.0	199.0	157.0	194.0	196.0	204.0	169.0	224.0	175.0	266.0	178.0	259.0	249.0	264.0	206.0	289.0	221.0	300.0	221.0	370.0	187.0	1
75.0	202.0	70.0	216.0	95.0	199.0	156.0	163.0	137.0	179.0	172.0	213.0	171.0	237.0	163.0	252.0	182.0	186.0	201.0	157.0	198.0	197.0	205.0	170.0	226.0	175.0	265.0	178.0	253.0	248.0	265.0	206.0	282.0	219.0	295.0	219.0	364.0	190.0	1
73.0	201.0	68.0	216.0	96.0	198.0	161.0	161.0	142.0	177.0	173.0	214.0	170.0	238.0	161.0	254.0	179.0	184.0	202.0	155.0	199.0	197.0	205.0	168.0	226.0	175.0	265.0	176.0	259.0	251.0	265.0	207.0	288.0	221.0	301.0	222.0	369.0	184.0	1
73.0	200.0	69.0	215.0	95.0	198.0	158.0	162.0	140.0	178.0	173.0	212.0	170.0	235.0	162.0	252.0	179.0	184.0	203.0	156.0	200.0	197.0	208.0	169.0	228.0	175.0	271.0	179.0	256.0	249.0	264.0	207.0	285.0	220.0	297.0	220.0	367.0	187.0	1
73.0	201.0	70.0	217.0	95.0	199.0	157.0	163.0	140.0	179.0	173.0	214.0	170.0	237.0	162.0	254.0	179.0	185.0	201.0	157.0	196.0	197.0	204.0	169.0	227.0	176.0	267.0	178.0	259.0	250.0	265.0	206.0	287.0	221.0	301.0	221.0	371.0	185.0	1
74.0	202.0	71.0	217.0	96.0	199.0	156.0	162.0	139.0	180.0	174.0	213.0	171.0	237.0	162.0	253.0	180.0	185.0	198.0	157.0	198.0	196.0	203.0	169.0	225.0	175.0	267.0	178.0	256.0	248.0	264.0	206.0	284.0	220.0	297.0	220.0	365.0	187.0	1
73.0	200.0	68.0	216.0	97.0	197.0	157.0	162.0	141.0	177.0	174.0	212.0	168.0	235.0	158.0	252.0	181.0	184.0	202.0	155.0	199.0	196.0	206.0	167.0	232.0	175.0	272.0	177.0	257.0	250.0	269.0	208.0	288.0	221.0	303.0	221.0	372.0	186.0	1
74.0	201.0	71.0	217.0	94.0	199.0	156.0	162.0	138.0	179.0	175.0	212.0	172.0	237.0	163.0	253.0	180.0	184.0	204.0	155.0	199.0	197.0	209.0	168.0	229.0	174.0	269.0	177.0	255.0	249.0	262.0	206.0	284.0	221.0	298.0	221.0	366.0	188.0	1
77.0	201.0	74.0	216.0	99.0	198.0	158.0	163.0	143.0	178.0	172.0	212.0	169.0	236.0	162.0	252.0	179.0	185.0	200.0	158.0	197.0	197.0	205.0	170.0	223.0	175.0	270.0	179.0	256.0	247.0	265.0	207.0	284.0	219.0	297.0	218.0	363.0	187.0	1
70.0	199.0	66.0	216.0	91.0	197.0	154.0	159.0	136.0	174.0	172.0	212.0	169.0	236.0	159.0	254.0	179.0	182.0	199.0	151.0	197.0	194.0	202.0	164.0	223.0	171.0	271.0	174.0	259.0	250.0	264.0	204.0	289.0	220.0	302.0	219.0	370.0	183.0	1
72.0	201.0	68.0	216.0	96.0	198.0	156.0	163.0	140.0	179.0	173.0	213.0	173.0	237.0	164.0	253.0	184.0	187.0	201.0	157.0	197.0	198.0	207.0	171.0	227.0	176.0	270.0	179.0	257.0	249.0	267.0	207.0	286.0	220.0	300.0	220.0	368.0	184.0	1
74.0	200.0	70.0	216.0	97.0	197.0	159.0	162.0	143.0	178.0	173.0	213.0	171.0	236.0	163.0	254.0	182.0	186.0	199.0	157.0	195.0	196.0	205.0	170.0	223.0	174.0	267.0	178.0	258.0	249.0	263.0	207.0	286.0	220.0	298.0	220.0	367.0	184.0	1
75.0	202.0	70.0	218.0	93.0	199.0	156.0	159.0	136.0	178.0	173.0	214.0	171.0	240.0	163.0	258.0	180.0	183.0	202.0	153.0	197.0	196.0	207.0	167.0	226.0	173.0	262.0	176.0	259.0	253.0	265.0	206.0	288.0	221.0	301.0	221.0	369.0	183.0	1
75.0	201.0	71.0	216.0	97.0	198.0	158.0	163.0	143.0	178.0	174.0	213.0	171.0	237.0	161.0	252.0	182.0	186.0	200.0	158.0	196.0	197.0	203.0	170.0	223.0	176.0	268.0	179.0	255.0	249.0	266.0	208.0	287.0	221.0	299.0	221.0	364.0	184.0	1
68.0	201.0	65.0	215.0	92.0	198.0	154.0	163.0	137.0	179.0	174.0	211.0	170.0	235.0	163.0	254.0	178.0	184.0	200.0	156.0	199.0	196.0	205.0	169.0	229.0	175.0	271.0	179.0	260.0	250.0	264.0	205.0	288.0	220.0	302.0	220.0	367.0	183.0	1
66.0	200.0	62.0	216.0	91.0	198.0	153.0	162.0	138.0	177.0	174.0	212.0	171.0	237.0	161.0	255.0	180.0	184.0	200.0	155.0	197.0	196.0	205.0	167.0	230.0	174.0	271.0	177.0	260.0	251.0	268.0	206.0	291.0	221.0	304.0	220.0	373.0	184.0	1
76.0	201.0	73.0	216.0	100.0	197.0	158.0	163.0	142.0	178.0	174.0	212.0	171.0	235.0	163.0	251.0	181.0	185.0	199.0	157.0	196.0	196.0	203.0	169.0	225.0	175.0	268.0	178.0	255.0	248.0	263.0	207.0	283.0	220.0	296.0	219.0	366.0	186.0	1
75.0	201.0	72.0	216.0	96.0	199.0	158.0	164.0	142.0	179.0	173.0	213.0	170.0	235.0	162.0	252.0	181.0	186.0	200.0	159.0	195.0	195.0	204.0	171.0	226.0	176.0	265.0	178.0	258.0	248.0	266.0	206.0	286.0	220.0	300.0	220.0	366.0	186.0	1
74.0	201.0	69.0	217.0	95.0	199.0	156.0	162.0	141.0	177.0	172.0	212.0	171.0	238.0	162.0	254.0	180.0	185.0	202.0	155.0	196.0	196.0	206.0	168.0	229.0	175.0	270.0	178.0	258.0	252.0	265.0	205.0	289.0	221.0	304.0	221.0	372.0	185.0	1
74.0	199.0	70.0	216.0	97.0	196.0	155.0	159.0	139.0	175.0	173.0	212.0	169.0	236.0	161.0	254.0	179.0	182.0	202.0	153.0	199.0	196.0	206.0	166.0	226.0	172.0	269.0	175.0	257.0	251.0	264.0	204.0	290.0	220.0	302.0	219.0	370.0	183.0	1
75.0	201.0	70.0	216.0	96.0	199.0	157.0	162.0	140.0	179.0	173.0	213.0	171.0	238.0	163.0	255.0	185.0	186.0	200.0	156.0	196.0	196.0	206.0	170.0	225.0	175.0	267.0	178.0	258.0	250.0	262.0	206.0	288.0	221.0	301.0	220.0	368.0	184.0	1
76.0	200.0	72.0	218.0	96.0	198.0	155.0	160.0	138.0	176.0	172.0	214.0	172.0	239.0	162.0	256.0	181.0	184.0	200.0	155.0	197.0	196.0	205.0	167.0	226.0	173.0	265.0	177.0	254.0	250.0	264.0	206.0	286.0	220.0	298.0	220.0	370.0	185.0	1
68.0	200.0	62.0	216.0	91.0	197.0	155.0	160.0	137.0	177.0	171.0	214.0	170.0	239.0	160.0	257.0	177.0	184.0	199.0	154.0	192.0	194.0	204.0	167.0	224.0	172.0	270.0	177.0	259.0	253.0	268.0	207.0	291.0	221.0	305.0	220.0	376.0	185.0	1
75.0	200.0	71.0	214.0	96.0	198.0	155.0	162.0	138.0	179.0	174.0	212.0	170.0	235.0	162.0	251.0	179.0	184.0	201.0	156.0	198.0	196.0	203.0	167.0	224.0	173.0	263.0	176.0	255.0	250.0	264.0	206.0	287.0	220.0	302.0	221.0	369.0	184.0	1
70.0	202.0	66.0	216.0	95.0	198.0	156.0	162.0	139.0	178.0	173.0	213.0	170.0	238.0	162.0	256.0	177.0	184.0	201.0	156.0	199.0	198.0	207.0	169.0	228.0	174.0	275.0	177.0	261.0	251.0	271.0	208.0	292.0	222.0	306.0	221.0	372.0	184.0	1
74.0	202.0	70.0	216.0	97.0	199.0	155.0	163.0	141.0	178.0	172.0	212.0	171.0	235.0	161.0	252.0	180.0	184.0	197.0	157.0	196.0	195.0	203.0	170.0	225.0	175.0	268.0	178.0	256.0	249.0	262.0	205.0	286.0	219.0	298.0	219.0	369.0	187.0	1
70.0	199.0	65.0	215.0	90.0	198.0	157.0	162.0	142.0	177.0	173.0	214.0	168.0	237.0	158.0	254.0	182.0	185.0	199.0	156.0	196.0	195.0	205.0	168.0	226.0	175.0	271.0	178.0	255.0	251.0	266.0	206.0	288.0	221.0	303.0	221.0	371.0	182.0	1
78.0	202.0	75.0	215.0	102.0	199.0	158.0	164.0	143.0	180.0	175.0	212.0	172.0	235.0	165.0	251.0	181.0	185.0	200.0	159.0	197.0	196.0	205.0	171.0	223.0	176.0	265.0	178.0	252.0	248.0	264.0	207.0	284.0	220.0	297.0	220.0	364.0	187.0	1
73.0	200.0	69.0	214.0	97.0	198.0	157.0	162.0	140.0	178.0	174.0	214.0	171.0	238.0	160.0	255.0	182.0	184.0	201.0	155.0	199.0	196.0	206.0	168.0	226.0	174.0	268.0	177.0	253.0	252.0	260.0	205.0	284.0	220.0	300.0	221.0	369.0	186.0	1
72.0	200.0	68.0	216.0	93.0	198.0	156.0	163.0	139.0	178.0	172.0	215.0	171.0	240.0	161.0	257.0	180.0	185.0	200.0	156.0	198.0	198.0	203.0	169.0	228.0	175.0	269.0	178.0	257.0	251.0	265.0	207.0	288.0	220.0	301.0	220.0	368.0	183.0	1
79.0	201.0	74.0	216.0	101.0	198.0	156.0	165.0	142.0	178.0	175.0	214.0	172.0	237.0	164.0	254.0	180.0	186.0	201.0	158.0	197.0	196.0	204.0	170.0	224.0	175.0	265.0	179.0	253.0	250.0	261.0	205.0	284.0	221.0	298.0	220.0	364.0	186.0	1
72.0	200.0	67.0	215.0	92.0	198.0	156.0	162.0	139.0	176.0	174.0	215.0	171.0	237.0	161.0	255.0	181.0	184.0	200.0	155.0	198.0	197.0	204.0	167.0	226.0	171.0	266.0	174.0	257.0	252.0	269.0	208.0	289.0	221.0	302.0	220.0	370.0	183.0	1
70.0	201.0	66.0	218.0	93.0	199.0	157.0	161.0	141.0	177.0	173.0	214.0	172.0	238.0	161.0	256.0	181.0	184.0	201.0	155.0	197.0	195.0	206.0	167.0	227.0	172.0	268.0	176.0	261.0	253.0	265.0	205.0	291.0	222.0	305.0	222.0	374.0	185.0	1
72.0	201.0	67.0	216.0	92.0	198.0	156.0	162.0	140.0	178.0	174.0	214.0	170.0	238.0	161.0	255.0	178.0	185.0	200.0	156.0	198.0	198.0	205.0	170.0	227.0	176.0	268.0	178.0	261.0	252.0	268.0	208.0	291.0	221.0	304.0	221.0	372.0	183.0	1
73.0	201.0	70.0	215.0	94.0	199.0	154.0	163.0	138.0	177.0	173.0	213.0	169.0	236.0	161.0	252.0	179.0	183.0	201.0	156.0	198.0	197.0	205.0	169.0	227.0	175.0	271.0	178.0	257.0	250.0	264.0	206.0	286.0	221.0	300.0	221.0	369.0	183.0	1
56.0	200.0	50.0	218.0	80.0	198.0	150.0	156.0	131.0	175.0	171.0	216.0	167.0	242.0	159.0	261.0	177.0	182.0	203.0	148.0	199.0	197.0	209.0	164.0	232.0	170.0	278.0	174.0	267.0	258.0	275.0	208.0	300.0	224.0	316.0	224.0	397.0	184.0	1
74.0	201.0	70.0	216.0	98.0	198.0	158.0	163.0	144.0	177.0	175.0	213.0	172.0	236.0	165.0	254.0	183.0	184.0	203.0	158.0	200.0	196.0	206.0	169.0	228.0	175.0	265.0	177.0	257.0	250.0	264.0	205.0	285.0	220.0	299.0	220.0	364.0	187.0	1
75.0	202.0	72.0	216.0	97.0	198.0	153.0	164.0	139.0	179.0	171.0	213.0	169.0	236.0	161.0	252.0	179.0	186.0	198.0	158.0	195.0	196.0	203.0	170.0	226.0	175.0	266.0	176.0	258.0	247.0	264.0	205.0	287.0	219.0	301.0	219.0	365.0	186.0	1
72.0	202.0	69.0	218.0	95.0	199.0	156.0	162.0	138.0	179.0	171.0	213.0	169.0	238.0	161.0	256.0	178.0	184.0	198.0	157.0	195.0	196.0	203.0	170.0	224.0	175.0	267.0	178.0	257.0	251.0	268.0	207.0	289.0	220.0	303.0	221.0	370.0	185.0	1
75.0	201.0	73.0	217.0	97.0	198.0	156.0	164.0	141.0	179.0	172.0	212.0	170.0	234.0	161.0	249.0	182.0	187.0	198.0	158.0	195.0	196.0	202.0	170.0	224.0	175.0	266.0	178.0	252.0	247.0	260.0	206.0	282.0	220.0	296.0	220.0	364.0	188.0	1
73.0	200.0	69.0	215.0	98.0	198.0	158.0	164.0	140.0	179.0	175.0	213.0	173.0	236.0	164.0	252.0	177.0	184.0	201.0	157.0	200.0	197.0	205.0	170.0	226.0	176.0	270.0	179.0	257.0	248.0	265.0	206.0	285.0	218.0	299.0	218.0	371.0	186.0	1
77.0	202.0	72.0	216.0	98.0	199.0	158.0	162.0	141.0	179.0	172.0	213.0	169.0	237.0	162.0	252.0	176.0	184.0	202.0	156.0	197.0	197.0	206.0	169.0	228.0	175.0	274.0	179.0	253.0	249.0	264.0	206.0	284.0	221.0	300.0	221.0	370.0	190.0	1
80.0	202.0	75.0	217.0	100.0	198.0	157.0	163.0	140.0	179.0	175.0	213.0	173.0	236.0	164.0	252.0	183.0	185.0	199.0	157.0	198.0	196.0	206.0	170.0	222.0	175.0	263.0	177.0	254.0	248.0	260.0	204.0	285.0	220.0	299.0	219.0	366.0	186.0	1
72.0	202.0	69.0	217.0	93.0	199.0	156.0	162.0	139.0	178.0	173.0	213.0	171.0	237.0	163.0	253.0	180.0	185.0	198.0	157.0	195.0	196.0	203.0	169.0	223.0	174.0	271.0	177.0	257.0	249.0	266.0	207.0	289.0	221.0	302.0	221.0	368.0	185.0	1
74.0	202.0	70.0	217.0	96.0	199.0	155.0	164.0	139.0	179.0	174.0	214.0	171.0	238.0	163.0	254.0	182.0	186.0	199.0	158.0	199.0	197.0	204.0	170.0	226.0	176.0	267.0	179.0	259.0	249.0	264.0	206.0	289.0	220.0	301.0	219.0	366.0	186.0	1
75.0	201.0	68.0	217.0	92.0	199.0	159.0	161.0	136.0	178.0	173.0	214.0	171.0	239.0	163.0	258.0	181.0	184.0	200.0	155.0	196.0	195.0	206.0	168.0	227.0	173.0	268.0	177.0	258.0	253.0	262.0	205.0	289.0	221.0	303.0	221.0	370.0	185.0	1
71.0	200.0	66.0	215.0	94.0	198.0	153.0	161.0	138.0	177.0	174.0	214.0	172.0	239.0	162.0	257.0	176.0	182.0	201.0	156.0	198.0	198.0	204.0	168.0	227.0	175.0	267.0	178.0	259.0	252.0	264.0	206.0	288.0	221.0	302.0	220.0	369.0	183.0	1
72.0	201.0	66.0	218.0	95.0	198.0	156.0	161.0	139.0	177.0	172.0	214.0	169.0	238.0	161.0	256.0	179.0	183.0	200.0	155.0	198.0	197.0	204.0	168.0	224.0	173.0	266.0	176.0	260.0	253.0	263.0	206.0	289.0	222.0	302.0	221.0	371.0	185.0	1
72.0	198.0	68.0	213.0	95.0	195.0	157.0	157.0	141.0	173.0	172.0	210.0	169.0	234.0	160.0	251.0	182.0	181.0	201.0	153.0	197.0	193.0	204.0	165.0	226.0	172.0	263.0	175.0	255.0	249.0	265.0	205.0	285.0	219.0	297.0	219.0	363.0	184.0	1
63.0	201.0	59.0	217.0	91.0	197.0	151.0	161.0	134.0	178.0	171.0	215.0	166.0	238.0	157.0	255.0	174.0	184.0	199.0	154.0	196.0	197.0	204.0	168.0	227.0	173.0	278.0	176.0	261.0	252.0	269.0	206.0	291.0	220.0	306.0	220.0	382.0	185.0	1
74.0	200.0	71.0	214.0	97.0	197.0	158.0	162.0	143.0	177.0	173.0	211.0	171.0	235.0	160.0	253.0	177.0	184.0	201.0	156.0	198.0	197.0	206.0	168.0	226.0	174.0	267.0	177.0	256.0	249.0	262.0	206.0	284.0	220.0	297.0	220.0	364.0	186.0	1
72.0	200.0	69.0	216.0	98.0	198.0	157.0	162.0	139.0	178.0	174.0	213.0	171.0	236.0	162.0	253.0	179.0	184.0	201.0	156.0	197.0	196.0	205.0	168.0	226.0	174.0	269.0	177.0	257.0	249.0	267.0	207.0	287.0	220.0	299.0	219.0	370.0	185.0	1
75.0	203.0	72.0	217.0	100.0	198.0	157.0	162.0	141.0	178.0	173.0	213.0	170.0	237.0	163.0	253.0	179.0	185.0	200.0	157.0	194.0	195.0	203.0	169.0	225.0	175.0	266.0	178.0	258.0	249.0	264.0	205.0	287.0	220.0	299.0	220.0	374.0	188.0	1
73.0	200.0	69.0	215.0	96.0	197.0	157.0	163.0	141.0	177.0	173.0	213.0	169.0	236.0	158.0	252.0	184.0	186.0	200.0	156.0	198.0	197.0	206.0	170.0	226.0	175.0	268.0	178.0	254.0	251.0	261.0	205.0	287.0	221.0	300.0	220.0	368.0	184.0	1
73.0	200.0	68.0	216.0	93.0	198.0	157.0	161.0	139.0	177.0	175.0	214.0	173.0	238.0	163.0	255.0	178.0	184.0	199.0	155.0	199.0	198.0	203.0	167.0	227.0	173.0	268.0	176.0	257.0	252.0	265.0	206.0	291.0	221.0	303.0	221.0	372.0	181.0	1
68.0	198.0	64.0	214.0	90.0	197.0	158.0	161.0	139.0	177.0	173.0	214.0	167.0	237.0	158.0	255.0	180.0	185.0	199.0	156.0	194.0	196.0	204.0	169.0	225.0	174.0	273.0	178.0	255.0	252.0	265.0	207.0	287.0	221.0	302.0	221.0	373.0	183.0	2
75.0	200.0	71.0	215.0	97.0	198.0	160.0	162.0	141.0	178.0	174.0	215.0	168.0	236.0	159.0	254.0	180.0	185.0	198.0	156.0	196.0	196.0	203.0	169.0	224.0	174.0	270.0	178.0	255.0	252.0	263.0	207.0	287.0	221.0	299.0	220.0	365.0	185.0	2
79.0	199.0	74.0	216.0	99.0	197.0	165.0	161.0	144.0	177.0	174.0	214.0	168.0	235.0	156.0	254.0	182.0	184.0	202.0	156.0	197.0	196.0	206.0	169.0	223.0	174.0	268.0	178.0	251.0	252.0	264.0	208.0	282.0	221.0	296.0	221.0	364.0	186.0	2
74.0	200.0	68.0	216.0	96.0	198.0	161.0	161.0	140.0	177.0	170.0	214.0	165.0	237.0	155.0	256.0	181.0	186.0	201.0	155.0	193.0	195.0	206.0	169.0	229.0	175.0	269.0	179.0	252.0	253.0	261.0	205.0	285.0	221.0	300.0	222.0	370.0	185.0	2
70.0	199.0	65.0	216.0	91.0	197.0	161.0	159.0	142.0	174.0	172.0	216.0	168.0	239.0	158.0	259.0	182.0	184.0	202.0	153.0	196.0	195.0	208.0	166.0	228.0	172.0	272.0	177.0	255.0	257.0	268.0	210.0	287.0	223.0	301.0	223.0	372.0	184.0	2
74.0	199.0	67.0	216.0	94.0	197.0	160.0	159.0	138.0	175.0	172.0	214.0	166.0	238.0	157.0	256.0	180.0	184.0	201.0	153.0	198.0	197.0	205.0	167.0	227.0	173.0	272.0	177.0	254.0	253.0	265.0	209.0	287.0	222.0	301.0	222.0	376.0	183.0	2
74.0	200.0	69.0	216.0	96.0	198.0	162.0	160.0	141.0	177.0	174.0	214.0	168.0	236.0	157.0	255.0	183.0	184.0	202.0	154.0	199.0	196.0	207.0	168.0	227.0	173.0	269.0	177.0	254.0	253.0	263.0	206.0	285.0	221.0	299.0	221.0	366.0	188.0	2
68.0	199.0	62.0	215.0	89.0	197.0	159.0	159.0	137.0	177.0	170.0	214.0	165.0	237.0	155.0	256.0	183.0	186.0	199.0	153.0	193.0	195.0	207.0	168.0	228.0	173.0	272.0	177.0	255.0	255.0	269.0	207.0	291.0	222.0	306.0	222.0	377.0	184.0	2
69.0	199.0	63.0	216.0	93.0	197.0	158.0	159.0	138.0	175.0	172.0	215.0	168.0	238.0	158.0	258.0	181.0	184.0	198.0	153.0	195.0	195.0	203.0	167.0	227.0	174.0	271.0	178.0	255.0	255.0	265.0	206.0	289.0	222.0	303.0	222.0	375.0	183.0	2
71.0	201.0	67.0	216.0	92.0	199.0	158.0	163.0	139.0	179.0	174.0	213.0	171.0	235.0	163.0	252.0	181.0	184.0	200.0	156.0	197.0	196.0	205.0	169.0	226.0	174.0	268.0	178.0	257.0	249.0	261.0	204.0	286.0	219.0	298.0	219.0	368.0	188.0	2
70.0	198.0	64.0	213.0	92.0	197.0	162.0	160.0	139.0	177.0	173.0	212.0	170.0	235.0	160.0	253.0	184.0	185.0	201.0	155.0	198.0	195.0	207.0	169.0	227.0	174.0	264.0	177.0	257.0	249.0	261.0	206.0	286.0	221.0	301.0	221.0	368.0	182.0	2
71.0	200.0	66.0	215.0	93.0	198.0	161.0	162.0	140.0	178.0	173.0	215.0	168.0	236.0	162.0	254.0	182.0	186.0	199.0	155.0	196.0	197.0	203.0	168.0	225.0	173.0	270.0	177.0	256.0	249.0	264.0	205.0	287.0	220.0	300.0	219.0	372.0	186.0	2
72.0	199.0	66.0	215.0	95.0	197.0	161.0	160.0	139.0	177.0	169.0	214.0	164.0	237.0	154.0	256.0	180.0	185.0	200.0	154.0	192.0	195.0	206.0	169.0	228.0	175.0	269.0	178.0	252.0	253.0	261.0	205.0	285.0	222.0	299.0	222.0	371.0	185.0	2
77.0	201.0	72.0	215.0	101.0	197.0	162.0	161.0	142.0	179.0	174.0	213.0	172.0	234.0	163.0	251.0	180.0	185.0	200.0	157.0	196.0	196.0	205.0	169.0	223.0	174.0	268.0	178.0	254.0	248.0	260.0	205.0	285.0	220.0	297.0	219.0	360.0	182.0	2
78.0	200.0	72.0	215.0	98.0	198.0	160.0	164.0	142.0	179.0	176.0	212.0	172.0	233.0	163.0	250.0	184.0	186.0	199.0	159.0	194.0	196.0	204.0	170.0	224.0	174.0	268.0	178.0	250.0	248.0	262.0	206.0	282.0	219.0	295.0	219.0	359.0	188.0	2
77.0	199.0	69.0	214.0	99.0	196.0	161.0	161.0	141.0	177.0	174.0	214.0	170.0	234.0	160.0	252.0	180.0	185.0	198.0	156.0	194.0	195.0	204.0	169.0	223.0	173.0	266.0	176.0	255.0	250.0	260.0	204.0	287.0	221.0	300.0	220.0	363.0	181.0	2
21.0	186.0	82.0	204.0	77.0	220.0	168.0	163.0	148.0	180.0	179.0	236.0	183.0	215.0	171.0	254.0	103.0	201.0	211.0	164.0	190.0	187.0	206.0	197.0	233.0	174.0	275.0	176.0	267.0	248.0	270.0	206.0	293.0	219.0	309.0	219.0	375.0	180.0	2
75.0	201.0	69.0	216.0	95.0	199.0	161.0	161.0	143.0	177.0	175.0	214.0	170.0	236.0	161.0	253.0	182.0	185.0	197.0	156.0	196.0	196.0	203.0	169.0	223.0	174.0	268.0	178.0	257.0	251.0	264.0	206.0	288.0	221.0	302.0	221.0	366.0	183.0	2
75.0	200.0	69.0	215.0	95.0	198.0	160.0	162.0	140.0	178.0	176.0	213.0	172.0	235.0	163.0	253.0	182.0	186.0	198.0	158.0	194.0	195.0	203.0	169.0	223.0	174.0	269.0	178.0	253.0	249.0	262.0	205.0	284.0	219.0	297.0	218.0	361.0	186.0	2
75.0	200.0	70.0	215.0	96.0	198.0	160.0	162.0	139.0	178.0	175.0	214.0	172.0	237.0	165.0	253.0	182.0	186.0	201.0	156.0	195.0	196.0	206.0	169.0	224.0	174.0	270.0	178.0	254.0	249.0	260.0	206.0	284.0	221.0	297.0	220.0	367.0	184.0	2
75.0	200.0	70.0	215.0	95.0	198.0	160.0	160.0	140.0	177.0	173.0	213.0	168.0	234.0	159.0	251.0	181.0	184.0	198.0	156.0	195.0	194.0	204.0	167.0	222.0	172.0	265.0	176.0	253.0	249.0	264.0	206.0	284.0	219.0	298.0	219.0	364.0	185.0	2
79.0	200.0	73.0	214.0	97.0	197.0	161.0	161.0	142.0	177.0	173.0	213.0	171.0	234.0	162.0	251.0	182.0	185.0	198.0	156.0	195.0	196.0	204.0	169.0	224.0	174.0	269.0	178.0	253.0	248.0	260.0	206.0	284.0	221.0	296.0	220.0	363.0	183.0	2
74.0	200.0	68.0	216.0	95.0	197.0	159.0	161.0	139.0	176.0	174.0	214.0	169.0	236.0	158.0	254.0	183.0	186.0	198.0	155.0	196.0	196.0	203.0	168.0	228.0	174.0	271.0	178.0	253.0	252.0	263.0	206.0	287.0	220.0	300.0	220.0	367.0	187.0	2
77.0	201.0	71.0	215.0	100.0	199.0	159.0	162.0	139.0	179.0	174.0	213.0	171.0	234.0	165.0	252.0	181.0	186.0	199.0	157.0	192.0	195.0	206.0	170.0	224.0	174.0	270.0	178.0	254.0	247.0	262.0	205.0	285.0	220.0	298.0	219.0	363.0	185.0	2
74.0	200.0	68.0	216.0	94.0	197.0	160.0	159.0	138.0	175.0	172.0	214.0	166.0	237.0	157.0	255.0	180.0	184.0	200.0	153.0	197.0	197.0	205.0	167.0	226.0	174.0	271.0	178.0	253.0	253.0	264.0	209.0	286.0	222.0	300.0	222.0	374.0	183.0	2
81.0	202.0	78.0	216.0	100.0	199.0	158.0	162.0	141.0	178.0	174.0	212.0	172.0	234.0	164.0	251.0	181.0	186.0	198.0	156.0	193.0	195.0	203.0	169.0	223.0	174.0	268.0	179.0	252.0	248.0	259.0	205.0	284.0	221.0	295.0	220.0	361.0	185.0	2
77.0	202.0	72.0	217.0	99.0	199.0	159.0	163.0	140.0	179.0	176.0	214.0	172.0	235.0	163.0	253.0	180.0	185.0	199.0	157.0	197.0	196.0	203.0	169.0	222.0	173.0	267.0	176.0	257.0	248.0	263.0	205.0	287.0	219.0	300.0	218.0	368.0	188.0	2
80.0	201.0	75.0	216.0	103.0	199.0	161.0	164.0	143.0	180.0	177.0	212.0	172.0	232.0	164.0	250.0	183.0	186.0	198.0	159.0	196.0	196.0	203.0	170.0	223.0	175.0	264.0	178.0	254.0	245.0	259.0	203.0	283.0	217.0	296.0	217.0	363.0	189.0	2
76.0	201.0	71.0	216.0	97.0	198.0	159.0	161.0	140.0	177.0	173.0	214.0	170.0	236.0	161.0	254.0	178.0	185.0	197.0	155.0	193.0	196.0	202.0	168.0	222.0	173.0	271.0	178.0	253.0	252.0	263.0	206.0	288.0	222.0	300.0	221.0	367.0	182.0	2
71.0	202.0	66.0	217.0	96.0	200.0	157.0	164.0	138.0	179.0	176.0	214.0	172.0	235.0	163.0	253.0	182.0	186.0	196.0	157.0	194.0	195.0	201.0	169.0	220.0	173.0	269.0	177.0	258.0	248.0	263.0	203.0	289.0	219.0	305.0	220.0	371.0	186.0	2
83.0	203.0	78.0	216.0	102.0	200.0	160.0	164.0	142.0	180.0	177.0	212.0	175.0	233.0	168.0	250.0	182.0	187.0	197.0	158.0	196.0	197.0	204.0	171.0	221.0	176.0	264.0	178.0	253.0	247.0	263.0	207.0	283.0	219.0	296.0	219.0	361.0	184.0	2
75.0	200.0	70.0	216.0	94.0	198.0	160.0	160.0	141.0	176.0	174.0	214.0	169.0	237.0	161.0	254.0	179.0	185.0	199.0	153.0	195.0	196.0	205.0	167.0	225.0	172.0	271.0	177.0	255.0	252.0	264.0	207.0	287.0	221.0	300.0	221.0	369.0	182.0	2
79.0	201.0	75.0	217.0	96.0	199.0	162.0	162.0	142.0	177.0	174.0	213.0	173.0	236.0	165.0	253.0	179.0	185.0	201.0	156.0	194.0	196.0	207.0	169.0	226.0	174.0	269.0	178.0	255.0	249.0	265.0	208.0	285.0	221.0	299.0	220.0	366.0	184.0	2
71.0	200.0	65.0	215.0	95.0	198.0	161.0	161.0	140.0	178.0	173.0	213.0	169.0	234.0	160.0	252.0	184.0	185.0	199.0	154.0	195.0	193.0	205.0	167.0	227.0	173.0	265.0	176.0	256.0	249.0	261.0	204.0	287.0	220.0	301.0	221.0	370.0	183.0	2
80.0	202.0	75.0	216.0	102.0	199.0	161.0	164.0	143.0	180.0	177.0	213.0	172.0	233.0	164.0	250.0	183.0	186.0	199.0	159.0	196.0	196.0	203.0	170.0	223.0	174.0	265.0	178.0	254.0	246.0	260.0	203.0	284.0	218.0	296.0	218.0	363.0	189.0	2
78.0	197.0	73.0	214.0	99.0	195.0	167.0	159.0	144.0	175.0	174.0	213.0	168.0	235.0	157.0	254.0	182.0	184.0	203.0	154.0	198.0	195.0	207.0	168.0	225.0	173.0	270.0	178.0	252.0	253.0	267.0	210.0	284.0	222.0	298.0	223.0	368.0	188.0	2
72.0	200.0	68.0	216.0	91.0	199.0	157.0	161.0	137.0	177.0	173.0	214.0	169.0	235.0	160.0	252.0	178.0	185.0	197.0	155.0	194.0	196.0	203.0	168.0	224.0	173.0	267.0	177.0	256.0	250.0	264.0	207.0	287.0	221.0	299.0	220.0	366.0	182.0	2
72.0	198.0	64.0	214.0	96.0	196.0	161.0	160.0	141.0	176.0	173.0	214.0	170.0	235.0	159.0	253.0	182.0	184.0	201.0	155.0	194.0	194.0	206.0	168.0	228.0	173.0	270.0	176.0	257.0	250.0	263.0	206.0	289.0	222.0	302.0	221.0	368.0	183.0	2
68.0	198.0	64.0	215.0	89.0	196.0	160.0	158.0	140.0	173.0	169.0	214.0	166.0	238.0	156.0	257.0	180.0	183.0	199.0	151.0	194.0	194.0	206.0	165.0	226.0	171.0	269.0	176.0	253.0	255.0	266.0	209.0	285.0	221.0	299.0	222.0	369.0	182.0	2
74.0	199.0	70.0	215.0	95.0	197.0	160.0	161.0	140.0	177.0	173.0	214.0	168.0	236.0	158.0	255.0	180.0	185.0	199.0	155.0	196.0	196.0	203.0	168.0	225.0	174.0	271.0	178.0	255.0	253.0	265.0	207.0	288.0	221.0	300.0	221.0	368.0	184.0	2
76.0	200.0	72.0	215.0	99.0	197.0	159.0	161.0	140.0	177.0	173.0	213.0	169.0	234.0	159.0	252.0	181.0	186.0	199.0	155.0	196.0	197.0	205.0	169.0	223.0	174.0	269.0	179.0	255.0	250.0	260.0	205.0	286.0	221.0	299.0	221.0	365.0	183.0	2
68.0	199.0	60.0	215.0	92.0	197.0	161.0	158.0	137.0	177.0	173.0	214.0	167.0	236.0	156.0	255.0	183.0	184.0	198.0	152.0	195.0	193.0	205.0	166.0	225.0	170.0	270.0	175.0	257.0	252.0	263.0	205.0	291.0	222.0	305.0	221.0	374.0	182.0	2
70.0	198.0	66.0	215.0	92.0	197.0	160.0	161.0	140.0	177.0	174.0	213.0	169.0	235.0	159.0	254.0	181.0	185.0	199.0	156.0	195.0	195.0	204.0	169.0	226.0	174.0	273.0	178.0	255.0	251.0	265.0	206.0	287.0	220.0	301.0	220.0	372.0	183.0	2
75.0	202.0	68.0	217.0	96.0	199.0	160.0	160.0	140.0	178.0	173.0	214.0	169.0	236.0	160.0	254.0	181.0	185.0	198.0	155.0	194.0	195.0	205.0	168.0	225.0	173.0	267.0	178.0	257.0	250.0	262.0	207.0	284.0	221.0	299.0	221.0	370.0	186.0	2
67.0	200.0	61.0	216.0	90.0	197.0	157.0	158.0	136.0	175.0	171.0	215.0	166.0	238.0	157.0	258.0	180.0	183.0	196.0	152.0	194.0	195.0	202.0	167.0	226.0	173.0	272.0	176.0	255.0	255.0	265.0	206.0	290.0	221.0	304.0	222.0	376.0	181.0	2
76.0	201.0	70.0	216.0	97.0	199.0	158.0	162.0	140.0	178.0	175.0	215.0	170.0	236.0	161.0	254.0	181.0	185.0	197.0	156.0	195.0	196.0	203.0	169.0	225.0	174.0	267.0	178.0	256.0	249.0	261.0	205.0	285.0	220.0	299.0	220.0	367.0	185.0	2
66.0	200.0	60.0	216.0	91.0	198.0	157.0	160.0	136.0	177.0	170.0	214.0	167.0	237.0	158.0	255.0	180.0	184.0	199.0	154.0	193.0	194.0	205.0	166.0	225.0	172.0	270.0	175.0	261.0	252.0	263.0	205.0	291.0	221.0	304.0	221.0	377.0	182.0	2
69.0	199.0	64.0	215.0	91.0	196.0	159.0	159.0	138.0	176.0	170.0	213.0	164.0	235.0	156.0	254.0	182.0	185.0	197.0	154.0	192.0	194.0	206.0	167.0	226.0	172.0	269.0	176.0	254.0	252.0	267.0	206.0	288.0	220.0	303.0	220.0	373.0	182.0	2
81.0	200.0	76.0	214.0	99.0	198.0	163.0	162.0	144.0	178.0	175.0	212.0	171.0	233.0	163.0	248.0	183.0	186.0	200.0	159.0	196.0	197.0	206.0	170.0	225.0	175.0	264.0	179.0	252.0	247.0	259.0	206.0	280.0	219.0	292.0	219.0	356.0	185.0	2
78.0	203.0	72.0	216.0	93.0	200.0	158.0	162.0	139.0	178.0	175.0	213.0	172.0	235.0	164.0	252.0	179.0	185.0	195.0	156.0	194.0	196.0	200.0	169.0	220.0	174.0	264.0	177.0	252.0	247.0	264.0	207.0	284.0	219.0	297.0	219.0	361.0	184.0	2
78.0	201.0	72.0	216.0	97.0	199.0	162.0	162.0	142.0	178.0	176.0	214.0	171.0	235.0	163.0	250.0	183.0	186.0	199.0	158.0	195.0	196.0	205.0	169.0	224.0	174.0	263.0	177.0	255.0	248.0	261.0	205.0	285.0	220.0	296.0	219.0	363.0	184.0	2
79.0	201.0	75.0	215.0	99.0	198.0	163.0	163.0	144.0	179.0	176.0	212.0	170.0	233.0	161.0	250.0	182.0	186.0	198.0	158.0	194.0	196.0	203.0	170.0	222.0	174.0	267.0	178.0	253.0	248.0	260.0	205.0	284.0	219.0	297.0	219.0	361.0	184.0	2
54.0	203.0	50.0	217.0	77.0	200.0	150.0	157.0	129.0	176.0	171.0	218.0	167.0	243.0	158.0	263.0	175.0	183.0	200.0	149.0	196.0	197.0	204.0	163.0	228.0	169.0	277.0	173.0	265.0	259.0	274.0	207.0	300.0	224.0	316.0	224.0	395.0	178.0	3
78.0	200.0	72.0	216.0	99.0	197.0	161.0	161.0	143.0	179.0	175.0	213.0	171.0	236.0	162.0	255.0	181.0	185.0	203.0	155.0	196.0	196.0	207.0	168.0	227.0	173.0	268.0	177.0	256.0	251.0	264.0	207.0	286.0	221.0	300.0	222.0	368.0	184.0	3
73.0	201.0	69.0	216.0	99.0	198.0	157.0	162.0	139.0	177.0	174.0	214.0	173.0	236.0	161.0	255.0	182.0	185.0	200.0	155.0	196.0	197.0	204.0	168.0	225.0	173.0	273.0	177.0	259.0	254.0	262.0	205.0	290.0	221.0	303.0	221.0	369.0	181.0	3
77.0	201.0	72.0	216.0	101.0	199.0	160.0	163.0	142.0	180.0	175.0	214.0	171.0	235.0	161.0	254.0	184.0	187.0	199.0	157.0	196.0	195.0	204.0	169.0	223.0	173.0	274.0	178.0	256.0	250.0	263.0	205.0	288.0	221.0	301.0	222.0	372.0	185.0	3
66.0	201.0	61.0	218.0	94.0	198.0	155.0	162.0	138.0	178.0	173.0	215.0	169.0	236.0	159.0	253.0	179.0	185.0	199.0	155.0	195.0	197.0	204.0	168.0	231.0	174.0	276.0	178.0	260.0	253.0	269.0	208.0	291.0	222.0	304.0	222.0	372.0	183.0	3
73.0	201.0	68.0	217.0	97.0	198.0	157.0	161.0	140.0	178.0	174.0	212.0	170.0	235.0	160.0	255.0	185.0	185.0	199.0	154.0	196.0	194.0	204.0	167.0	224.0	171.0	276.0	177.0	257.0	250.0	263.0	204.0	288.0	221.0	302.0	222.0	375.0	186.0	3
74.0	201.0	69.0	217.0	100.0	198.0	158.0	163.0	142.0	179.0	174.0	213.0	171.0	235.0	161.0	254.0	183.0	186.0	199.0	156.0	195.0	195.0	203.0	169.0	223.0	173.0	270.0	176.0	256.0	249.0	262.0	205.0	287.0	222.0	301.0	223.0	370.0	184.0	3
74.0	200.0	70.0	213.0	101.0	198.0	157.0	164.0	142.0	180.0	174.0	213.0	170.0	234.0	160.0	250.0	181.0	186.0	200.0	158.0	194.0	196.0	203.0	170.0	228.0	176.0	271.0	179.0	255.0	249.0	263.0	206.0	284.0	221.0	296.0	221.0	360.0	183.0	3
78.0	201.0	71.0	216.0	101.0	197.0	158.0	164.0	141.0	180.0	175.0	213.0	171.0	235.0	161.0	254.0	185.0	187.0	198.0	157.0	195.0	196.0	203.0	169.0	221.0	174.0	270.0	177.0	255.0	248.0	261.0	205.0	286.0	222.0	300.0	222.0	368.0	183.0	3
76.0	203.0	73.0	218.0	99.0	199.0	158.0	164.0	142.0	179.0	174.0	214.0	173.0	235.0	165.0	251.0	183.0	186.0	200.0	156.0	196.0	195.0	205.0	168.0	224.0	173.0	270.0	176.0	260.0	249.0	266.0	205.0	289.0	221.0	301.0	221.0	368.0	185.0	3
78.0	200.0	72.0	215.0	97.0	197.0	157.0	163.0	140.0	178.0	176.0	214.0	172.0	235.0	162.0	253.0	181.0	186.0	199.0	156.0	196.0	196.0	204.0	168.0	225.0	174.0	270.0	177.0	257.0	250.0	264.0	207.0	287.0	220.0	299.0	220.0	362.0	180.0	3
80.0	201.0	76.0	216.0	99.0	199.0	160.0	163.0	141.0	179.0	173.0	213.0	169.0	235.0	160.0	252.0	179.0	185.0	199.0	156.0	196.0	196.0	203.0	168.0	223.0	174.0	267.0	177.0	253.0	249.0	262.0	206.0	282.0	220.0	296.0	220.0	363.0	186.0	3
74.0	200.0	69.0	215.0	97.0	197.0	157.0	163.0	141.0	178.0	173.0	214.0	171.0	236.0	159.0	253.0	183.0	186.0	199.0	156.0	194.0	196.0	203.0	168.0	226.0	174.0	273.0	178.0	255.0	251.0	262.0	206.0	285.0	221.0	299.0	222.0	367.0	184.0	3
77.0	199.0	71.0	215.0	98.0	196.0	160.0	159.0	141.0	177.0	174.0	212.0	170.0	235.0	161.0	254.0	180.0	183.0	201.0	154.0	195.0	194.0	207.0	167.0	226.0	172.0	267.0	176.0	255.0	250.0	264.0	206.0	285.0	221.0	299.0	221.0	367.0	182.0	3
72.0	200.0	67.0	216.0	98.0	198.0	157.0	163.0	139.0	179.0	174.0	214.0	171.0	235.0	162.0	254.0	181.0	185.0	200.0	156.0	195.0	195.0	203.0	168.0	224.0	173.0	268.0	177.0	258.0	251.0	266.0	206.0	288.0	221.0	302.0	221.0	372.0	184.0	3
71.0	201.0	67.0	216.0	97.0	199.0	155.0	160.0	138.0	178.0	173.0	215.0	172.0	237.0	161.0	255.0	181.0	185.0	197.0	155.0	196.0	197.0	203.0	167.0	225.0	172.0	272.0	176.0	260.0	254.0	263.0	205.0	290.0	221.0	303.0	221.0	369.0	181.0	3
76.0	199.0	71.0	214.0	97.0	197.0	160.0	162.0	141.0	178.0	173.0	215.0	170.0	237.0	160.0	254.0	180.0	185.0	199.0	155.0	193.0	196.0	204.0	168.0	224.0	173.0	272.0	177.0	256.0	253.0	261.0	206.0	286.0	221.0	299.0	220.0	362.0	181.0	3
76.0	201.0	73.0	215.0	99.0	198.0	157.0	163.0	139.0	180.0	173.0	213.0	170.0	235.0	162.0	251.0	181.0	186.0	199.0	158.0	194.0	197.0	204.0	169.0	224.0	175.0	271.0	178.0	257.0	250.0	262.0	205.0	288.0	220.0	299.0	220.0	363.0	183.0	3
62.0	199.0	56.0	215.0	90.0	196.0	153.0	158.0	135.0	175.0	171.0	213.0	168.0	235.0	157.0	252.0	177.0	182.0	198.0	152.0	194.0	194.0	203.0	164.0	230.0	171.0	276.0	174.0	260.0	252.0	269.0	205.0	292.0	220.0	304.0	221.0	375.0	180.0	3
76.0	199.0	72.0	214.0	98.0	197.0	160.0	162.0	142.0	178.0	174.0	214.0	172.0	235.0	162.0	253.0	184.0	186.0	201.0	157.0	194.0	195.0	206.0	169.0	226.0	175.0	270.0	178.0	252.0	250.0	263.0	206.0	282.0	220.0	296.0	220.0	365.0	186.0	3
71.0	202.0	67.0	218.0	96.0	199.0	156.0	164.0	140.0	180.0	170.0	217.0	168.0	238.0	160.0	254.0	178.0	187.0	197.0	157.0	191.0	197.0	202.0	169.0	222.0	173.0	267.0	177.0	256.0	253.0	263.0	207.0	288.0	223.0	299.0	222.0	366.0	181.0	3
79.0	200.0	73.0	216.0	101.0	196.0	159.0	163.0	142.0	179.0	175.0	212.0	171.0	233.0	162.0	252.0	185.0	186.0	198.0	156.0	195.0	195.0	203.0	168.0	221.0	173.0	269.0	176.0	256.0	247.0	261.0	204.0	286.0	220.0	299.0	220.0	367.0	182.0	3
71.0	201.0	65.0	217.0	97.0	198.0	157.0	162.0	139.0	178.0	173.0	213.0	170.0	235.0	160.0	255.0	182.0	185.0	197.0	155.0	194.0	194.0	202.0	167.0	222.0	172.0	270.0	175.0	257.0	249.0	263.0	205.0	288.0	221.0	302.0	222.0	373.0	182.0	3
76.0	200.0	71.0	215.0	98.0	198.0	159.0	162.0	141.0	179.0	174.0	214.0	170.0	236.0	159.0	253.0	183.0	186.0	200.0	155.0	197.0	197.0	204.0	168.0	223.0	174.0	270.0	177.0	254.0	252.0	267.0	209.0	287.0	222.0	301.0	221.0	366.0	183.0	3
71.0	202.0	67.0	217.0	99.0	197.0	158.0	163.0	138.0	180.0	172.0	213.0	170.0	234.0	161.0	252.0	180.0	186.0	199.0	156.0	192.0	196.0	205.0	169.0	225.0	174.0	269.0	178.0	255.0	250.0	265.0	206.0	287.0	222.0	298.0	222.0	371.0	184.0	3
82.0	190.0	63.0	207.0	85.0	202.0	149.0	161.0	131.0	180.0	170.0	217.0	166.0	240.0	158.0	260.0	173.0	184.0	195.0	153.0	193.0	197.0	199.0	166.0	221.0	171.0	266.0	173.0	258.0	253.0	266.0	205.0	289.0	219.0	303.0	220.0	375.0	174.0	3
70.0	200.0	65.0	215.0	94.0	196.0	156.0	162.0	138.0	178.0	171.0	213.0	166.0	235.0	157.0	253.0	180.0	185.0	200.0	155.0	193.0	196.0	206.0	168.0	227.0	174.0	272.0	178.0	257.0	251.0	262.0	207.0	287.0	222.0	300.0	222.0	368.0	181.0	3
66.0	198.0	61.0	214.0	91.0	196.0	155.0	159.0	134.0	177.0	171.0	215.0	165.0	236.0	153.0	255.0	182.0	185.0	200.0	153.0	194.0	196.0	207.0	167.0	227.0	173.0	273.0	176.0	256.0	255.0	266.0	207.0	290.0	223.0	303.0	222.0	375.0	179.0	3
71.0	201.0	68.0	217.0	96.0	198.0	154.0	163.0	139.0	178.0	175.0	214.0	170.0	236.0	160.0	254.0	180.0	186.0	197.0	156.0	194.0	197.0	202.0	168.0	224.0	173.0	275.0	177.0	255.0	251.0	266.0	206.0	288.0	221.0	300.0	220.0	370.0	184.0	3
80.0	200.0	76.0	215.0	99.0	198.0	160.0	162.0	142.0	179.0	173.0	214.0	171.0	235.0	163.0	252.0	182.0	187.0	201.0	157.0	193.0	196.0	205.0	168.0	224.0	173.0	264.0	177.0	255.0	248.0	263.0	207.0	285.0	221.0	297.0	221.0	362.0	183.0	3
73.0	200.0	65.0	214.0	97.0	197.0	160.0	163.0	142.0	178.0	173.0	213.0	170.0	235.0	162.0	253.0	183.0	186.0	200.0	156.0	196.0	196.0	205.0	169.0	226.0	174.0	272.0	179.0	256.0	251.0	261.0	205.0	288.0	221.0	299.0	220.0	365.0	184.0	3
71.0	202.0	66.0	218.0	95.0	199.0	156.0	160.0	138.0	178.0	173.0	213.0	169.0	234.0	159.0	255.0	183.0	184.0	196.0	154.0	194.0	193.0	202.0	167.0	222.0	171.0	274.0	177.0	256.0	249.0	263.0	204.0	288.0	220.0	301.0	222.0	375.0	185.0	3
71.0	202.0	68.0	218.0	95.0	199.0	157.0	163.0	140.0	179.0	174.0	214.0	172.0	235.0	163.0	253.0	180.0	185.0	198.0	157.0	195.0	196.0	202.0	168.0	223.0	173.0	268.0	176.0	261.0	249.0	265.0	204.0	291.0	220.0	304.0	220.0	369.0	181.0	3
74.0	201.0	69.0	216.0	98.0	198.0	157.0	163.0	140.0	179.0	173.0	213.0	169.0	235.0	159.0	254.0	182.0	186.0	196.0	155.0	194.0	194.0	202.0	168.0	221.0	172.0	272.0	177.0	255.0	249.0	262.0	205.0	286.0	221.0	300.0	221.0	372.0	183.0	3
72.0	201.0	67.0	217.0	97.0	198.0	157.0	162.0	138.0	179.0	173.0	213.0	171.0	236.0	162.0	255.0	179.0	185.0	199.0	155.0	193.0	195.0	205.0	168.0	223.0	173.0	266.0	176.0	254.0	249.0	263.0	205.0	286.0	221.0	299.0	222.0	371.0	185.0	3
71.0	202.0	67.0	217.0	94.0	198.0	155.0	162.0	138.0	178.0	173.0	213.0	171.0	235.0	161.0	253.0	182.0	185.0	199.0	155.0	195.0	196.0	204.0	168.0	227.0	173.0	270.0	176.0	257.0	251.0	266.0	205.0	289.0	220.0	302.0	221.0	375.0	184.0	3
76.0	200.0	71.0	215.0	100.0	198.0	159.0	163.0	143.0	179.0	173.0	215.0	170.0	236.0	161.0	254.0	181.0	185.0	200.0	156.0	194.0	196.0	204.0	169.0	224.0	173.0	268.0	177.0	256.0	251.0	264.0	206.0	288.0	222.0	299.0	221.0	365.0	182.0	3
74.0	202.0	69.0	217.0	98.0	198.0	160.0	163.0	143.0	179.0	174.0	211.0	172.0	233.0	162.0	249.0	180.0	186.0	198.0	157.0	193.0	196.0	203.0	169.0	226.0	175.0	269.0	177.0	255.0	248.0	264.0	205.0	284.0	220.0	297.0	221.0	367.0	185.0	3
67.0	198.0	62.0	214.0	96.0	196.0	156.0	161.0	136.0	178.0	170.0	216.0	167.0	238.0	157.0	256.0	177.0	185.0	200.0	155.0	193.0	197.0	206.0	168.0	226.0	173.0	275.0	177.0	257.0	254.0	266.0	208.0	289.0	223.0	302.0	223.0	377.0	181.0	3
69.0	201.0	63.0	214.0	96.0	197.0	156.0	161.0	139.0	178.0	173.0	214.0	169.0	235.0	160.0	253.0	180.0	185.0	198.0	155.0	194.0	195.0	204.0	167.0	230.0	174.0	274.0	177.0	259.0	251.0	267.0	206.0	288.0	221.0	302.0	222.0	369.0	181.0	3
71.0	201.0	69.0	217.0	99.0	197.0	154.0	163.0	140.0	178.0	173.0	214.0	169.0	236.0	159.0	253.0	178.0	185.0	196.0	156.0	193.0	196.0	202.0	168.0	224.0	173.0	273.0	176.0	255.0	251.0	267.0	207.0	288.0	221.0	301.0	220.0	368.0	183.0	3
74.0	201.0	71.0	217.0	97.0	198.0	156.0	163.0	138.0	180.0	173.0	214.0	170.0	235.0	161.0	252.0	180.0	186.0	198.0	157.0	194.0	197.0	203.0	169.0	225.0	174.0	272.0	177.0	258.0	251.0	263.0	204.0	289.0	220.0	301.0	220.0	366.0	182.0	3
68.0	200.0	62.0	216.0	94.0	196.0	155.0	160.0	137.0	177.0	171.0	212.0	168.0	235.0	158.0	254.0	181.0	184.0	196.0	154.0	193.0	193.0	201.0	166.0	222.0	171.0	270.0	173.0	257.0	249.0	263.0	204.0	289.0	221.0	303.0	222.0	375.0	181.0	3
74.0	202.0	71.0	216.0	98.0	200.0	157.0	163.0	140.0	179.0	174.0	211.0	172.0	233.0	162.0	250.0	183.0	186.0	199.0	158.0	196.0	196.0	203.0	169.0	225.0	175.0	266.0	177.0	255.0	247.0	262.0	204.0	287.0	219.0	298.0	219.0	369.0	185.0	3
76.0	200.0	71.0	215.0	101.0	196.0	161.0	163.0	142.0	179.0	173.0	211.0	170.0	233.0	162.0	251.0	184.0	185.0	200.0	155.0	197.0	195.0	207.0	168.0	228.0	173.0	273.0	175.0	261.0	247.0	266.0	204.0	289.0	220.0	302.0	220.0	369.0	183.0	3
76.0	202.0	72.0	216.0	98.0	200.0	158.0	165.0	141.0	180.0	175.0	213.0	169.0	233.0	160.0	251.0	180.0	186.0	198.0	158.0	196.0	196.0	203.0	170.0	222.0	174.0	270.0	177.0	260.0	251.0	268.0	207.0	290.0	220.0	303.0	220.0	365.0	181.0	3
74.0	199.0	69.0	214.0	98.0	197.0	157.0	163.0	142.0	178.0	170.0	214.0	167.0	236.0	158.0	253.0	180.0	185.0	201.0	156.0	192.0	196.0	206.0	169.0	230.0	175.0	279.0	181.0	256.0	250.0	261.0	205.0	287.0	220.0	299.0	219.0	370.0	188.0	3
69.0	199.0	65.0	216.0	95.0	197.0	157.0	161.0	137.0	178.0	170.0	214.0	168.0	237.0	158.0	256.0	181.0	186.0	198.0	154.0	192.0	196.0	205.0	167.0	225.0	172.0	276.0	177.0	257.0	254.0	267.0	207.0	291.0	222.0	304.0	222.0	377.0	183.0	3
76.0	199.0	71.0	214.0	97.0	197.0	157.0	164.0	139.0	179.0	174.0	214.0	171.0	235.0	160.0	253.0	181.0	186.0	199.0	158.0	199.0	197.0	204.0	169.0	225.0	175.0	272.0	178.0	257.0	251.0	264.0	206.0	288.0	220.0	299.0	219.0	361.0	181.0	3
75.0	200.0	72.0	216.0	100.0	197.0	159.0	163.0	141.0	178.0	172.0	215.0	169.0	235.0	161.0	252.0	181.0	185.0	199.0	156.0	192.0	195.0	204.0	168.0	223.0	173.0	266.0	178.0	254.0	250.0	262.0	206.0	283.0	220.0	295.0	219.0	364.0	186.0	3
72.0	199.0	66.0	215.0	97.0	197.0	160.0	162.0	141.0	179.0	173.0	215.0	170.0	237.0	159.0	257.0	180.0	184.0	199.0	155.0	194.0	195.0	204.0	167.0	223.0	173.0	272.0	176.0	260.0	254.0	266.0	207.0	290.0	222.0	304.0	222.0	374.0	181.0	3
67.0	202.0	64.0	219.0	95.0	198.0	151.0	160.0	134.0	177.0	171.0	214.0	169.0	236.0	160.0	255.0	176.0	183.0	198.0	153.0	193.0	194.0	204.0	166.0	225.0	171.0	272.0	174.0	263.0	251.0	266.0	203.0	293.0	221.0	306.0	221.0	373.0	179.0	3
77.0	202.0	74.0	218.0	98.0	199.0	155.0	161.0	140.0	179.0	173.0	214.0	169.0	234.0	161.0	251.0	179.0	185.0	199.0	156.0	193.0	195.0	205.0	168.0	224.0	173.0	271.0	175.0	261.0	249.0	264.0	204.0	290.0	220.0	303.0	220.0	370.0	181.0	3
72.0	199.0	66.0	216.0	93.0	198.0	156.0	160.0	138.0	177.0	171.0	213.0	167.0	235.0	157.0	254.0	179.0	184.0	201.0	153.0	194.0	196.0	205.0	166.0	226.0	172.0	274.0	176.0	257.0	251.0	265.0	207.0	287.0	221.0	300.0	221.0	369.0	182.0	3
71.0	200.0	67.0	214.0	93.0	195.0	156.0	162.0	140.0	177.0	173.0	211.0	170.0	234.0	162.0	252.0	182.0	185.0	197.0	155.0	196.0	195.0	205.0	168.0	225.0	172.0	273.0	175.0	261.0	249.0	268.0	206.0	292.0	221.0	305.0	221.0	371.0	183.0	3
60.0	205.0	57.0	222.0	85.0	200.0	147.0	161.0	130.0	179.0	167.0	214.0	165.0	237.0	157.0	256.0	176.0	184.0	193.0	152.0	192.0	195.0	199.0	165.0	221.0	170.0	271.0	173.0	264.0	253.0	267.0	204.0	295.0	222.0	309.0	221.0	381.0	182.0	3
67.0	199.0	64.0	215.0	95.0	197.0	156.0	161.0	138.0	177.0	172.0	214.0	169.0	236.0	158.0	254.0	181.0	186.0	196.0	155.0	193.0	196.0	203.0	167.0	224.0	173.0	272.0	175.0	256.0	252.0	267.0	206.0	290.0	221.0	304.0	222.0	374.0	181.0	3
72.0	201.0	67.0	216.0	97.0	198.0	156.0	163.0	138.0	178.0	171.0	214.0	168.0	234.0	159.0	252.0	179.0	185.0	199.0	156.0	193.0	195.0	205.0	168.0	225.0	173.0	270.0	176.0	259.0	250.0	265.0	206.0	289.0	220.0	302.0	220.0	371.0	181.0	3
75.0	201.0	69.0	215.0	99.0	199.0	161.0	164.0	145.0	179.0	177.0	211.0	174.0	232.0	165.0	248.0	182.0	186.0	197.0	159.0	195.0	196.0	202.0	170.0	224.0	175.0	266.0	177.0	254.0	247.0	264.0	205.0	284.0	219.0	298.0	219.0	365.0	185.0	3
78.0	200.0	73.0	215.0	99.0	198.0	161.0	164.0	143.0	179.0	174.0	212.0	171.0	235.0	162.0	253.0	181.0	185.0	201.0	158.0	195.0	197.0	206.0	169.0	226.0	175.0	267.0	179.0	258.0	249.0	264.0	206.0	285.0	220.0	298.0	220.0	365.0	187.0	4
65.0	201.0	58.0	217.0	89.0	198.0	155.0	161.0	137.0	178.0	173.0	216.0	168.0	239.0	157.0	258.0	181.0	186.0	200.0	153.0	197.0	198.0	207.0	167.0	227.0	173.0	272.0	177.0	259.0	257.0	269.0	209.0	293.0	225.0	306.0	225.0	379.0	181.0	4
76.0	200.0	71.0	217.0	97.0	198.0	157.0	163.0	138.0	177.0	173.0	214.0	169.0	237.0	161.0	255.0	180.0	185.0	198.0	156.0	196.0	197.0	202.0	167.0	224.0	172.0	267.0	176.0	256.0	252.0	266.0	209.0	288.0	223.0	300.0	223.0	367.0	184.0	4
61.0	202.0	60.0	219.0	82.0	200.0	150.0	157.0	129.0	176.0	170.0	212.0	168.0	237.0	160.0	256.0	174.0	180.0	199.0	149.0	194.0	191.0	201.0	160.0	222.0	165.0	275.0	167.0	271.0	252.0	266.0	199.0	296.0	216.0	309.0	215.0	382.0	172.0	4
72.0	199.0	67.0	215.0	95.0	197.0	157.0	161.0	139.0	178.0	173.0	213.0	168.0	234.0	157.0	254.0	182.0	185.0	202.0	155.0	195.0	195.0	206.0	167.0	225.0	172.0	273.0	177.0	256.0	251.0	269.0	209.0	289.0	222.0	301.0	222.0	366.0	182.0	4
66.0	200.0	59.0	216.0	88.0	198.0	157.0	162.0	140.0	177.0	173.0	216.0	167.0	238.0	157.0	256.0	183.0	186.0	201.0	155.0	195.0	198.0	206.0	169.0	224.0	174.0	270.0	177.0	256.0	256.0	266.0	208.0	292.0	224.0	305.0	224.0	374.0	182.0	4
63.0	199.0	58.0	216.0	87.0	197.0	154.0	158.0	136.0	174.0	173.0	216.0	170.0	240.0	158.0	261.0	181.0	184.0	201.0	151.0	196.0	195.0	207.0	164.0	230.0	170.0	281.0	175.0	263.0	260.0	270.0	205.0	300.0	224.0	313.0	224.0	385.0	181.0	4
65.0	199.0	57.0	214.0	90.0	196.0	150.0	160.0	132.0	177.0	167.0	213.0	165.0	235.0	157.0	255.0	175.0	183.0	198.0	154.0	190.0	194.0	201.0	165.0	223.0	171.0	276.0	175.0	257.0	253.0	269.0	205.0	294.0	222.0	308.0	222.0	381.0	184.0	4
76.0	200.0	69.0	217.0	97.0	197.0	158.0	159.0	139.0	175.0	171.0	214.0	168.0	237.0	158.0	258.0	178.0	184.0	201.0	153.0	195.0	196.0	203.0	165.0	226.0	171.0	272.0	176.0	255.0	254.0	266.0	208.0	288.0	223.0	300.0	223.0	372.0	184.0	4
64.0	199.0	57.0	216.0	89.0	197.0	156.0	159.0	139.0	176.0	173.0	215.0	169.0	238.0	159.0	257.0	180.0	182.0	205.0	153.0	199.0	197.0	207.0	164.0	233.0	171.0	279.0	176.0	264.0	254.0	272.0	205.0	295.0	222.0	311.0	222.0	387.0	185.0	4
81.0	199.0	74.0	214.0	101.0	197.0	166.0	164.0	146.0	179.0	174.0	214.0	172.0	235.0	162.0	251.0	184.0	187.0	201.0	159.0	196.0	198.0	207.0	172.0	226.0	177.0	270.0	180.0	253.0	251.0	259.0	205.0	286.0	222.0	297.0	222.0	361.0	183.0	4
85.0	175.0	9.0	216.0	101.0	175.0	136.0	143.0	127.0	193.0	197.0	245.0	169.0	229.0	192.0	234.0	120.0	224.0	200.0	203.0	220.0	216.0	230.0	161.0	227.0	185.0	240.0	140.0	244.0	239.0	262.0	224.0	310.0	201.0	340.0	181.0	335.0	200.0	4
51.0	204.0	48.0	221.0	74.0	200.0	145.0	156.0	121.0	175.0	165.0	214.0	163.0	240.0	154.0	262.0	170.0	181.0	194.0	154.0	187.0	193.0	222.0	166.0	266.0	255.0	276.0	169.0	275.0	204.0	301.0	220.0	315.0	219.0	329.0	227.0	392.0	176.0	4
71.0	199.0	67.0	215.0	95.0	197.0	158.0	161.0	139.0	177.0	174.0	214.0	172.0	236.0	161.0	256.0	181.0	184.0	200.0	155.0	197.0	195.0	204.0	168.0	226.0	172.0	271.0	177.0	257.0	253.0	269.0	207.0	290.0	221.0	302.0	222.0	372.0	184.0	4
76.0	199.0	72.0	215.0	97.0	197.0	160.0	162.0	140.0	178.0	174.0	214.0	171.0	237.0	163.0	254.0	181.0	186.0	200.0	156.0	197.0	198.0	205.0	168.0	226.0	174.0	268.0	177.0	257.0	252.0	262.0	206.0	288.0	222.0	298.0	221.0	364.0	181.0	4
73.0	198.0	68.0	215.0	96.0	196.0	160.0	160.0	143.0	176.0	172.0	213.0	169.0	237.0	158.0	256.0	182.0	184.0	203.0	154.0	195.0	195.0	208.0	167.0	228.0	172.0	272.0	176.0	253.0	254.0	265.0	209.0	286.0	223.0	298.0	224.0	368.0	184.0	4
63.0	200.0	57.0	215.0	88.0	197.0	156.0	160.0	135.0	175.0	173.0	212.0	167.0	236.0	156.0	254.0	180.0	182.0	204.0	153.0	197.0	194.0	207.0	165.0	231.0	171.0	279.0	177.0	259.0	253.0	270.0	208.0	294.0	224.0	307.0	224.0	381.0	186.0	4
64.0	200.0	62.0	217.0	85.0	198.0	155.0	159.0	136.0	176.0	173.0	214.0	168.0	237.0	159.0	256.0	178.0	183.0	204.0	152.0	195.0	195.0	208.0	164.0	228.0	169.0	278.0	175.0	264.0	255.0	272.0	205.0	298.0	222.0	312.0	222.0	386.0	186.0	4
91.0	180.0	16.0	225.0	126.0	196.0	130.0	147.0	199.0	200.0	194.0	235.0	171.0	226.0	173.0	270.0	122.0	226.0	220.0	181.0	215.0	211.0	220.0	157.0	228.0	137.0	304.0	191.0	240.0	232.0	258.0	215.0	325.0	188.0	328.0	254.0	329.0	173.0	4
78.0	200.0	72.0	216.0	101.0	197.0	159.0	162.0	139.0	178.0	175.0	213.0	172.0	235.0	162.0	254.0	181.0	184.0	199.0	156.0	197.0	196.0	202.0	167.0	224.0	172.0	266.0	175.0	254.0	250.0	261.0	205.0	285.0	222.0	298.0	222.0	364.0	184.0	4
71.0	201.0	67.0	216.0	92.0	198.0	157.0	161.0	141.0	176.0	173.0	214.0	169.0	236.0	161.0	254.0	179.0	183.0	201.0	154.0	195.0	195.0	206.0	166.0	230.0	172.0	268.0	176.0	258.0	252.0	267.0	206.0	289.0	222.0	302.0	222.0	370.0	185.0	4
69.0	198.0	63.0	215.0	91.0	196.0	155.0	159.0	133.0	177.0	172.0	213.0	170.0	236.0	159.0	255.0	181.0	184.0	201.0	154.0	196.0	195.0	207.0	167.0	229.0	171.0	272.0	176.0	260.0	253.0	272.0	208.0	292.0	222.0	305.0	221.0	375.0	181.0	4
70.0	199.0	64.0	216.0	95.0	197.0	156.0	161.0	138.0	177.0	174.0	214.0	170.0	237.0	161.0	256.0	183.0	185.0	200.0	153.0	199.0	197.0	203.0	166.0	226.0	172.0	269.0	175.0	257.0	255.0	267.0	207.0	290.0	222.0	304.0	223.0	374.0	183.0	4
71.0	201.0	65.0	216.0	94.0	198.0	156.0	162.0	138.0	178.0	174.0	215.0	170.0	238.0	161.0	257.0	180.0	185.0	197.0	154.0	198.0	198.0	202.0	167.0	225.0	172.0	269.0	175.0	256.0	254.0	268.0	207.0	290.0	222.0	304.0	222.0	373.0	182.0	4
82.0	199.0	76.0	212.0	102.0	196.0	162.0	165.0	145.0	180.0	175.0	212.0	171.0	233.0	163.0	250.0	182.0	187.0	202.0	160.0	194.0	198.0	206.0	172.0	223.0	177.0	263.0	178.0	252.0	250.0	260.0	208.0	283.0	222.0	294.0	221.0	357.0	181.0	4
76.0	196.0	71.0	212.0	103.0	194.0	164.0	162.0	145.0	177.0	169.0	232.0	108.0	242.0	160.0	250.0	114.0	231.0	185.0	185.0	175.0	212.0	198.0	195.0	206.0	162.0	230.0	174.0	261.0	251.0	270.0	207.0	276.0	180.0	299.0	223.0	371.0	188.0	4
72.0	200.0	68.0	217.0	98.0	196.0	157.0	160.0	137.0	178.0	172.0	214.0	167.0	237.0	158.0	256.0	179.0	185.0	202.0	154.0	193.0	196.0	206.0	167.0	225.0	172.0	270.0	177.0	253.0	255.0	263.0	207.0	286.0	223.0	299.0	224.0	375.0	186.0	4
74.0	198.0	68.0	213.0	99.0	196.0	160.0	162.0	141.0	178.0	172.0	213.0	168.0	235.0	158.0	254.0	180.0	185.0	200.0	157.0	195.0	197.0	205.0	169.0	227.0	174.0	270.0	177.0	256.0	254.0	262.0	206.0	288.0	223.0	300.0	223.0	368.0	180.0	4
68.0	199.0	62.0	216.0	92.0	197.0	159.0	161.0	140.0	178.0	172.0	215.0	167.0	239.0	156.0	256.0	179.0	185.0	202.0	155.0	198.0	198.0	204.0	168.0	224.0	173.0	271.0	177.0	262.0	256.0	267.0	207.0	295.0	225.0	306.0	224.0	378.0	182.0	4
69.0	201.0	64.0	217.0	95.0	199.0	159.0	164.0	139.0	180.0	174.0	217.0	170.0	238.0	161.0	256.0	179.0	161.0	201.0	157.0	183.0	187.0	199.0	199.0	206.0	169.0	228.0	175.0	265.0	207.0	261.0	253.0	271.0	178.0	297.0	221.0	370.0	184.0	4
73.0	199.0	67.0	213.0	93.0	197.0	159.0	162.0	140.0	177.0	174.0	211.0	172.0	234.0	162.0	254.0	182.0	184.0	201.0	156.0	196.0	195.0	206.0	168.0	225.0	172.0	269.0	175.0	260.0	250.0	266.0	204.0	292.0	221.0	304.0	220.0	372.0	182.0	4
70.0	200.0	64.0	217.0	95.0	197.0	156.0	159.0	137.0	177.0	174.0	214.0	169.0	237.0	159.0	256.0	179.0	183.0	201.0	153.0	197.0	197.0	208.0	166.0	230.0	173.0	272.0	178.0	259.0	254.0	264.0	205.0	290.0	222.0	303.0	222.0	375.0	185.0	4
67.0	199.0	63.0	215.0	90.0	198.0	153.0	161.0	134.0	178.0	172.0	215.0	169.0	238.0	160.0	256.0	180.0	186.0	198.0	155.0	198.0	198.0	203.0	168.0	228.0	174.0	275.0	179.0	261.0	252.0	268.0	208.0	291.0	222.0	304.0	221.0	371.0	180.0	4
67.0	200.0	59.0	216.0	88.0	198.0	158.0	160.0	142.0	176.0	174.0	215.0	169.0	237.0	158.0	255.0	184.0	186.0	203.0	155.0	197.0	197.0	207.0	168.0	225.0	173.0	272.0	176.0	256.0	254.0	265.0	207.0	292.0	224.0	305.0	223.0	374.0	182.0	4
69.0	204.0	66.0	216.0	93.0	201.0	155.0	163.0	135.0	179.0	170.0	217.0	166.0	240.0	159.0	254.0	177.0	187.0	198.0	154.0	192.0	198.0	203.0	167.0	225.0	174.0	270.0	177.0	257.0	255.0	265.0	207.0	288.0	223.0	301.0	223.0	375.0	182.0	4
72.0	200.0	67.0	217.0	94.0	197.0	156.0	162.0	139.0	178.0	173.0	214.0	170.0	237.0	160.0	255.0	179.0	184.0	201.0	155.0	196.0	196.0	204.0	167.0	225.0	172.0	274.0	177.0	258.0	254.0	264.0	205.0	292.0	223.0	305.0	223.0	371.0	185.0	4
78.0	198.0	71.0	213.0	98.0	197.0	162.0	163.0	144.0	178.0	173.0	214.0	169.0	236.0	160.0	252.0	181.0	187.0	200.0	158.0	194.0	198.0	205.0	171.0	223.0	176.0	266.0	179.0	251.0	251.0	259.0	206.0	285.0	222.0	295.0	221.0	360.0	182.0	4
70.0	201.0	67.0	212.0	92.0	198.0	158.0	159.0	139.0	177.0	173.0	214.0	168.0	239.0	157.0	258.0	179.0	183.0	200.0	152.0	196.0	196.0	205.0	166.0	226.0	172.0	273.0	176.0	255.0	256.0	267.0	207.0	291.0	223.0	303.0	223.0	372.0	180.0	4
69.0	200.0	65.0	216.0	92.0	198.0	158.0	163.0	139.0	178.0	173.0	213.0	168.0	235.0	158.0	252.0	180.0	184.0	203.0	156.0	196.0	195.0	206.0	168.0	228.0	173.0	276.0	179.0	257.0	250.0	267.0	207.0	289.0	222.0	301.0	222.0	371.0	186.0	4
69.0	198.0	62.0	214.0	94.0	196.0	155.0	159.0	137.0	175.0	170.0	212.0	168.0	236.0	158.0	255.0	177.0	182.0	202.0	153.0	193.0	193.0	205.0	164.0	228.0	169.0	275.0	175.0	260.0	254.0	265.0	204.0	292.0	222.0	305.0	222.0	376.0	184.0	4
75.0	201.0	71.0	215.0	98.0	198.0	159.0	165.0	142.0	180.0	174.0	213.0	168.0	234.0	158.0	250.0	181.0	185.0	200.0	158.0	196.0	196.0	205.0	170.0	226.0	175.0	265.0	177.0	255.0	249.0	265.0	207.0	283.0	221.0	298.0	221.0	365.0	187.0	4
61.0	199.0	55.0	215.0	86.0	197.0	155.0	159.0	133.0	176.0	170.0	215.0	165.0	238.0	154.0	258.0	177.0	183.0	200.0	153.0	194.0	197.0	204.0	165.0	226.0	171.0	275.0	176.0	263.0	257.0	271.0	207.0	296.0	224.0	310.0	225.0	383.0	183.0	4
76.0	199.0	72.0	215.0	97.0	197.0	159.0	162.0	140.0	177.0	173.0	212.0	170.0	235.0	161.0	253.0	180.0	184.0	199.0	156.0	198.0	196.0	201.0	167.0	224.0	173.0	270.0	176.0	255.0	250.0	264.0	206.0	287.0	222.0	298.0	221.0	366.0	183.0	4
68.0	197.0	61.0	213.0	90.0	196.0	157.0	159.0	134.0	177.0	173.0	214.0	169.0	235.0	159.0	255.0	183.0	184.0	202.0	154.0	197.0	195.0	207.0	166.0	228.0	171.0	276.0	176.0	260.0	252.0	272.0	206.0	295.0	222.0	309.0	223.0	378.0	181.0	4
74.0	199.0	69.0	214.0	100.0	197.0	159.0	163.0	140.0	179.0	173.0	214.0	168.0	236.0	158.0	254.0	181.0	186.0	201.0	157.0	195.0	197.0	205.0	170.0	228.0	176.0	270.0	180.0	256.0	253.0	263.0	208.0	285.0	222.0	299.0	222.0	366.0	183.0	4
72.0	199.0	68.0	214.0	95.0	196.0	154.0	163.0	137.0	177.0	172.0	212.0	169.0	234.0	158.0	253.0	179.0	184.0	196.0	156.0	195.0	196.0	200.0	169.0	221.0	174.0	266.0	177.0	253.0	251.0	265.0	207.0	284.0	221.0	297.0	221.0	364.0	183.0	4
73.0	199.0	70.0	215.0	95.0	196.0	158.0	161.0	136.0	177.0	172.0	214.0	168.0	237.0	158.0	255.0	180.0	185.0	200.0	154.0	194.0	195.0	205.0	166.0	226.0	173.0	272.0	177.0	254.0	253.0	265.0	207.0	288.0	222.0	301.0	223.0	374.0	183.0	4
71.0	201.0	66.0	216.0	96.0	198.0	159.0	162.0	140.0	179.0	176.0	216.0	171.0	237.0	162.0	255.0	181.0	186.0	201.0	156.0	198.0	198.0	205.0	168.0	226.0	173.0	270.0	177.0	261.0	252.0	264.0	205.0	291.0	221.0	303.0	220.0	369.0	183.0	4
79.0	200.0	76.0	215.0	98.0	198.0	159.0	165.0	144.0	179.0	175.0	213.0	173.0	234.0	163.0	249.0	182.0	185.0	202.0	158.0	195.0	196.0	204.0	169.0	223.0	174.0	267.0	178.0	255.0	249.0	260.0	205.0	286.0	221.0	297.0	221.0	360.0	185.0	4
77.0	200.0	73.0	216.0	97.0	197.0	158.0	164.0	140.0	179.0	174.0	213.0	171.0	235.0	161.0	252.0	179.0	185.0	199.0	158.0	194.0	195.0	202.0	169.0	223.0	174.0	267.0	177.0	255.0	251.0	261.0	205.0	287.0	221.0	300.0	221.0	362.0	186.0	4
78.0	202.0	71.0	216.0	100.0	199.0	159.0	160.0	138.0	177.0	173.0	214.0	170.0	237.0	159.0	257.0	181.0	185.0	200.0	154.0	197.0	197.0	204.0	166.0	227.0	173.0	269.0	177.0	255.0	253.0	264.0	207.0	287.0	223.0	298.0	223.0	370.0	185.0	4
70.0	199.0	64.0	213.0	96.0	198.0	161.0	162.0	141.0	178.0	173.0	214.0	170.0	235.0	158.0	254.0	180.0	185.0	202.0	155.0	196.0	197.0	206.0	168.0	226.0	174.0	269.0	177.0	256.0	251.0	265.0	207.0	289.0	222.0	301.0	222.0	372.0	184.0	4
77.0	201.0	72.0	223.0	102.0	198.0	158.0	162.0	139.0	179.0	173.0	215.0	169.0	236.0	161.0	254.0	179.0	185.0	201.0	155.0	194.0	196.0	205.0	168.0	225.0	173.0	265.0	177.0	251.0	251.0	260.0	205.0	283.0	221.0	295.0	222.0	366.0	186.0	4
64.0	201.0	58.0	217.0	90.0	198.0	155.0	161.0	136.0	177.0	170.0	215.0	165.0	237.0	156.0	256.0	178.0	184.0	199.0	154.0	194.0	196.0	203.0	164.0	227.0	171.0	277.0	176.0	265.0	255.0	272.0	207.0	298.0	223.0	311.0	223.0	381.0	184.0	4
77.0	200.0	73.0	216.0	102.0	196.0	162.0	162.0	144.0	179.0	174.0	212.0	171.0	234.0	162.0	251.0	182.0	185.0	200.0	158.0	194.0	195.0	205.0	170.0	225.0	175.0	267.0	178.0	254.0	247.0	264.0	207.0	284.0	220.0	298.0	220.0	365.0	184.0	4
71.0	198.0	67.0	215.0	96.0	194.0	154.0	161.0	138.0	175.0	171.0	212.0	169.0	234.0	159.0	253.0	178.0	183.0	199.0	154.0	193.0	194.0	205.0	166.0	226.0	172.0	271.0	175.0	256.0	250.0	266.0	205.0	290.0	221.0	302.0	221.0	371.0	180.0	4
64.0	201.0	61.0	211.0	87.0	198.0	154.0	157.0	134.0	176.0	169.0	214.0	164.0	238.0	153.0	258.0	175.0	182.0	195.0	151.0	192.0	196.0	202.0	165.0	222.0	170.0	271.0	174.0	254.0	256.0	264.0	207.0	288.0	222.0	301.0	223.0	371.0	178.0	4
66.0	200.0	59.0	216.0	87.0	197.0	157.0	160.0	140.0	175.0	173.0	215.0	168.0	236.0	157.0	255.0	183.0	185.0	202.0	153.0	196.0	196.0	206.0	167.0	224.0	173.0	271.0	176.0	255.0	254.0	264.0	206.0	291.0	223.0	304.0	223.0	373.0	181.0	4
80.0	201.0	73.0	216.0	99.0	198.0	160.0	160.0	143.0	177.0	175.0	212.0	173.0	236.0	163.0	253.0	182.0	185.0	200.0	156.0	197.0	196.0	204.0	167.0	223.0	173.0	266.0	178.0	252.0	250.0	259.0	206.0	284.0	220.0	296.0	220.0	361.0	182.0	4
74.0	202.0	70.0	217.0	99.0	198.0	156.0	159.0	138.0	178.0	175.0	214.0	172.0	237.0	163.0	256.0	178.0	184.0	198.0	154.0	195.0	196.0	204.0	167.0	223.0	172.0	270.0	176.0	256.0	252.0	260.0	204.0	287.0	221.0	300.0	221.0	368.0	182.0	4
74.0	200.0	69.0	214.0	96.0	197.0	159.0	163.0	141.0	179.0	174.0	214.0	167.0	234.0	158.0	252.0	180.0	185.0	199.0	157.0	196.0	196.0	205.0	169.0	227.0	175.0	266.0	177.0	255.0	251.0	265.0	208.0	285.0	222.0	299.0	222.0	368.0	188.0	4
72.0	201.0	68.0	218.0	95.0	198.0	157.0	161.0	140.0	178.0	173.0	214.0	170.0	237.0	161.0	255.0	179.0	184.0	198.0	154.0	196.0	196.0	204.0	167.0	224.0	172.0	274.0	177.0	259.0	253.0	264.0	205.0	292.0	222.0	305.0	222.0	370.0	183.0	4
76.0	199.0	69.0	214.0	98.0	197.0	162.0	162.0	144.0	178.0	173.0	214.0	170.0	236.0	160.0	252.0	183.0	185.0	200.0	156.0	195.0	197.0	206.0	170.0	226.0	175.0	271.0	178.0	254.0	251.0	260.0	204.0	288.0	222.0	299.0	221.0	366.0	181.0	4
66.0	200.0	58.0	216.0	92.0	197.0	157.0	158.0	136.0	177.0	170.0	214.0	166.0	238.0	156.0	257.0	177.0	183.0	199.0	151.0	192.0	195.0	205.0	165.0	229.0	170.0	275.0	175.0	259.0	255.0	267.0	205.0	292.0	222.0	305.0	223.0	380.0	184.0	4
72.0	200.0	66.0	216.0	95.0	198.0	157.0	161.0	140.0	178.0	173.0	214.0	167.0	235.0	158.0	254.0	181.0	185.0	200.0	154.0	195.0	195.0	206.0	167.0	225.0	171.0	274.0	177.0	256.0	252.0	269.0	209.0	289.0	222.0	302.0	222.0	367.0	182.0	4
65.0	201.0	63.0	218.0	85.0	199.0	154.0	159.0	132.0	177.0	171.0	214.0	168.0	238.0	159.0	256.0	176.0	182.0	199.0	152.0	194.0	194.0	203.0	164.0	223.0	170.0	275.0	174.0	264.0	253.0	266.0	205.0	294.0	222.0	306.0	221.0	379.0	182.0	4
70.0	200.0	66.0	217.0	92.0	197.0	155.0	159.0	134.0	176.0	171.0	213.0	168.0	236.0	158.0	255.0	178.0	184.0	195.0	152.0	194.0	196.0	201.0	165.0	224.0	170.0	266.0	174.0	255.0	252.0	265.0	207.0	287.0	221.0	300.0	221.0	372.0	181.0	4
59.0	200.0	54.0	217.0	81.0	197.0	151.0	157.0	133.0	175.0	170.0	216.0	167.0	240.0	156.0	261.0	177.0	184.0	194.0	150.0	189.0	194.0	203.0	164.0	225.0	170.0	274.0	173.0	260.0	259.0	269.0	205.0	297.0	222.0	310.0	222.0	381.0	179.0	4
72.0	200.0	66.0	217.0	94.0	198.0	157.0	160.0	137.0	177.0	170.0	214.0	166.0	236.0	157.0	255.0	178.0	183.0	200.0	153.0	194.0	196.0	204.0	166.0	224.0	172.0	267.0	175.0	252.0	253.0	265.0	208.0	285.0	222.0	300.0	222.0	373.0	184.0	4
69.0	200.0	65.0	216.0	95.0	196.0	158.0	162.0	141.0	177.0	172.0	213.0	170.0	236.0	160.0	254.0	180.0	185.0	200.0	155.0	194.0	195.0	204.0	167.0	224.0	173.0	272.0	177.0	256.0	249.0	266.0	207.0	288.0	221.0	301.0	221.0	368.0	182.0	4
74.0	199.0	67.0	216.0	95.0	197.0	157.0	158.0	137.0	175.0	169.0	213.0	166.0	236.0	157.0	256.0	177.0	183.0	197.0	151.0	193.0	194.0	201.0	164.0	224.0	171.0	270.0	175.0	254.0	252.0	265.0	206.0	286.0	222.0	298.0	222.0	371.0	182.0	4
71.0	199.0	66.0	214.0	96.0	197.0	159.0	161.0	140.0	179.0	174.0	214.0	170.0	235.0	162.0	253.0	183.0	185.0	200.0	156.0	198.0	196.0	205.0	168.0	226.0	173.0	269.0	177.0	259.0	250.0	263.0	206.0	287.0	220.0	301.0	219.0	365.0	183.0	4
74.0	201.0	67.0	216.0	98.0	198.0	157.0	162.0	138.0	178.0	171.0	213.0	170.0	234.0	162.0	254.0	179.0	184.0	198.0	155.0	192.0	195.0	204.0	168.0	224.0	172.0	275.0	176.0	257.0	251.0	269.0	205.0	292.0	221.0	307.0	221.0	375.0	184.0	4
76.0	201.0	73.0	217.0	99.0	198.0	161.0	163.0	143.0	179.0	177.0	214.0	172.0	235.0	162.0	252.0	181.0	186.0	200.0	156.0	196.0	197.0	205.0	169.0	225.0	175.0	268.0	178.0	255.0	249.0	263.0	206.0	285.0	220.0	297.0	220.0	366.0	184.0	4
64.0	199.0	57.0	215.0	87.0	197.0	156.0	160.0	139.0	177.0	172.0	215.0	167.0	237.0	156.0	256.0	182.0	185.0	199.0	153.0	195.0	196.0	205.0	167.0	223.0	173.0	270.0	175.0	257.0	255.0	266.0	207.0	292.0	222.0	305.0	223.0	375.0	181.0	4
66.0	200.0	61.0	215.0	91.0	197.0	155.0	161.0	138.0	176.0	173.0	214.0	169.0	235.0	158.0	255.0	183.0	185.0	201.0	155.0	196.0	197.0	207.0	168.0	225.0	173.0	272.0	177.0	254.0	253.0	265.0	206.0	288.0	222.0	301.0	222.0	371.0	182.0	4
54.0	203.0	50.0	220.0	78.0	199.0	149.0	155.0	125.0	175.0	168.0	215.0	166.0	241.0	155.0	264.0	174.0	183.0	196.0	148.0	190.0	195.0	200.0	162.0	227.0	169.0	279.0	172.0	268.0	259.0	279.0	207.0	303.0	224.0	317.0	224.0	396.0	182.0	4
72.0	175.0	58.0	176.0	101.0	193.0	106.0	135.0	96.0	229.0	155.0	232.0	185.0	239.0	190.0	252.0	196.0	203.0	220.0	152.0	211.0	216.0	219.0	180.0	231.0	128.0	318.0	195.0	241.0	244.0	267.0	222.0	348.0	170.0	344.0	190.0	351.0	285.0	4
69.0	201.0	64.0	215.0	94.0	197.0	158.0	162.0	138.0	177.0	173.0	212.0	168.0	233.0	157.0	251.0	180.0	184.0	199.0	155.0	195.0	194.0	205.0	167.0	227.0	173.0	273.0	178.0	254.0	250.0	265.0	207.0	287.0	222.0	299.0	222.0	369.0	185.0	4
72.0	201.0	66.0	217.0	96.0	198.0	157.0	160.0	138.0	177.0	174.0	215.0	169.0	236.0	160.0	255.0	179.0	184.0	200.0	153.0	197.0	197.0	207.0	167.0	229.0	173.0	271.0	178.0	258.0	253.0	263.0	205.0	289.0	222.0	302.0	222.0	372.0	184.0	4
70.0	201.0	65.0	217.0	96.0	198.0	156.0	161.0	140.0	176.0	171.0	214.0	166.0	236.0	157.0	253.0	180.0	185.0	200.0	155.0	193.0	196.0	205.0	168.0	226.0	173.0	274.0	177.0	255.0	250.0	267.0	207.0	291.0	221.0	302.0	221.0	369.0	183.0	4
73.0	201.0	69.0	217.0	97.0	198.0	158.0	160.0	137.0	179.0	172.0	215.0	170.0	236.0	161.0	254.0	178.0	186.0	198.0	154.0	192.0	196.0	203.0	167.0	225.0	173.0	269.0	176.0	255.0	251.0	264.0	206.0	289.0	222.0	303.0	223.0	365.0	180.0	4
71.0	200.0	68.0	216.0	92.0	197.0	155.0	161.0	137.0	178.0	173.0	213.0	169.0	235.0	159.0	253.0	179.0	184.0	195.0	154.0	196.0	196.0	202.0	167.0	225.0	173.0	272.0	176.0	259.0	249.0	266.0	205.0	289.0	220.0	301.0	220.0	367.0	179.0	4
66.0	199.0	60.0	214.0	92.0	197.0	155.0	158.0	139.0	176.0	171.0	213.0	166.0	236.0	157.0	254.0	180.0	183.0	198.0	153.0	193.0	195.0	204.0	165.0	224.0	171.0	271.0	175.0	258.0	251.0	265.0	204.0	290.0	221.0	302.0	220.0	375.0	184.0	4
77.0	202.0	73.0	217.0	99.0	198.0	156.0	163.0	140.0	179.0	174.0	213.0	171.0	235.0	164.0	253.0	179.0	184.0	197.0	155.0	193.0	194.0	201.0	166.0	221.0	172.0	270.0	176.0	257.0	249.0	264.0	206.0	288.0	221.0	299.0	220.0	366.0	184.0	4
68.0	200.0	63.0	216.0	90.0	198.0	155.0	159.0	132.0	178.0	171.0	215.0	169.0	236.0	159.0	256.0	180.0	185.0	197.0	153.0	195.0	196.0	205.0	167.0	227.0	172.0	271.0	176.0	259.0	253.0	271.0	208.0	291.0	221.0	304.0	221.0	374.0	181.0	4
75.0	201.0	70.0	217.0	98.0	198.0	154.0	160.0	136.0	179.0	176.0	215.0	175.0	237.0	166.0	256.0	177.0	184.0	197.0	154.0	197.0	196.0	202.0	167.0	224.0	172.0	269.0	174.0	263.0	252.0	263.0	204.0	291.0	220.0	304.0	220.0	371.0	178.0	4
77.0	199.0	72.0	213.0	98.0	196.0	160.0	163.0	143.0	179.0	173.0	213.0	170.0	234.0	162.0	251.0	181.0	186.0	201.0	157.0	194.0	197.0	206.0	170.0	223.0	175.0	264.0	176.0	254.0	251.0	262.0	207.0	286.0	221.0	297.0	220.0	362.0	179.0	4
78.0	201.0	74.0	217.0	99.0	198.0	160.0	163.0	141.0	180.0	175.0	213.0	172.0	234.0	163.0	252.0	180.0	185.0	198.0	156.0	195.0	195.0	204.0	168.0	223.0	173.0	269.0	177.0	257.0	249.0	263.0	205.0	288.0	220.0	302.0	220.0	364.0	185.0	4
68.0	198.0	62.0	217.0	91.0	197.0	156.0	157.0	137.0	175.0	172.0	215.0	169.0	238.0	158.0	258.0	179.0	183.0	200.0	152.0	197.0	196.0	204.0	165.0	223.0	171.0	275.0	177.0	255.0	254.0	265.0	207.0	289.0	223.0	304.0	223.0	373.0	181.0	4
73.0	198.0	68.0	213.0	98.0	196.0	159.0	162.0	141.0	177.0	172.0	213.0	167.0	235.0	158.0	253.0	180.0	185.0	199.0	156.0	194.0	196.0	205.0	168.0	226.0	173.0	270.0	176.0	256.0	253.0	263.0	205.0	289.0	223.0	301.0	223.0	369.0	179.0	4
72.0	200.0	66.0	215.0	95.0	198.0	157.0	161.0	138.0	178.0	172.0	214.0	169.0	235.0	160.0	255.0	178.0	185.0	200.0	155.0	196.0	197.0	204.0	168.0	228.0	175.0	270.0	178.0	258.0	252.0	266.0	207.0	290.0	221.0	304.0	222.0	369.0	182.0	4
72.0	199.0	69.0	214.0	95.0	195.0	158.0	159.0	135.0	176.0	172.0	213.0	167.0	236.0	158.0	254.0	179.0	183.0	199.0	152.0	194.0	194.0	204.0	165.0	225.0	171.0	271.0	175.0	254.0	251.0	266.0	205.0	287.0	220.0	300.0	222.0	374.0	181.0	4
59.0	202.0	53.0	219.0	85.0	198.0	152.0	155.0	132.0	174.0	171.0	216.0	165.0	241.0	156.0	260.0	177.0	182.0	200.0	149.0	196.0	196.0	207.0	163.0	230.0	170.0	280.0	176.0	263.0	257.0	272.0	207.0	298.0	224.0	311.0	224.0	388.0	184.0	4
76.0	201.0	71.0	217.0	99.0	198.0	159.0	161.0	138.0	178.0	174.0	214.0	171.0	236.0	161.0	254.0	180.0	184.0	197.0	155.0	196.0	196.0	201.0	167.0	223.0	172.0	266.0	175.0	254.0	251.0	261.0	206.0	285.0	222.0	298.0	222.0	365.0	183.0	4
78.0	200.0	73.0	215.0	100.0	197.0	158.0	162.0	141.0	178.0	177.0	212.0	173.0	233.0	167.0	251.0	182.0	184.0	198.0	156.0	198.0	195.0	203.0	167.0	226.0	174.0	268.0	175.0	261.0	249.0	268.0	206.0	292.0	220.0	305.0	221.0	370.0	182.0	4
70.0	201.0	66.0	218.0	90.0	199.0	156.0	160.0	140.0	177.0	172.0	214.0	168.0	236.0	160.0	254.0	178.0	183.0	198.0	153.0	194.0	195.0	205.0	166.0	228.0	172.0	266.0	176.0	258.0	252.0	266.0	206.0	289.0	221.0	301.0	222.0	369.0	184.0	4
75.0	200.0	71.0	216.0	97.0	198.0	160.0	161.0	139.0	179.0	175.0	214.0	171.0	236.0	161.0	255.0	181.0	185.0	199.0	155.0	196.0	196.0	204.0	168.0	226.0	173.0	268.0	177.0	258.0	252.0	265.0	207.0	289.0	221.0	301.0	221.0	367.0	183.0	4
75.0	200.0	73.0	217.0	97.0	198.0	161.0	161.0	140.0	177.0	173.0	213.0	170.0	236.0	162.0	254.0	180.0	184.0	197.0	155.0	198.0	197.0	201.0	167.0	224.0	173.0	271.0	176.0	256.0	251.0	265.0	207.0	288.0	222.0	299.0	222.0	368.0	182.0	4
72.0	201.0	69.0	217.0	96.0	198.0	156.0	164.0	139.0	179.0	174.0	213.0	170.0	234.0	162.0	251.0	178.0	186.0	196.0	157.0	194.0	197.0	202.0	170.0	223.0	175.0	270.0	178.0	256.0	248.0	262.0	206.0	285.0	220.0	296.0	220.0	367.0	185.0	4
72.0	200.0	67.0	215.0	92.0	199.0	156.0	161.0	137.0	178.0	173.0	215.0	171.0	236.0	162.0	255.0	181.0	185.0	198.0	155.0	196.0	196.0	202.0	167.0	225.0	172.0	269.0	175.0	256.0	251.0	263.0	205.0	287.0	220.0	300.0	219.0	369.0	181.0	4
75.0	198.0	70.0	214.0	98.0	196.0	160.0	161.0	142.0	177.0	174.0	213.0	170.0	235.0	160.0	253.0	180.0	184.0	199.0	156.0	197.0	196.0	204.0	168.0	226.0	173.0	271.0	177.0	258.0	253.0	264.0	207.0	287.0	221.0	298.0	220.0	367.0	182.0	4
78.0	201.0	72.0	216.0	98.0	199.0	156.0	162.0	139.0	179.0	175.0	215.0	170.0	236.0	162.0	254.0	179.0	186.0	196.0	157.0	195.0	196.0	201.0	168.0	221.0	172.0	263.0	176.0	255.0	250.0	263.0	206.0	288.0	221.0	300.0	221.0	362.0	182.0	4
66.0	195.0	61.0	211.0	94.0	193.0	155.0	157.0	136.0	174.0	170.0	212.0	165.0	235.0	155.0	256.0	180.0	182.0	200.0	151.0	194.0	194.0	206.0	165.0	229.0	173.0	273.0	177.0	257.0	253.0	266.0	206.0	289.0	221.0	303.0	222.0	375.0	181.0	4
77.0	200.0	72.0	221.0	102.0	196.0	158.0	161.0	139.0	178.0	173.0	214.0	169.0	235.0	161.0	253.0	179.0	184.0	200.0	154.0	194.0	194.0	206.0	167.0	226.0	173.0	266.0	176.0	252.0	250.0	261.0	205.0	284.0	221.0	296.0	221.0	368.0	185.0	4
70.0	199.0	66.0	216.0	91.0	197.0	158.0	158.0	136.0	176.0	172.0	214.0	169.0	238.0	161.0	256.0	179.0	184.0	198.0	154.0	195.0	196.0	204.0	166.0	225.0	171.0	269.0	175.0	259.0	253.0	264.0	205.0	289.0	221.0	300.0	221.0	370.0	178.0	4
75.0	199.0	70.0	214.0	93.0	197.0	159.0	160.0	139.0	177.0	175.0	215.0	171.0	237.0	162.0	257.0	181.0	184.0	200.0	153.0	196.0	196.0	205.0	166.0	225.0	171.0	264.0	175.0	255.0	253.0	264.0	207.0	286.0	222.0	299.0	221.0	368.0	182.0	4
84.0	200.0	80.0	216.0	103.0	198.0	160.0	165.0	142.0	179.0	176.0	212.0	172.0	233.0	164.0	250.0	178.0	185.0	199.0	158.0	195.0	196.0	203.0	169.0	222.0	175.0	265.0	178.0	253.0	247.0	263.0	206.0	284.0	219.0	297.0	220.0	363.0	184.0	4
65.0	200.0	59.0	217.0	89.0	198.0	153.0	159.0	134.0	177.0	170.0	215.0	166.0	235.0	155.0	257.0	180.0	183.0	198.0	152.0	193.0	195.0	205.0	165.0	225.0	170.0	274.0	175.0	258.0	255.0	272.0	209.0	294.0	223.0	307.0	223.0	375.0	181.0	4
63.0	201.0	55.0	216.0	89.0	198.0	154.0	159.0	135.0	177.0	170.0	215.0	168.0	238.0	157.0	258.0	178.0	184.0	200.0	151.0	196.0	196.0	205.0	164.0	233.0	171.0	280.0	174.0	262.0	255.0	273.0	207.0	296.0	224.0	311.0	225.0	385.0	183.0	4
76.0	201.0	72.0	216.0	95.0	199.0	157.0	163.0	139.0	179.0	175.0	214.0	170.0	236.0	161.0	253.0	178.0	184.0	198.0	156.0	195.0	196.0	202.0	168.0	222.0	173.0	267.0	177.0	254.0	249.0	262.0	206.0	284.0	220.0	296.0	220.0	366.0	184.0	4
70.0	198.0	64.0	214.0	92.0	197.0	158.0	159.0	139.0	176.0	173.0	214.0	170.0	238.0	160.0	257.0	183.0	184.0	201.0	153.0	196.0	195.0	207.0	167.0	224.0	171.0	268.0	175.0	255.0	253.0	266.0	206.0	289.0	222.0	303.0	222.0	370.0	179.0	4
67.0	200.0	63.0	216.0	93.0	197.0	155.0	160.0	137.0	176.0	173.0	214.0	170.0	236.0	159.0	256.0	179.0	184.0	196.0	154.0	195.0	195.0	202.0	166.0	224.0	172.0	270.0	176.0	256.0	252.0	269.0	206.0	289.0	220.0	302.0	221.0	373.0	182.0	4
61.0	200.0	53.0	217.0	86.0	197.0	152.0	157.0	131.0	177.0	170.0	216.0	167.0	238.0	156.0	260.0	178.0	183.0	199.0	150.0	193.0	195.0	205.0	163.0	232.0	170.0	279.0	174.0	263.0	256.0	273.0	208.0	295.0	223.0	311.0	225.0	385.0	181.0	4
74.0	201.0	70.0	217.0	96.0	198.0	158.0	160.0	137.0	177.0	172.0	214.0	169.0	237.0	161.0	255.0	179.0	184.0	196.0	154.0	195.0	196.0	201.0	166.0	221.0	171.0	267.0	175.0	256.0	252.0	266.0	208.0	288.0	222.0	300.0	221.0	368.0	182.0	4
73.0	200.0	69.0	216.0	98.0	198.0	159.0	162.0	140.0	179.0	175.0	214.0	170.0	235.0	161.0	253.0	177.0	185.0	198.0	156.0	196.0	196.0	202.0	168.0	222.0	173.0	269.0	177.0	258.0	250.0	263.0	206.0	289.0	221.0	300.0	220.0	367.0	182.0	4
72.0	200.0	67.0	215.0	95.0	198.0	156.0	162.0	138.0	177.0	173.0	214.0	170.0	236.0	161.0	256.0	180.0	184.0	195.0	153.0	197.0	197.0	202.0	166.0	223.0	172.0	267.0	175.0	255.0	253.0	266.0	207.0	288.0	221.0	302.0	221.0	370.0	182.0	4
79.0	200.0	74.0	216.0	102.0	198.0	161.0	163.0	143.0	179.0	174.0	213.0	170.0	234.0	160.0	251.0	179.0	185.0	200.0	156.0	196.0	196.0	205.0	168.0	225.0	174.0	265.0	178.0	252.0	247.0	262.0	207.0	282.0	220.0	295.0	221.0	367.0	188.0	4
76.0	200.0	69.0	215.0	97.0	198.0	160.0	161.0	140.0	177.0	175.0	214.0	172.0	235.0	161.0	254.0	182.0	185.0	200.0	155.0	198.0	197.0	205.0	168.0	224.0	173.0	267.0	176.0	256.0	251.0	265.0	207.0	287.0	222.0	300.0	222.0	365.0	180.0	4
77.0	202.0	72.0	217.0	95.0	199.0	153.0	162.0	135.0	179.0	175.0	214.0	173.0	236.0	164.0	255.0	178.0	185.0	196.0	156.0	196.0	196.0	199.0	167.0	221.0	173.0	270.0	175.0	260.0	250.0	263.0	205.0	288.0	220.0	302.0	220.0	365.0	179.0	4
69.0	200.0	63.0	216.0	94.0	197.0	157.0	160.0	137.0	178.0	173.0	215.0	169.0	236.0	160.0	254.0	179.0	185.0	198.0	155.0	195.0	197.0	203.0	167.0	224.0	173.0	267.0	176.0	258.0	251.0	262.0	205.0	288.0	220.0	301.0	220.0	366.0	182.0	4
70.0	201.0	66.0	216.0	91.0	198.0	156.0	162.0	137.0	178.0	173.0	213.0	171.0	236.0	162.0	256.0	179.0	184.0	196.0	156.0	194.0	195.0	201.0	167.0	222.0	172.0	269.0	175.0	259.0	251.0	265.0	204.0	292.0	221.0	305.0	220.0	374.0	181.0	4
62.0	201.0	58.0	218.0	88.0	198.0	153.0	159.0	136.0	176.0	170.0	215.0	167.0	238.0	158.0	259.0	177.0	183.0	198.0	152.0	196.0	196.0	204.0	165.0	227.0	170.0	275.0	174.0	261.0	255.0	269.0	205.0	295.0	223.0	311.0	223.0	385.0	182.0	4
70.0	201.0	65.0	215.0	91.0	198.0	157.0	162.0	137.0	179.0	172.0	213.0	169.0	235.0	160.0	254.0	180.0	185.0	197.0	156.0	193.0	195.0	203.0	169.0	223.0	173.0	266.0	176.0	258.0	251.0	264.0	204.0	290.0	221.0	302.0	221.0	370.0	182.0	4
73.0	199.0	68.0	216.0	95.0	197.0	156.0	160.0	137.0	178.0	174.0	215.0	169.0	238.0	159.0	256.0	178.0	185.0	201.0	154.0	194.0	197.0	205.0	167.0	225.0	172.0	274.0	177.0	256.0	254.0	265.0	208.0	287.0	222.0	301.0	222.0	367.0	180.0	4
82.0	201.0	79.0	215.0	102.0	198.0	159.0	165.0	142.0	180.0	176.0	212.0	172.0	233.0	163.0	248.0	178.0	186.0	199.0	159.0	193.0	197.0	204.0	171.0	224.0	177.0	262.0	179.0	253.0	246.0	260.0	207.0	279.0	219.0	292.0	219.0	359.0	183.0	4
74.0	200.0	70.0	216.0	94.0	198.0	159.0	160.0	138.0	177.0	175.0	215.0	172.0	237.0	161.0	256.0	181.0	185.0	200.0	155.0	198.0	197.0	206.0	168.0	225.0	173.0	269.0	177.0	257.0	252.0	265.0	207.0	288.0	223.0	300.0	222.0	368.0	179.0	4
70.0	200.0	64.0	215.0	93.0	199.0	155.0	162.0	137.0	178.0	173.0	214.0	168.0	235.0	160.0	254.0	182.0	186.0	199.0	156.0	194.0	197.0	204.0	168.0	226.0	174.0	273.0	178.0	257.0	250.0	264.0	207.0	287.0	221.0	301.0	221.0	369.0	183.0	4
74.0	201.0	67.0	215.0	97.0	197.0	157.0	158.0	135.0	175.0	171.0	213.0	168.0	236.0	157.0	256.0	179.0	183.0	198.0	151.0	195.0	195.0	203.0	164.0	226.0	171.0	269.0	175.0	255.0	252.0	264.0	206.0	287.0	222.0	298.0	222.0	372.0	183.0	4
71.0	197.0	67.0	215.0	92.0	196.0	156.0	159.0	137.0	175.0	171.0	214.0	167.0	237.0	159.0	257.0	179.0	183.0	201.0	153.0	192.0	195.0	205.0	166.0	226.0	171.0	273.0	177.0	255.0	252.0	262.0	206.0	287.0	221.0	299.0	221.0	369.0	181.0	4
75.0	199.0	71.0	215.0	101.0	196.0	160.0	161.0	141.0	178.0	174.0	214.0	169.0	234.0	159.0	253.0	181.0	185.0	199.0	156.0	195.0	196.0	204.0	168.0	227.0	174.0	271.0	177.0	255.0	250.0	266.0	208.0	288.0	222.0	300.0	221.0	364.0	181.0	4
70.0	200.0	65.0	216.0	97.0	197.0	158.0	161.0	140.0	178.0	170.0	213.0	165.0	235.0	157.0	253.0	180.0	185.0	199.0	155.0	194.0	195.0	202.0	167.0	226.0	173.0	272.0	178.0	260.0	250.0	268.0	207.0	291.0	222.0	304.0	222.0	370.0	184.0	4
54.0	200.0	48.0	217.0	81.0	198.0	149.0	157.0	130.0	176.0	168.0	216.0	162.0	239.0	151.0	260.0	175.0	183.0	195.0	150.0	194.0	196.0	205.0	164.0	230.0	171.0	276.0	174.0	264.0	259.0	275.0	208.0	298.0	225.0	315.0	224.0	393.0	182.0	4
68.0	201.0	61.0	216.0	90.0	198.0	156.0	159.0	133.0	179.0	172.0	216.0	169.0	236.0	159.0	257.0	182.0	186.0	197.0	153.0	196.0	197.0	206.0	167.0	227.0	172.0	275.0	176.0	259.0	253.0	271.0	208.0	293.0	222.0	305.0	222.0	376.0	182.0	4
74.0	200.0	72.0	215.0	99.0	198.0	162.0	163.0	144.0	179.0	174.0	212.0	170.0	233.0	161.0	249.0	184.0	186.0	202.0	158.0	196.0	196.0	207.0	169.0	227.0	175.0	267.0	178.0	254.0	247.0	264.0	205.0	284.0	219.0	296.0	219.0	364.0	187.0	4
75.0	202.0	70.0	218.0	97.0	198.0	159.0	160.0	139.0	177.0	174.0	213.0	170.0	236.0	161.0	255.0	180.0	184.0	200.0	154.0	197.0	196.0	204.0	168.0	224.0	173.0	264.0	176.0	257.0	253.0	264.0	207.0	287.0	221.0	300.0	221.0	370.0	183.0	4
74.0	200.0	70.0	216.0	100.0	197.0	160.0	161.0	141.0	179.0	175.0	213.0	172.0	235.0	162.0	254.0	181.0	185.0	199.0	155.0	195.0	195.0	205.0	168.0	226.0	173.0	268.0	176.0	258.0	251.0	266.0	207.0	288.0	221.0	301.0	221.0	367.0	183.0	4
63.0	200.0	57.0	216.0	88.0	198.0	156.0	159.0	133.0	177.0	170.0	215.0	165.0	237.0	155.0	258.0	177.0	184.0	197.0	152.0	194.0	197.0	204.0	165.0	225.0	171.0	274.0	175.0	263.0	255.0	270.0	206.0	295.0	221.0	308.0	223.0	381.0	181.0	4
70.0	201.0	66.0	218.0	96.0	196.0	156.0	159.0	136.0	177.0	171.0	214.0	166.0	237.0	158.0	256.0	178.0	184.0	199.0	152.0	192.0	194.0	205.0	165.0	224.0	171.0	269.0	175.0	254.0	253.0	264.0	206.0	286.0	221.0	299.0	222.0	375.0	184.0	4
71.0	200.0	66.0	216.0	96.0	198.0	156.0	161.0	139.0	177.0	174.0	214.0	170.0	235.0	161.0	255.0	183.0	185.0	196.0	153.0	197.0	196.0	202.0	166.0	224.0	172.0	266.0	174.0	256.0	253.0	265.0	206.0	288.0	221.0	301.0	221.0	370.0	182.0	4
67.0	199.0	60.0	214.0	91.0	196.0	157.0	160.0	138.0	177.0	173.0	215.0	169.0	237.0	158.0	256.0	182.0	185.0	201.0	153.0	198.0	197.0	207.0	167.0	227.0	173.0	272.0	177.0	258.0	256.0	269.0	209.0	292.0	225.0	304.0	225.0	377.0	182.0	4
70.0	202.0	66.0	217.0	93.0	199.0	158.0	162.0	139.0	179.0	173.0	213.0	168.0	234.0	159.0	252.0	180.0	185.0	199.0	155.0	196.0	195.0	205.0	168.0	228.0	173.0	276.0	178.0	256.0	249.0	267.0	206.0	289.0	221.0	302.0	221.0	370.0	185.0	4
71.0	201.0	64.0	217.0	95.0	198.0	156.0	159.0	138.0	176.0	175.0	215.0	171.0	237.0	161.0	257.0	179.0	183.0	201.0	153.0	194.0	196.0	204.0	165.0	225.0	171.0	271.0	175.0	256.0	254.0	270.0	208.0	292.0	223.0	305.0	222.0	372.0	180.0	4
75.0	198.0	68.0	213.0	95.0	196.0	161.0	161.0	143.0	177.0	172.0	213.0	168.0	236.0	159.0	252.0	181.0	186.0	199.0	156.0	194.0	197.0	205.0	169.0	223.0	174.0	268.0	177.0	253.0	251.0	262.0	205.0	288.0	222.0	299.0	221.0	365.0	180.0	4
78.0	200.0	76.0	217.0	102.0	198.0	160.0	163.0	142.0	178.0	176.0	212.0	170.0	234.0	162.0	250.0	179.0	184.0	201.0	157.0	194.0	197.0	206.0	169.0	227.0	175.0	268.0	177.0	253.0	248.0	262.0	206.0	283.0	220.0	296.0	220.0	367.0	185.0	4
74.0	201.0	69.0	216.0	96.0	198.0	160.0	161.0	141.0	178.0	176.0	213.0	171.0	235.0	163.0	253.0	180.0	184.0	201.0	156.0	197.0	196.0	205.0	168.0	226.0	174.0	269.0	178.0	255.0	249.0	262.0	206.0	285.0	220.0	297.0	220.0	372.0	186.0	4
78.0	201.0	76.0	216.0	98.0	198.0	158.0	164.0	140.0	179.0	175.0	213.0	170.0	235.0	162.0	250.0	178.0	186.0	199.0	158.0	194.0	197.0	205.0	170.0	225.0	177.0	265.0	179.0	255.0	248.0	263.0	207.0	282.0	220.0	296.0	220.0	364.0	183.0	4
70.0	198.0	65.0	215.0	94.0	195.0	159.0	158.0	140.0	175.0	171.0	212.0	168.0	237.0	157.0	257.0	181.0	182.0	201.0	152.0	195.0	194.0	208.0	165.0	228.0	171.0	273.0	175.0	255.0	254.0	267.0	208.0	288.0	223.0	300.0	223.0	373.0	182.0	4
81.0	201.0	75.0	216.0	100.0	199.0	159.0	162.0	140.0	179.0	174.0	214.0	172.0	236.0	162.0	253.0	180.0	185.0	200.0	156.0	196.0	196.0	204.0	168.0	222.0	173.0	265.0	177.0	252.0	249.0	260.0	207.0	281.0	220.0	294.0	221.0	363.0	183.0	4
68.0	199.0	62.0	213.0	95.0	197.0	160.0	160.0	139.0	177.0	172.0	214.0	168.0	234.0	157.0	254.0	179.0	184.0	198.0	153.0	195.0	196.0	204.0	167.0	224.0	173.0	267.0	176.0	255.0	250.0	265.0	206.0	287.0	222.0	300.0	222.0	371.0	183.0	4
64.0	202.0	61.0	218.0	84.0	200.0	153.0	160.0	133.0	178.0	169.0	214.0	165.0	237.0	157.0	255.0	175.0	184.0	197.0	152.0	190.0	195.0	203.0	165.0	222.0	170.0	273.0	175.0	260.0	253.0	267.0	205.0	292.0	221.0	306.0	221.0	378.0	184.0	4
83.0	198.0	78.0	212.0	103.0	195.0	164.0	163.0	145.0	178.0	175.0	210.0	171.0	231.0	162.0	250.0	182.0	185.0	201.0	159.0	195.0	195.0	206.0	169.0	224.0	175.0	263.0	179.0	253.0	245.0	260.0	205.0	279.0	218.0	290.0	217.0	356.0	186.0	4
79.0	199.0	74.0	214.0	101.0	196.0	161.0	162.0	143.0	177.0	174.0	211.0	171.0	233.0	162.0	251.0	181.0	184.0	201.0	157.0	195.0	195.0	206.0	169.0	226.0	174.0	266.0	178.0	256.0	248.0	264.0	205.0	283.0	218.0	296.0	219.0	363.0	185.0	4
75.0	200.0	70.0	215.0	94.0	197.0	156.0	161.0	138.0	177.0	176.0	213.0	172.0	235.0	161.0	254.0	177.0	183.0	198.0	154.0	194.0	195.0	204.0	167.0	224.0	172.0	268.0	175.0	254.0	251.0	264.0	206.0	285.0	221.0	297.0	221.0	366.0	180.0	4
78.0	200.0	72.0	216.0	98.0	197.0	156.0	161.0	140.0	177.0	173.0	215.0	170.0	236.0	161.0	255.0	179.0	184.0	200.0	153.0	193.0	195.0	203.0	166.0	222.0	171.0	269.0	177.0	254.0	252.0	261.0	207.0	286.0	222.0	298.0	221.0	366.0	181.0	4
72.0	202.0	68.0	217.0	92.0	198.0	156.0	163.0	137.0	179.0	172.0	214.0	169.0	235.0	160.0	253.0	179.0	185.0	197.0	156.0	194.0	196.0	201.0	167.0	221.0	173.0	268.0	176.0	259.0	251.0	265.0	206.0	291.0	221.0	303.0	221.0	371.0	181.0	4
70.0	200.0	66.0	216.0	94.0	197.0	156.0	162.0	137.0	177.0	173.0	213.0	170.0	236.0	160.0	255.0	180.0	184.0	195.0	154.0	196.0	196.0	202.0	168.0	223.0	173.0	270.0	176.0	256.0	252.0	269.0	207.0	290.0	220.0	302.0	221.0	372.0	181.0	4
74.0	200.0	69.0	216.0	97.0	197.0	157.0	162.0	137.0	179.0	174.0	214.0	170.0	236.0	161.0	254.0	180.0	185.0	199.0	156.0	197.0	197.0	203.0	168.0	228.0	175.0	267.0	177.0	260.0	252.0	266.0	207.0	290.0	221.0	302.0	221.0	366.0	180.0	4
66.0	201.0	60.0	217.0	92.0	197.0	155.0	159.0	135.0	177.0	170.0	213.0	168.0	237.0	158.0	257.0	176.0	182.0	198.0	152.0	192.0	194.0	204.0	164.0	227.0	170.0	276.0	175.0	260.0	254.0	265.0	204.0	292.0	222.0	305.0	222.0	377.0	183.0	4
69.0	200.0	63.0	215.0	93.0	198.0	157.0	161.0	139.0	177.0	175.0	214.0	171.0	236.0	161.0	254.0	184.0	185.0	201.0	156.0	196.0	196.0	206.0	169.0	225.0	173.0	270.0	177.0	256.0	252.0	265.0	206.0	289.0	221.0	303.0	222.0	370.0	181.0	4
72.0	201.0	66.0	215.0	95.0	198.0	159.0	162.0	140.0	178.0	173.0	214.0	168.0	236.0	159.0	254.0	180.0	185.0	200.0	155.0	195.0	197.0	205.0	168.0	228.0	174.0	271.0	178.0	256.0	250.0	263.0	206.0	286.0	221.0	300.0	221.0	371.0	186.0	4
62.0	200.0	58.0	217.0	87.0	197.0	152.0	158.0	134.0	175.0	170.0	216.0	167.0	239.0	156.0	260.0	178.0	185.0	195.0	151.0	192.0	195.0	203.0	165.0	225.0	170.0	275.0	175.0	258.0	258.0	265.0	205.0	294.0	223.0	307.0	223.0	377.0	181.0	4
78.0	199.0	72.0	214.0	99.0	196.0	160.0	161.0	143.0	177.0	173.0	211.0	171.0	233.0	161.0	252.0	180.0	183.0	202.0	156.0	195.0	195.0	207.0	168.0	226.0	174.0	267.0	177.0	257.0	248.0	264.0	205.0	285.0	219.0	297.0	219.0	366.0	186.0	4
73.0	201.0	68.0	216.0	94.0	198.0	157.0	162.0	140.0	177.0	174.0	215.0	169.0	236.0	162.0	254.0	183.0	186.0	201.0	156.0	194.0	195.0	204.0	167.0	225.0	173.0	270.0	177.0	257.0	251.0	264.0	206.0	288.0	221.0	301.0	221.0	369.0	183.0	5
74.0	199.0	69.0	215.0	97.0	197.0	157.0	164.0	139.0	179.0	176.0	214.0	172.0	236.0	162.0	253.0	182.0	186.0	199.0	158.0	196.0	198.0	204.0	170.0	221.0	174.0	270.0	177.0	258.0	249.0	263.0	205.0	286.0	220.0	300.0	220.0	364.0	181.0	5
69.0	201.0	64.0	216.0	91.0	199.0	155.0	162.0	137.0	178.0	173.0	215.0	169.0	238.0	162.0	256.0	183.0	186.0	200.0	155.0	193.0	196.0	204.0	167.0	225.0	172.0	272.0	177.0	261.0	254.0	266.0	207.0	292.0	223.0	303.0	222.0	375.0	182.0	5
76.0	200.0	71.0	216.0	97.0	199.0	156.0	163.0	139.0	178.0	174.0	214.0	170.0	235.0	161.0	252.0	184.0	186.0	201.0	157.0	196.0	196.0	205.0	169.0	223.0	173.0	271.0	178.0	257.0	249.0	263.0	207.0	287.0	222.0	297.0	221.0	366.0	185.0	5
76.0	201.0	72.0	216.0	97.0	198.0	158.0	162.0	140.0	178.0	176.0	215.0	172.0	236.0	163.0	254.0	181.0	185.0	200.0	156.0	195.0	196.0	203.0	167.0	222.0	172.0	267.0	177.0	258.0	251.0	265.0	206.0	289.0	222.0	300.0	222.0	367.0	183.0	5
73.0	198.0	68.0	216.0	96.0	196.0	157.0	162.0	140.0	178.0	173.0	214.0	169.0	236.0	157.0	256.0	184.0	186.0	203.0	156.0	197.0	197.0	207.0	168.0	226.0	173.0	272.0	177.0	258.0	253.0	266.0	208.0	287.0	223.0	302.0	223.0	374.0	181.0	5
67.0	201.0	64.0	218.0	89.0	199.0	154.0	160.0	134.0	177.0	174.0	217.0	168.0	239.0	160.0	258.0	179.0	184.0	198.0	153.0	194.0	196.0	202.0	165.0	222.0	170.0	272.0	176.0	261.0	255.0	269.0	207.0	295.0	224.0	307.0	224.0	379.0	180.0	5
81.0	200.0	75.0	215.0	100.0	197.0	157.0	163.0	139.0	178.0	176.0	214.0	172.0	235.0	161.0	253.0	182.0	186.0	198.0	158.0	197.0	198.0	202.0	170.0	223.0	175.0	266.0	177.0	255.0	251.0	265.0	209.0	283.0	220.0	294.0	220.0	362.0	184.0	5
65.0	202.0	64.0	218.0	89.0	199.0	154.0	163.0	136.0	178.0	170.0	216.0	166.0	238.0	159.0	255.0	178.0	186.0	197.0	155.0	192.0	196.0	201.0	167.0	225.0	173.0	272.0	178.0	259.0	252.0	262.0	204.0	291.0	222.0	303.0	222.0	370.0	182.0	5
75.0	200.0	71.0	216.0	96.0	198.0	159.0	164.0	142.0	179.0	175.0	215.0	171.0	237.0	164.0	253.0	182.0	186.0	200.0	157.0	195.0	196.0	203.0	169.0	227.0	174.0	274.0	179.0	260.0	250.0	262.0	203.0	291.0	221.0	301.0	220.0	365.0	183.0	5
68.0	198.0	62.0	215.0	94.0	195.0	156.0	160.0	138.0	176.0	173.0	214.0	167.0	236.0	156.0	257.0	181.0	184.0	200.0	154.0	194.0	196.0	205.0	167.0	226.0	172.0	272.0	177.0	258.0	253.0	266.0	207.0	288.0	223.0	304.0	223.0	376.0	182.0	5
79.0	200.0	74.0	215.0	100.0	198.0	158.0	164.0	140.0	179.0	174.0	214.0	170.0	235.0	161.0	251.0	180.0	185.0	201.0	159.0	194.0	197.0	204.0	170.0	221.0	174.0	268.0	179.0	257.0	250.0	260.0	206.0	285.0	222.0	297.0	221.0	363.0	185.0	5
76.0	200.0	71.0	216.0	98.0	199.0	156.0	163.0	139.0	178.0	174.0	214.0	171.0	236.0	162.0	253.0	182.0	186.0	201.0	157.0	195.0	197.0	205.0	169.0	223.0	173.0	272.0	178.0	259.0	251.0	263.0	207.0	288.0	223.0	299.0	222.0	367.0	184.0	5
70.0	199.0	65.0	215.0	96.0	197.0	155.0	162.0	137.0	178.0	175.0	215.0	170.0	237.0	160.0	256.0	182.0	186.0	199.0	155.0	196.0	198.0	205.0	169.0	221.0	173.0	272.0	176.0	260.0	252.0	265.0	206.0	288.0	222.0	304.0	221.0	370.0	180.0	5
75.0	201.0	71.0	217.0	98.0	199.0	158.0	164.0	141.0	179.0	176.0	214.0	172.0	235.0	163.0	252.0	178.0	185.0	198.0	158.0	196.0	197.0	201.0	169.0	223.0	173.0	267.0	177.0	260.0	251.0	265.0	206.0	289.0	221.0	302.0	221.0	368.0	182.0	5
75.0	201.0	70.0	217.0	99.0	197.0	157.0	162.0	140.0	177.0	174.0	214.0	169.0	236.0	158.0	255.0	185.0	187.0	200.0	156.0	197.0	197.0	205.0	169.0	224.0	173.0	271.0	177.0	258.0	253.0	265.0	207.0	285.0	222.0	300.0	221.0	371.0	181.0	5
75.0	200.0	70.0	216.0	96.0	199.0	156.0	163.0	137.0	179.0	173.0	214.0	170.0	236.0	162.0	254.0	179.0	185.0	199.0	157.0	194.0	197.0	202.0	169.0	219.0	172.0	268.0	178.0	260.0	251.0	262.0	207.0	287.0	222.0	300.0	222.0	368.0	183.0	5
76.0	200.0	70.0	214.0	100.0	197.0	158.0	165.0	139.0	181.0	174.0	212.0	169.0	232.0	161.0	249.0	181.0	187.0	198.0	158.0	195.0	197.0	204.0	171.0	224.0	175.0	272.0	178.0	254.0	249.0	263.0	205.0	286.0	220.0	299.0	221.0	366.0	182.0	5
66.0	201.0	63.0	218.0	88.0	198.0	152.0	159.0	132.0	176.0	171.0	215.0	166.0	238.0	158.0	257.0	177.0	183.0	195.0	152.0	191.0	195.0	200.0	164.0	220.0	169.0	269.0	175.0	260.0	253.0	267.0	206.0	292.0	223.0	305.0	222.0	376.0	178.0	5
75.0	200.0	71.0	217.0	97.0	199.0	156.0	162.0	138.0	178.0	174.0	214.0	171.0	236.0	161.0	253.0	181.0	185.0	200.0	156.0	194.0	196.0	204.0	168.0	223.0	173.0	271.0	177.0	259.0	250.0	263.0	206.0	288.0	222.0	299.0	221.0	367.0	182.0	5
57.0	199.0	53.0	217.0	83.0	197.0	152.0	158.0	131.0	176.0	169.0	217.0	165.0	242.0	155.0	259.0	177.0	183.0	200.0	150.0	195.0	197.0	205.0	164.0	230.0	170.0	279.0	174.0	262.0	257.0	273.0	208.0	297.0	225.0	311.0	225.0	386.0	181.0	5
67.0	199.0	62.0	216.0	94.0	196.0	155.0	160.0	137.0	176.0	172.0	214.0	167.0	236.0	157.0	257.0	180.0	184.0	199.0	153.0	194.0	195.0	205.0	166.0	225.0	171.0	272.0	175.0	259.0	252.0	266.0	206.0	288.0	221.0	304.0	221.0	376.0	180.0	5
71.0	201.0	66.0	216.0	91.0	198.0	156.0	161.0	138.0	176.0	172.0	214.0	168.0	236.0	160.0	254.0	182.0	186.0	199.0	154.0	193.0	195.0	203.0	167.0	224.0	172.0	270.0	176.0	257.0	252.0	264.0	206.0	288.0	222.0	300.0	222.0	370.0	182.0	5
66.0	201.0	61.0	217.0	88.0	199.0	154.0	161.0	135.0	177.0	172.0	216.0	168.0	238.0	161.0	256.0	181.0	186.0	197.0	153.0	192.0	196.0	203.0	166.0	224.0	171.0	272.0	176.0	261.0	253.0	266.0	206.0	292.0	221.0	304.0	221.0	377.0	180.0	5
75.0	200.0	70.0	215.0	95.0	198.0	158.0	163.0	138.0	180.0	176.0	215.0	174.0	236.0	165.0	254.0	178.0	186.0	197.0	156.0	195.0	197.0	202.0	168.0	226.0	174.0	270.0	176.0	261.0	252.0	265.0	206.0	291.0	221.0	303.0	220.0	364.0	177.0	5
72.0	200.0	68.0	216.0	92.0	197.0	157.0	161.0	138.0	178.0	173.0	214.0	170.0	236.0	161.0	253.0	179.0	185.0	201.0	155.0	194.0	196.0	206.0	167.0	224.0	172.0	273.0	178.0	261.0	252.0	264.0	206.0	287.0	221.0	300.0	221.0	375.0	183.0	5
78.0	201.0	71.0	216.0	101.0	198.0	157.0	164.0	139.0	180.0	175.0	213.0	171.0	233.0	162.0	250.0	179.0	186.0	198.0	158.0	194.0	197.0	203.0	170.0	225.0	176.0	269.0	178.0	257.0	249.0	264.0	206.0	289.0	220.0	300.0	220.0	364.0	181.0	5
75.0	200.0	69.0	216.0	96.0	198.0	156.0	161.0	138.0	178.0	174.0	214.0	171.0	236.0	163.0	254.0	180.0	184.0	199.0	155.0	195.0	196.0	203.0	167.0	220.0	171.0	270.0	176.0	262.0	251.0	264.0	206.0	289.0	221.0	302.0	220.0	371.0	181.0	5
77.0	200.0	72.0	216.0	98.0	198.0	157.0	162.0	139.0	178.0	174.0	213.0	171.0	234.0	162.0	251.0	184.0	186.0	200.0	156.0	195.0	195.0	204.0	168.0	223.0	172.0	270.0	177.0	257.0	247.0	263.0	206.0	286.0	220.0	297.0	220.0	365.0	183.0	5
81.0	200.0	75.0	214.0	102.0	198.0	161.0	164.0	144.0	179.0	177.0	212.0	173.0	232.0	165.0	250.0	184.0	186.0	198.0	158.0	197.0	196.0	204.0	170.0	223.0	175.0	271.0	177.0	256.0	246.0	264.0	205.0	285.0	219.0	297.0	219.0	363.0	183.0	5
73.0	200.0	68.0	214.0	96.0	198.0	157.0	162.0	138.0	179.0	173.0	214.0	168.0	235.0	158.0	252.0	179.0	186.0	198.0	162.0	193.0	197.0	220.0	174.0	251.0	250.0	267.0	179.0	261.0	207.0	282.0	222.0	295.0	222.0	359.0	183.0	375.0	184.0	5
59.0	199.0	53.0	216.0	82.0	197.0	155.0	157.0	132.0	176.0	171.0	218.0	169.0	241.0	157.0	261.0	174.0	183.0	199.0	151.0	194.0	197.0	204.0	164.0	228.0	170.0	277.0	175.0	260.0	258.0	271.0	209.0	293.0	225.0	308.0	224.0	387.0	181.0	5
71.0	199.0	68.0	214.0	93.0	196.0	156.0	161.0	136.0	177.0	174.0	215.0	169.0	237.0	160.0	255.0	176.0	183.0	201.0	155.0	196.0	196.0	206.0	167.0	224.0	172.0	274.0	177.0	259.0	253.0	267.0	206.0	290.0	221.0	303.0	221.0	373.0	180.0	5
66.0	200.0	59.0	215.0	91.0	197.0	155.0	162.0	133.0	179.0	173.0	214.0	169.0	236.0	159.0	254.0	180.0	186.0	196.0	155.0	195.0	197.0	204.0	169.0	226.0	173.0	275.0	177.0	261.0	251.0	269.0	206.0	294.0	221.0	306.0	221.0	377.0	180.0	5
72.0	200.0	67.0	215.0	93.0	197.0	156.0	163.0	134.0	178.0	175.0	214.0	172.0	235.0	162.0	254.0	176.0	184.0	198.0	157.0	193.0	196.0	203.0	169.0	226.0	175.0	269.0	177.0	261.0	253.0	263.0	204.0	291.0	221.0	302.0	220.0	370.0	178.0	5
60.0	201.0	55.0	218.0	83.0	198.0	150.0	158.0	131.0	176.0	169.0	216.0	166.0	240.0	154.0	259.0	173.0	183.0	198.0	150.0	193.0	198.0	202.0	164.0	227.0	170.0	279.0	175.0	263.0	258.0	271.0	208.0	296.0	225.0	310.0	225.0	391.0	183.0	5
73.0	200.0	70.0	216.0	94.0	197.0	156.0	161.0	137.0	178.0	174.0	213.0	170.0	236.0	162.0	253.0	179.0	184.0	200.0	155.0	195.0	196.0	204.0	166.0	225.0	172.0	269.0	177.0	256.0	250.0	265.0	206.0	287.0	221.0	302.0	221.0	373.0	184.0	5
80.0	201.0	75.0	216.0	99.0	198.0	156.0	164.0	140.0	179.0	174.0	213.0	170.0	234.0	162.0	251.0	180.0	186.0	197.0	158.0	196.0	197.0	202.0	170.0	225.0	174.0	272.0	178.0	258.0	248.0	262.0	205.0	288.0	221.0	300.0	220.0	366.0	182.0	5
59.0	199.0	54.0	215.0	84.0	196.0	156.0	158.0	134.0	175.0	171.0	216.0	165.0	238.0	154.0	258.0	177.0	184.0	201.0	152.0	195.0	197.0	207.0	165.0	228.0	171.0	279.0	177.0	260.0	257.0	269.0	206.0	296.0	223.0	310.0	223.0	384.0	182.0	5
71.0	199.0	65.0	214.0	92.0	196.0	157.0	160.0	138.0	177.0	174.0	214.0	171.0	237.0	159.0	256.0	181.0	184.0	200.0	154.0	195.0	195.0	205.0	166.0	228.0	172.0	272.0	175.0	253.0	252.0	267.0	207.0	287.0	222.0	301.0	222.0	374.0	181.0	5
84.0	176.0	5.0	225.0	98.0	176.0	131.0	142.0	126.0	191.0	113.0	223.0	170.0	225.0	195.0	236.0	203.0	197.0	228.0	153.0	219.0	208.0	225.0	177.0	237.0	133.0	262.0	213.0	245.0	231.0	277.0	319.0	308.0	190.0	338.0	168.0	335.0	186.0	5
78.0	198.0	73.0	214.0	99.0	197.0	158.0	163.0	140.0	180.0	177.0	214.0	172.0	233.0	162.0	251.0	179.0	186.0	196.0	158.0	197.0	198.0	201.0	170.0	226.0	176.0	265.0	178.0	254.0	251.0	263.0	208.0	281.0	221.0	294.0	221.0	356.0	180.0	5
63.0	199.0	58.0	216.0	88.0	197.0	150.0	161.0	134.0	177.0	169.0	216.0	167.0	239.0	157.0	258.0	175.0	185.0	197.0	152.0	189.0	194.0	202.0	165.0	225.0	170.0	280.0	175.0	263.0	256.0	273.0	207.0	297.0	223.0	310.0	222.0	384.0	177.0	5
65.0	200.0	58.0	217.0	85.0	197.0	153.0	157.0	131.0	177.0	169.0	217.0	163.0	239.0	152.0	257.0	176.0	184.0	196.0	152.0	193.0	198.0	201.0	165.0	226.0	171.0	276.0	176.0	261.0	256.0	266.0	206.0	297.0	225.0	309.0	225.0	385.0	180.0	5
78.0	200.0	73.0	216.0	99.0	198.0	159.0	162.0	140.0	179.0	175.0	213.0	171.0	234.0	162.0	252.0	181.0	185.0	201.0	157.0	194.0	196.0	204.0	169.0	221.0	173.0	269.0	177.0	259.0	249.0	263.0	206.0	287.0	220.0	300.0	220.0	367.0	182.0	5
63.0	199.0	57.0	215.0	85.0	198.0	155.0	160.0	135.0	177.0	173.0	216.0	170.0	237.0	159.0	256.0	179.0	184.0	200.0	152.0	194.0	196.0	204.0	165.0	227.0	172.0	277.0	175.0	258.0	255.0	270.0	208.0	293.0	223.0	306.0	223.0	379.0	180.0	5
70.0	198.0	64.0	216.0	94.0	195.0	155.0	160.0	138.0	176.0	172.0	214.0	167.0	236.0	156.0	256.0	184.0	185.0	201.0	153.0	196.0	196.0	206.0	167.0	225.0	172.0	273.0	175.0	259.0	253.0	267.0	207.0	288.0	222.0	303.0	222.0	377.0	179.0	5
72.0	198.0	70.0	214.0	92.0	196.0	155.0	162.0	138.0	177.0	172.0	213.0	168.0	234.0	159.0	252.0	181.0	184.0	199.0	155.0	192.0	195.0	203.0	166.0	227.0	173.0	272.0	177.0	258.0	250.0	263.0	204.0	288.0	220.0	300.0	219.0	374.0	183.0	5
66.0	199.0	61.0	216.0	91.0	197.0	156.0	162.0	139.0	177.0	171.0	215.0	168.0	236.0	157.0	255.0	180.0	184.0	200.0	155.0	194.0	195.0	203.0	167.0	224.0	172.0	271.0	176.0	259.0	254.0	269.0	207.0	293.0	224.0	307.0	223.0	372.0	178.0	5
64.0	201.0	60.0	218.0	88.0	198.0	153.0	159.0	134.0	177.0	172.0	215.0	169.0	236.0	157.0	255.0	179.0	183.0	202.0	151.0	196.0	196.0	206.0	164.0	232.0	171.0	285.0	175.0	264.0	254.0	275.0	209.0	297.0	223.0	312.0	224.0	384.0	179.0	5
73.0	201.0	69.0	217.0	94.0	198.0	156.0	161.0	138.0	178.0	174.0	215.0	170.0	237.0	161.0	255.0	180.0	185.0	197.0	155.0	194.0	195.0	202.0	167.0	221.0	171.0	266.0	176.0	257.0	251.0	264.0	206.0	288.0	222.0	299.0	221.0	367.0	181.0	5
70.0	201.0	67.0	216.0	92.0	199.0	156.0	162.0	137.0	179.0	173.0	215.0	170.0	236.0	161.0	255.0	176.0	185.0	199.0	154.0	193.0	197.0	205.0	167.0	225.0	173.0	269.0	175.0	259.0	250.0	268.0	207.0	291.0	222.0	303.0	222.0	371.0	180.0	5
75.0	200.0	69.0	216.0	97.0	198.0	156.0	163.0	139.0	178.0	173.0	215.0	169.0	235.0	160.0	254.0	180.0	185.0	195.0	156.0	194.0	196.0	201.0	169.0	221.0	173.0	268.0	177.0	258.0	249.0	263.0	206.0	288.0	221.0	301.0	221.0	367.0	181.0	5
69.0	201.0	64.0	215.0	91.0	198.0	154.0	163.0	136.0	179.0	172.0	215.0	171.0	237.0	163.0	256.0	178.0	186.0	197.0	155.0	192.0	196.0	202.0	168.0	221.0	172.0	268.0	175.0	261.0	252.0	265.0	205.0	294.0	221.0	306.0	221.0	376.0	180.0	5
73.0	201.0	69.0	216.0	97.0	198.0	157.0	162.0	139.0	178.0	174.0	213.0	171.0	235.0	162.0	252.0	176.0	184.0	196.0	157.0	194.0	196.0	199.0	168.0	221.0	172.0	266.0	176.0	260.0	250.0	264.0	205.0	288.0	220.0	301.0	221.0	368.0	180.0	5
74.0	199.0	67.0	214.0	98.0	198.0	157.0	164.0	139.0	180.0	175.0	215.0	171.0	234.0	161.0	254.0	181.0	186.0	197.0	158.0	195.0	196.0	203.0	170.0	224.0	175.0	270.0	177.0	260.0	253.0	265.0	206.0	290.0	222.0	301.0	222.0	366.0	178.0	5
74.0	200.0	70.0	215.0	97.0	198.0	156.0	163.0	138.0	180.0	174.0	214.0	171.0	235.0	163.0	252.0	178.0	187.0	196.0	158.0	194.0	197.0	201.0	169.0	226.0	175.0	270.0	178.0	257.0	250.0	262.0	206.0	286.0	221.0	298.0	221.0	361.0	178.0	5
74.0	201.0	69.0	218.0	96.0	198.0	154.0	163.0	139.0	178.0	172.0	214.0	169.0	235.0	161.0	255.0	180.0	186.0	195.0	156.0	196.0	197.0	200.0	168.0	222.0	174.0	270.0	178.0	259.0	249.0	264.0	206.0	288.0	221.0	301.0	221.0	370.0	180.0	5
75.0	200.0	70.0	215.0	98.0	197.0	157.0	164.0	137.0	180.0	174.0	213.0	170.0	234.0	162.0	251.0	180.0	186.0	196.0	158.0	194.0	196.0	203.0	170.0	225.0	175.0	267.0	177.0	260.0	248.0	263.0	204.0	288.0	219.0	300.0	218.0	366.0	181.0	5
75.0	200.0	70.0	216.0	98.0	198.0	158.0	163.0	140.0	179.0	177.0	215.0	175.0	235.0	166.0	253.0	182.0	186.0	197.0	157.0	197.0	196.0	203.0	169.0	224.0	174.0	267.0	177.0	258.0	248.0	265.0	206.0	285.0	219.0	298.0	219.0	369.0	183.0	5
78.0	201.0	74.0	216.0	98.0	198.0	157.0	164.0	139.0	179.0	176.0	215.0	174.0	236.0	166.0	253.0	179.0	186.0	199.0	158.0	194.0	197.0	202.0	170.0	224.0	175.0	266.0	177.0	262.0	250.0	262.0	204.0	292.0	220.0	303.0	219.0	363.0	178.0	5
79.0	200.0	75.0	214.0	99.0	197.0	160.0	163.0	141.0	179.0	175.0	213.0	171.0	233.0	162.0	250.0	181.0	186.0	200.0	158.0	196.0	197.0	204.0	169.0	226.0	175.0	271.0	178.0	256.0	250.0	262.0	205.0	286.0	221.0	299.0	220.0	362.0	182.0	5
59.0	200.0	53.0	218.0	81.0	198.0	152.0	158.0	128.0	177.0	171.0	217.0	166.0	240.0	154.0	260.0	175.0	182.0	201.0	150.0	196.0	197.0	206.0	163.0	233.0	170.0	282.0	175.0	263.0	257.0	275.0	207.0	299.0	224.0	314.0	225.0	390.0	180.0	5
69.0	200.0	65.0	216.0	91.0	197.0	155.0	158.0	135.0	177.0	172.0	217.0	168.0	239.0	159.0	256.0	177.0	184.0	201.0	152.0	194.0	197.0	206.0	165.0	228.0	172.0	274.0	177.0	261.0	257.0	265.0	205.0	294.0	224.0	305.0	223.0	374.0	181.0	5
73.0	200.0	68.0	216.0	95.0	198.0	155.0	163.0	140.0	177.0	172.0	214.0	168.0	236.0	159.0	254.0	181.0	186.0	197.0	156.0	194.0	196.0	202.0	169.0	224.0	174.0	273.0	178.0	261.0	250.0	264.0	206.0	290.0	221.0	304.0	221.0	370.0	179.0	5
62.0	199.0	58.0	216.0	89.0	197.0	152.0	159.0	135.0	176.0	169.0	215.0	166.0	239.0	156.0	259.0	178.0	184.0	198.0	152.0	191.0	195.0	203.0	165.0	229.0	172.0	281.0	176.0	259.0	257.0	268.0	207.0	293.0	224.0	310.0	224.0	380.0	180.0	5
78.0	201.0	73.0	216.0	100.0	198.0	157.0	162.0	140.0	178.0	173.0	214.0	170.0	234.0	162.0	253.0	180.0	186.0	196.0	157.0	195.0	197.0	202.0	169.0	222.0	174.0	269.0	177.0	256.0	248.0	265.0	207.0	287.0	221.0	299.0	221.0	363.0	181.0	5
75.0	200.0	70.0	215.0	96.0	198.0	159.0	163.0	140.0	179.0	175.0	213.0	172.0	234.0	164.0	252.0	180.0	186.0	196.0	157.0	196.0	197.0	202.0	169.0	226.0	175.0	268.0	177.0	257.0	248.0	265.0	206.0	286.0	219.0	298.0	219.0	369.0	182.0	5
65.0	198.0	60.0	214.0	88.0	196.0	158.0	159.0	138.0	175.0	172.0	215.0	166.0	238.0	155.0	257.0	178.0	184.0	202.0	154.0	196.0	197.0	208.0	167.0	228.0	173.0	276.0	178.0	258.0	254.0	268.0	208.0	290.0	222.0	303.0	222.0	377.0	183.0	5
78.0	201.0	72.0	214.0	101.0	198.0	158.0	164.0	140.0	180.0	174.0	213.0	171.0	234.0	163.0	250.0	180.0	186.0	198.0	159.0	194.0	197.0	203.0	170.0	224.0	175.0	270.0	178.0	257.0	249.0	262.0	205.0	285.0	219.0	298.0	220.0	364.0	182.0	5
75.0	199.0	69.0	215.0	95.0	196.0	155.0	160.0	136.0	176.0	174.0	214.0	170.0	235.0	159.0	254.0	181.0	185.0	197.0	155.0	196.0	196.0	201.0	168.0	222.0	173.0	267.0	176.0	257.0	252.0	266.0	208.0	286.0	220.0	298.0	220.0	368.0	182.0	5
73.0	201.0	68.0	213.0	94.0	198.0	155.0	164.0	137.0	179.0	173.0	214.0	169.0	234.0	162.0	250.0	179.0	187.0	198.0	158.0	192.0	197.0	203.0	169.0	226.0	175.0	275.0	178.0	260.0	250.0	265.0	205.0	290.0	220.0	303.0	220.0	367.0	179.0	5
70.0	200.0	65.0	215.0	90.0	198.0	155.0	161.0	136.0	178.0	173.0	215.0	171.0	236.0	162.0	255.0	178.0	186.0	197.0	155.0	194.0	196.0	202.0	168.0	226.0	174.0	273.0	177.0	259.0	253.0	265.0	205.0	291.0	221.0	304.0	221.0	373.0	180.0	5
74.0	198.0	69.0	214.0	96.0	196.0	157.0	163.0	139.0	178.0	176.0	214.0	171.0	236.0	162.0	253.0	182.0	186.0	199.0	157.0	195.0	197.0	204.0	170.0	221.0	173.0	270.0	177.0	257.0	249.0	263.0	205.0	286.0	221.0	300.0	220.0	364.0	181.0	5
71.0	200.0	66.0	215.0	94.0	197.0	157.0	162.0	139.0	177.0	173.0	214.0	170.0	236.0	161.0	253.0	179.0	184.0	201.0	155.0	196.0	197.0	206.0	167.0	228.0	173.0	271.0	177.0	257.0	250.0	268.0	208.0	288.0	221.0	303.0	221.0	373.0	184.0	5
61.0	200.0	59.0	218.0	83.0	198.0	153.0	158.0	130.0	176.0	172.0	215.0	167.0	239.0	156.0	259.0	175.0	181.0	197.0	151.0	197.0	195.0	201.0	163.0	227.0	170.0	275.0	174.0	267.0	257.0	274.0	207.0	301.0	226.0	315.0	226.0	385.0	179.0	5
76.0	202.0	71.0	215.0	96.0	199.0	157.0	164.0	140.0	180.0	175.0	212.0	170.0	232.0	163.0	248.0	180.0	186.0	196.0	159.0	193.0	196.0	202.0	170.0	223.0	175.0	270.0	178.0	258.0	247.0	261.0	204.0	287.0	220.0	299.0	219.0	360.0	182.0	5
72.0	201.0	66.0	216.0	93.0	198.0	157.0	162.0	139.0	178.0	173.0	214.0	171.0	236.0	163.0	254.0	177.0	185.0	199.0	156.0	192.0	195.0	204.0	168.0	223.0	173.0	268.0	177.0	258.0	249.0	266.0	207.0	289.0	221.0	301.0	221.0	370.0	183.0	5
72.0	200.0	67.0	216.0	96.0	196.0	155.0	160.0	138.0	177.0	171.0	213.0	167.0	235.0	156.0	255.0	183.0	185.0	196.0	154.0	195.0	195.0	203.0	167.0	222.0	172.0	269.0	176.0	257.0	252.0	263.0	207.0	283.0	221.0	299.0	221.0	370.0	180.0	5
76.0	200.0	71.0	215.0	102.0	198.0	158.0	165.0	141.0	180.0	178.0	213.0	175.0	234.0	166.0	252.0	180.0	186.0	199.0	159.0	195.0	196.0	204.0	170.0	227.0	175.0	270.0	179.0	260.0	248.0	262.0	205.0	285.0	220.0	301.0	220.0	362.0	179.0	5
64.0	199.0	60.0	215.0	89.0	197.0	153.0	160.0	136.0	177.0	170.0	215.0	166.0	237.0	157.0	254.0	178.0	184.0	201.0	154.0	194.0	197.0	206.0	166.0	228.0	172.0	277.0	177.0	258.0	254.0	267.0	206.0	291.0	222.0	305.0	222.0	377.0	182.0	5
68.0	199.0	63.0	215.0	93.0	197.0	153.0	161.0	135.0	177.0	173.0	214.0	168.0	237.0	158.0	255.0	180.0	185.0	196.0	155.0	194.0	197.0	202.0	168.0	219.0	172.0	269.0	175.0	259.0	250.0	263.0	205.0	287.0	220.0	302.0	220.0	368.0	179.0	5
71.0	199.0	67.0	214.0	92.0	196.0	158.0	161.0	137.0	178.0	173.0	215.0	169.0	238.0	160.0	255.0	177.0	184.0	200.0	154.0	195.0	198.0	205.0	166.0	226.0	173.0	274.0	177.0	260.0	254.0	265.0	206.0	289.0	222.0	302.0	221.0	374.0	180.0	5
63.0	199.0	59.0	215.0	85.0	197.0	153.0	161.0	134.0	177.0	172.0	215.0	169.0	237.0	159.0	256.0	176.0	184.0	201.0	154.0	191.0	195.0	205.0	167.0	228.0	173.0	279.0	177.0	261.0	253.0	272.0	208.0	292.0	222.0	308.0	222.0	379.0	180.0	5
60.0	201.0	59.0	219.0	85.0	198.0	152.0	159.0	133.0	177.0	167.0	216.0	164.0	238.0	158.0	257.0	177.0	184.0	196.0	152.0	191.0	195.0	201.0	165.0	225.0	171.0	274.0	176.0	261.0	253.0	264.0	203.0	294.0	222.0	306.0	221.0	376.0	180.0	5
60.0	201.0	55.0	217.0	85.0	198.0	150.0	159.0	131.0	176.0	171.0	216.0	168.0	239.0	157.0	259.0	180.0	184.0	200.0	151.0	196.0	197.0	205.0	165.0	227.0	171.0	278.0	175.0	262.0	255.0	273.0	208.0	295.0	223.0	313.0	224.0	388.0	181.0	5
75.0	200.0	71.0	215.0	98.0	198.0	160.0	163.0	142.0	180.0	176.0	214.0	172.0	233.0	163.0	251.0	183.0	186.0	198.0	158.0	196.0	196.0	203.0	169.0	226.0	175.0	268.0	178.0	257.0	248.0	264.0	206.0	284.0	220.0	296.0	220.0	366.0	184.0	5
80.0	200.0	74.0	214.0	102.0	197.0	158.0	164.0	139.0	180.0	178.0	213.0	174.0	233.0	164.0	251.0	179.0	186.0	197.0	159.0	193.0	196.0	202.0	171.0	226.0	176.0	266.0	178.0	257.0	249.0	263.0	205.0	286.0	220.0	298.0	219.0	361.0	181.0	5
63.0	198.0	58.0	216.0	90.0	196.0	155.0	161.0	139.0	176.0	170.0	214.0	166.0	239.0	154.0	257.0	177.0	184.0	201.0	153.0	196.0	196.0	206.0	168.0	228.0	174.0	270.0	176.0	258.0	252.0	268.0	207.0	291.0	222.0	305.0	222.0	376.0	184.0	6
72.0	201.0	69.0	217.0	94.0	198.0	156.0	163.0	139.0	178.0	170.0	212.0	168.0	234.0	160.0	251.0	175.0	184.0	199.0	156.0	191.0	194.0	203.0	169.0	222.0	173.0	265.0	177.0	251.0	245.0	264.0	206.0	283.0	218.0	296.0	218.0	363.0	187.0	6
73.0	200.0	71.0	216.0	93.0	198.0	158.0	163.0	138.0	179.0	174.0	213.0	170.0	235.0	161.0	251.0	177.0	185.0	200.0	157.0	198.0	197.0	203.0	169.0	224.0	175.0	264.0	178.0	258.0	245.0	265.0	206.0	287.0	219.0	301.0	219.0	365.0	187.0	6
78.0	200.0	73.0	216.0	97.0	198.0	159.0	162.0	141.0	177.0	174.0	212.0	173.0	236.0	164.0	252.0	180.0	184.0	202.0	157.0	196.0	196.0	206.0	169.0	223.0	174.0	264.0	177.0	256.0	248.0	266.0	207.0	285.0	219.0	298.0	219.0	360.0	186.0	6
75.0	201.0	71.0	217.0	95.0	198.0	155.0	164.0	140.0	179.0	172.0	212.0	170.0	234.0	161.0	252.0	177.0	185.0	200.0	157.0	197.0	197.0	204.0	170.0	226.0	175.0	267.0	178.0	254.0	247.0	264.0	206.0	283.0	219.0	298.0	219.0	366.0	188.0	6
75.0	202.0	72.0	218.0	95.0	199.0	155.0	162.0	139.0	179.0	172.0	213.0	170.0	236.0	161.0	253.0	176.0	184.0	197.0	155.0	194.0	195.0	202.0	168.0	222.0	173.0	269.0	176.0	260.0	247.0	268.0	206.0	289.0	220.0	303.0	220.0	370.0	184.0	6
73.0	200.0	69.0	216.0	98.0	198.0	158.0	162.0	141.0	178.0	173.0	212.0	169.0	234.0	159.0	251.0	176.0	184.0	201.0	157.0	198.0	197.0	205.0	169.0	228.0	175.0	267.0	178.0	255.0	248.0	266.0	207.0	284.0	219.0	299.0	220.0	366.0	184.0	6
69.0	201.0	64.0	217.0	91.0	198.0	155.0	161.0	136.0	177.0	171.0	214.0	168.0	238.0	157.0	256.0	178.0	185.0	201.0	154.0	197.0	196.0	205.0	167.0	226.0	173.0	268.0	176.0	255.0	252.0	266.0	208.0	286.0	222.0	301.0	222.0	371.0	186.0	6
73.0	201.0	70.0	216.0	98.0	198.0	157.0	162.0	140.0	177.0	172.0	212.0	170.0	235.0	160.0	252.0	179.0	184.0	198.0	156.0	197.0	196.0	204.0	169.0	224.0	173.0	268.0	177.0	254.0	249.0	264.0	206.0	286.0	220.0	300.0	220.0	363.0	184.0	6
73.0	201.0	69.0	217.0	93.0	198.0	155.0	161.0	137.0	176.0	174.0	212.0	171.0	235.0	162.0	252.0	177.0	183.0	198.0	155.0	196.0	195.0	204.0	168.0	226.0	174.0	268.0	176.0	257.0	248.0	265.0	204.0	287.0	219.0	301.0	220.0	366.0	183.0	6
71.0	199.0	66.0	215.0	91.0	197.0	154.0	162.0	137.0	177.0	170.0	213.0	168.0	236.0	160.0	254.0	176.0	184.0	197.0	155.0	193.0	196.0	201.0	168.0	225.0	174.0	263.0	175.0	257.0	249.0	266.0	207.0	288.0	220.0	304.0	219.0	370.0	182.0	6
71.0	202.0	69.0	217.0	93.0	200.0	154.0	164.0	139.0	179.0	172.0	213.0	169.0	236.0	159.0	253.0	174.0	185.0	196.0	156.0	195.0	196.0	201.0	169.0	221.0	174.0	265.0	177.0	257.0	248.0	267.0	207.0	287.0	220.0	302.0	220.0	369.0	184.0	6
78.0	201.0	76.0	216.0	99.0	198.0	159.0	163.0	143.0	179.0	174.0	212.0	171.0	235.0	162.0	251.0	180.0	185.0	201.0	157.0	196.0	196.0	204.0	169.0	223.0	174.0	264.0	178.0	253.0	248.0	263.0	207.0	283.0	219.0	297.0	220.0	360.0	186.0	6
65.0	200.0	60.0	217.0	89.0	200.0	153.0	161.0	138.0	177.0	169.0	214.0	168.0	239.0	157.0	258.0	178.0	185.0	199.0	154.0	193.0	195.0	205.0	168.0	225.0	173.0	267.0	175.0	257.0	254.0	267.0	207.0	291.0	221.0	305.0	222.0	376.0	184.0	6
78.0	200.0	74.0	215.0	101.0	197.0	160.0	165.0	144.0	179.0	173.0	211.0	169.0	232.0	160.0	249.0	179.0	186.0	200.0	158.0	195.0	196.0	204.0	170.0	227.0	176.0	268.0	179.0	250.0	245.0	262.0	207.0	279.0	218.0	293.0	219.0	360.0	188.0	6
77.0	200.0	72.0	215.0	100.0	198.0	157.0	164.0	141.0	179.0	173.0	213.0	171.0	236.0	162.0	252.0	179.0	185.0	201.0	157.0	196.0	196.0	205.0	170.0	226.0	176.0	267.0	178.0	252.0	248.0	261.0	205.0	283.0	220.0	297.0	219.0	364.0	187.0	6
70.0	199.0	65.0	217.0	89.0	197.0	153.0	159.0	133.0	176.0	172.0	214.0	167.0	238.0	159.0	256.0	177.0	182.0	197.0	151.0	197.0	198.0	205.0	166.0	227.0	172.0	268.0	175.0	259.0	254.0	265.0	206.0	289.0	221.0	303.0	221.0	372.0	180.0	6
73.0	201.0	69.0	217.0	92.0	199.0	157.0	162.0	138.0	178.0	173.0	214.0	168.0	236.0	159.0	253.0	176.0	184.0	200.0	155.0	198.0	198.0	204.0	168.0	224.0	174.0	265.0	176.0	258.0	248.0	264.0	207.0	285.0	220.0	301.0	221.0	366.0	186.0	6
83.0	198.0	79.0	212.0	104.0	197.0	161.0	165.0	146.0	180.0	176.0	212.0	172.0	231.0	163.0	246.0	186.0	186.0	202.0	160.0	197.0	195.0	207.0	171.0	226.0	177.0	262.0	178.0	252.0	246.0	258.0	205.0	282.0	220.0	294.0	219.0	356.0	185.0	7
73.0	200.0	70.0	215.0	99.0	197.0	156.0	164.0	137.0	179.0	176.0	214.0	172.0	235.0	161.0	252.0	181.0	185.0	197.0	156.0	200.0	169.0	201.0	197.0	224.0	174.0	260.0	175.0	258.0	249.0	265.0	207.0	286.0	220.0	298.0	219.0	361.0	181.0	7
77.0	201.0	70.0	215.0	99.0	198.0	160.0	162.0	142.0	179.0	175.0	211.0	170.0	232.0	161.0	250.0	181.0	184.0	199.0	157.0	194.0	195.0	202.0	168.0	222.0	174.0	267.0	177.0	255.0	247.0	264.0	205.0	288.0	220.0	299.0	220.0	365.0	184.0	7
76.0	200.0	70.0	214.0	99.0	197.0	158.0	162.0	139.0	178.0	174.0	213.0	170.0	235.0	160.0	254.0	180.0	185.0	199.0	156.0	197.0	197.0	202.0	169.0	222.0	175.0	265.0	178.0	254.0	250.0	262.0	207.0	286.0	221.0	299.0	220.0	363.0	181.0	7
71.0	200.0	64.0	215.0	92.0	198.0	157.0	162.0	140.0	177.0	174.0	212.0	171.0	236.0	161.0	255.0	181.0	182.0	197.0	154.0	194.0	193.0	203.0	168.0	225.0	173.0	272.0	177.0	257.0	251.0	267.0	206.0	289.0	221.0	301.0	221.0	373.0	182.0	7
75.0	200.0	68.0	214.0	98.0	198.0	159.0	164.0	140.0	180.0	176.0	213.0	175.0	235.0	164.0	252.0	180.0	185.0	198.0	158.0	195.0	194.0	201.0	169.0	223.0	175.0	264.0	177.0	259.0	248.0	259.0	204.0	288.0	219.0	298.0	218.0	364.0	181.0	7
79.0	200.0	76.0	214.0	104.0	197.0	159.0	165.0	140.0	180.0	178.0	213.0	174.0	234.0	163.0	250.0	183.0	185.0	198.0	158.0	202.0	197.0	202.0	170.0	224.0	175.0	259.0	176.0	256.0	247.0	263.0	206.0	284.0	219.0	295.0	218.0	356.0	181.0	7
71.0	201.0	67.0	216.0	91.0	199.0	156.0	163.0	139.0	179.0	172.0	213.0	169.0	236.0	159.0	252.0	183.0	186.0	199.0	156.0	195.0	195.0	206.0	169.0	225.0	174.0	267.0	176.0	256.0	251.0	261.0	204.0	289.0	221.0	301.0	220.0	368.0	184.0	7
68.0	199.0	63.0	215.0	96.0	197.0	157.0	161.0	140.0	177.0	172.0	215.0	168.0	236.0	158.0	256.0	181.0	185.0	196.0	155.0	194.0	196.0	200.0	167.0	225.0	174.0	270.0	176.0	259.0	252.0	266.0	206.0	292.0	222.0	304.0	222.0	369.0	178.0	7
78.0	199.0	73.0	213.0	100.0	196.0	159.0	164.0	143.0	179.0	175.0	212.0	170.0	232.0	161.0	248.0	184.0	185.0	202.0	157.0	196.0	195.0	206.0	170.0	226.0	175.0	264.0	177.0	253.0	247.0	260.0	204.0	285.0	220.0	297.0	219.0	361.0	183.0	7
80.0	200.0	75.0	214.0	102.0	197.0	162.0	162.0	144.0	177.0	175.0	214.0	170.0	235.0	161.0	251.0	183.0	185.0	201.0	157.0	199.0	196.0	206.0	169.0	225.0	175.0	266.0	178.0	255.0	249.0	260.0	205.0	285.0	221.0	297.0	220.0	364.0	186.0	7
78.0	199.0	75.0	214.0	103.0	197.0	159.0	165.0	140.0	180.0	178.0	213.0	173.0	234.0	163.0	250.0	182.0	185.0	198.0	158.0	201.0	170.0	202.0	197.0	224.0	175.0	259.0	176.0	257.0	247.0	264.0	206.0	284.0	219.0	296.0	218.0	357.0	181.0	7
74.0	202.0	68.0	216.0	95.0	199.0	157.0	162.0	141.0	178.0	174.0	213.0	171.0	236.0	161.0	253.0	178.0	183.0	197.0	156.0	192.0	194.0	202.0	167.0	225.0	174.0	267.0	178.0	256.0	250.0	262.0	205.0	287.0	220.0	299.0	220.0	366.0	185.0	7
79.0	201.0	72.0	217.0	100.0	198.0	157.0	163.0	139.0	179.0	177.0	214.0	173.0	235.0	162.0	253.0	178.0	184.0	195.0	157.0	198.0	196.0	199.0	168.0	222.0	174.0	263.0	175.0	256.0	250.0	264.0	206.0	289.0	221.0	301.0	220.0	364.0	181.0	7
80.0	200.0	73.0	214.0	104.0	197.0	162.0	162.0	144.0	179.0	177.0	213.0	172.0	234.0	162.0	251.0	184.0	185.0	200.0	158.0	198.0	196.0	206.0	171.0	225.0	176.0	263.0	178.0	257.0	250.0	262.0	207.0	284.0	222.0	295.0	221.0	360.0	187.0	7
80.0	201.0	74.0	216.0	98.0	198.0	161.0	162.0	143.0	178.0	173.0	214.0	171.0	235.0	161.0	252.0	180.0	185.0	198.0	156.0	195.0	195.0	203.0	168.0	223.0	174.0	267.0	177.0	253.0	250.0	261.0	204.0	284.0	219.0	296.0	219.0	361.0	186.0	7
79.0	202.0	73.0	216.0	99.0	199.0	160.0	162.0	141.0	179.0	176.0	213.0	172.0	235.0	163.0	252.0	182.0	185.0	197.0	156.0	196.0	196.0	201.0	168.0	223.0	174.0	264.0	176.0	257.0	248.0	264.0	206.0	287.0	220.0	298.0	219.0	364.0	186.0	7
78.0	200.0	74.0	214.0	100.0	198.0	159.0	164.0	142.0	179.0	174.0	212.0	171.0	233.0	161.0	249.0	185.0	186.0	200.0	159.0	196.0	195.0	205.0	171.0	222.0	175.0	261.0	177.0	254.0	247.0	260.0	205.0	284.0	219.0	296.0	219.0	361.0	184.0	7
82.0	200.0	77.0	213.0	104.0	197.0	162.0	164.0	144.0	180.0	177.0	213.0	172.0	234.0	163.0	250.0	183.0	186.0	202.0	159.0	198.0	197.0	207.0	172.0	225.0	177.0	267.0	181.0	254.0	248.0	256.0	206.0	284.0	222.0	296.0	221.0	359.0	189.0	7
78.0	201.0	72.0	216.0	100.0	198.0	160.0	162.0	142.0	179.0	174.0	213.0	171.0	235.0	163.0	253.0	181.0	184.0	200.0	157.0	196.0	195.0	205.0	169.0	225.0	176.0	263.0	178.0	255.0	248.0	261.0	205.0	285.0	220.0	297.0	220.0	363.0	185.0	7
73.0	201.0	67.0	215.0	98.0	199.0	157.0	163.0	141.0	179.0	175.0	214.0	169.0	234.0	161.0	251.0	178.0	185.0	199.0	156.0	198.0	197.0	202.0	168.0	222.0	173.0	270.0	177.0	256.0	249.0	266.0	206.0	288.0	220.0	300.0	220.0	367.0	184.0	7
71.0	200.0	66.0	217.0	93.0	199.0	155.0	158.0	136.0	176.0	173.0	215.0	168.0	238.0	158.0	257.0	178.0	182.0	200.0	153.0	193.0	194.0	203.0	165.0	224.0	171.0	273.0	176.0	262.0	255.0	267.0	206.0	294.0	222.0	307.0	222.0	378.0	184.0	8
76.0	200.0	69.0	216.0	96.0	199.0	157.0	161.0	140.0	177.0	174.0	214.0	171.0	237.0	161.0	256.0	179.0	184.0	201.0	156.0	193.0	195.0	203.0	167.0	226.0	174.0	269.0	178.0	257.0	252.0	265.0	207.0	290.0	222.0	301.0	221.0	370.0	189.0	8
79.0	200.0	72.0	216.0	99.0	199.0	160.0	163.0	142.0	178.0	176.0	214.0	171.0	236.0	162.0	252.0	181.0	185.0	200.0	157.0	195.0	195.0	204.0	169.0	223.0	173.0	270.0	178.0	257.0	250.0	264.0	206.0	288.0	221.0	298.0	220.0	366.0	186.0	8
73.0	201.0	67.0	217.0	94.0	199.0	157.0	160.0	139.0	177.0	175.0	216.0	171.0	238.0	161.0	255.0	179.0	183.0	198.0	155.0	195.0	196.0	201.0	166.0	224.0	172.0	272.0	177.0	259.0	254.0	267.0	206.0	292.0	221.0	304.0	221.0	372.0	183.0	8
78.0	201.0	71.0	216.0	98.0	199.0	159.0	161.0	141.0	177.0	175.0	214.0	173.0	238.0	164.0	255.0	179.0	184.0	202.0	156.0	193.0	195.0	204.0	167.0	227.0	174.0	273.0	178.0	257.0	251.0	265.0	206.0	289.0	221.0	300.0	220.0	368.0	186.0	8
63.0	200.0	57.0	217.0	88.0	198.0	152.0	157.0	132.0	176.0	170.0	217.0	167.0	240.0	157.0	260.0	177.0	183.0	197.0	151.0	192.0	196.0	203.0	164.0	227.0	170.0	276.0	174.0	262.0	256.0	272.0	208.0	295.0	222.0	308.0	221.0	382.0	182.0	8
73.0	201.0	66.0	217.0	94.0	198.0	158.0	161.0	138.0	177.0	173.0	214.0	171.0	238.0	162.0	256.0	181.0	184.0	200.0	154.0	195.0	195.0	204.0	167.0	227.0	173.0	272.0	178.0	258.0	251.0	266.0	206.0	290.0	220.0	301.0	219.0	371.0	187.0	8
69.0	200.0	62.0	216.0	90.0	198.0	152.0	159.0	133.0	177.0	171.0	216.0	167.0	238.0	159.0	258.0	177.0	183.0	195.0	152.0	192.0	195.0	201.0	165.0	226.0	171.0	277.0	174.0	259.0	253.0	268.0	206.0	292.0	220.0	304.0	220.0	374.0	179.0	8
66.0	199.0	61.0	215.0	91.0	198.0	156.0	158.0	137.0	177.0	170.0	215.0	166.0	238.0	157.0	256.0	177.0	184.0	197.0	152.0	192.0	196.0	202.0	165.0	225.0	171.0	277.0	175.0	259.0	254.0	264.0	205.0	294.0	221.0	305.0	221.0	379.0	181.0	8
80.0	200.0	75.0	216.0	100.0	198.0	159.0	162.0	143.0	178.0	176.0	215.0	172.0	236.0	162.0	254.0	181.0	185.0	197.0	157.0	194.0	196.0	202.0	169.0	224.0	175.0	268.0	178.0	255.0	250.0	264.0	206.0	286.0	219.0	298.0	219.0	362.0	183.0	8
76.0	199.0	69.0	214.0	98.0	197.0	158.0	158.0	140.0	176.0	175.0	214.0	170.0	237.0	160.0	255.0	181.0	185.0	198.0	155.0	194.0	195.0	202.0	167.0	225.0	173.0	271.0	177.0	257.0	251.0	264.0	205.0	287.0	220.0	300.0	219.0	366.0	183.0	8
75.0	199.0	69.0	214.0	97.0	198.0	157.0	161.0	137.0	180.0	174.0	214.0	172.0	236.0	163.0	254.0	180.0	185.0	195.0	156.0	194.0	196.0	201.0	168.0	225.0	174.0	273.0	177.0	257.0	251.0	264.0	206.0	287.0	220.0	299.0	219.0	366.0	181.0	8
73.0	201.0	67.0	215.0	95.0	199.0	159.0	161.0	142.0	178.0	173.0	215.0	170.0	237.0	161.0	255.0	178.0	184.0	198.0	156.0	196.0	197.0	203.0	168.0	225.0	173.0	272.0	177.0	259.0	251.0	263.0	206.0	289.0	222.0	301.0	222.0	372.0	183.0	8
75.0	200.0	70.0	215.0	95.0	198.0	158.0	159.0	138.0	178.0	173.0	214.0	170.0	236.0	160.0	254.0	180.0	184.0	197.0	154.0	192.0	194.0	202.0	166.0	225.0	173.0	268.0	176.0	255.0	249.0	264.0	206.0	286.0	219.0	299.0	219.0	368.0	183.0	8
78.0	200.0	74.0	216.0	100.0	198.0	159.0	162.0	142.0	178.0	174.0	214.0	169.0	235.0	160.0	252.0	179.0	185.0	197.0	156.0	196.0	198.0	203.0	169.0	225.0	174.0	271.0	178.0	255.0	251.0	262.0	205.0	286.0	219.0	298.0	219.0	367.0	185.0	8
70.0	200.0	63.0	215.0	92.0	198.0	156.0	160.0	138.0	177.0	173.0	215.0	169.0	237.0	160.0	254.0	178.0	184.0	197.0	155.0	195.0	196.0	201.0	167.0	226.0	174.0	271.0	176.0	261.0	251.0	268.0	205.0	293.0	220.0	304.0	219.0	373.0	179.0	8
72.0	200.0	66.0	215.0	93.0	198.0	157.0	160.0	139.0	177.0	173.0	214.0	168.0	236.0	160.0	254.0	177.0	183.0	197.0	154.0	193.0	196.0	202.0	166.0	227.0	172.0	275.0	176.0	257.0	251.0	266.0	206.0	289.0	220.0	301.0	219.0	373.0	182.0	8
79.0	199.0	73.0	214.0	100.0	197.0	161.0	162.0	144.0	178.0	174.0	214.0	171.0	235.0	160.0	251.0	181.0	185.0	200.0	157.0	195.0	197.0	205.0	169.0	226.0	175.0	271.0	179.0	258.0	250.0	262.0	207.0	288.0	222.0	298.0	222.0	365.0	186.0	8
71.0	197.0	65.0	213.0	95.0	195.0	163.0	159.0	138.0	176.0	174.0	215.0	169.0	238.0	160.0	255.0	181.0	183.0	202.0	154.0	197.0	196.0	209.0	167.0	228.0	173.0	277.0	180.0	259.0	254.0	270.0	210.0	293.0	225.0	305.0	224.0	380.0	190.0	8
70.0	199.0	65.0	215.0	92.0	197.0	157.0	159.0	138.0	177.0	172.0	214.0	167.0	236.0	158.0	255.0	177.0	183.0	197.0	154.0	194.0	197.0	203.0	166.0	225.0	172.0	274.0	176.0	260.0	252.0	265.0	205.0	291.0	221.0	302.0	221.0	373.0	181.0	8
65.0	201.0	57.0	217.0	89.0	200.0	156.0	157.0	137.0	177.0	172.0	216.0	168.0	239.0	158.0	259.0	176.0	184.0	196.0	151.0	194.0	197.0	203.0	165.0	227.0	171.0	277.0	175.0	262.0	255.0	270.0	207.0	296.0	223.0	307.0	222.0	386.0	182.0	8
76.0	201.0	70.0	215.0	96.0	199.0	156.0	162.0	139.0	179.0	173.0	215.0	168.0	235.0	160.0	252.0	179.0	185.0	196.0	156.0	193.0	196.0	202.0	169.0	225.0	175.0	270.0	178.0	254.0	250.0	263.0	205.0	287.0	220.0	298.0	220.0	368.0	185.0	8
67.0	200.0	61.0	215.0	89.0	198.0	153.0	157.0	135.0	176.0	172.0	214.0	168.0	237.0	160.0	256.0	175.0	182.0	195.0	152.0	193.0	194.0	200.0	164.0	222.0	170.0	271.0	173.0	261.0	251.0	267.0	205.0	291.0	219.0	303.0	219.0	380.0	179.0	8
72.0	201.0	66.0	217.0	93.0	198.0	155.0	160.0	137.0	176.0	173.0	215.0	169.0	237.0	159.0	254.0	177.0	183.0	194.0	153.0	193.0	195.0	199.0	166.0	221.0	172.0	269.0	176.0	257.0	252.0	264.0	205.0	289.0	220.0	300.0	220.0	368.0	182.0	8
69.0	200.0	62.0	216.0	90.0	198.0	156.0	159.0	138.0	177.0	172.0	216.0	168.0	237.0	158.0	256.0	176.0	184.0	195.0	154.0	192.0	196.0	201.0	166.0	226.0	172.0	277.0	176.0	259.0	253.0	268.0	207.0	292.0	221.0	304.0	220.0	379.0	181.0	8
74.0	201.0	68.0	217.0	96.0	198.0	157.0	161.0	137.0	179.0	173.0	214.0	168.0	236.0	158.0	254.0	179.0	185.0	195.0	156.0	195.0	197.0	201.0	169.0	223.0	174.0	273.0	178.0	254.0	251.0	263.0	205.0	289.0	221.0	300.0	220.0	371.0	185.0	8
71.0	201.0	65.0	216.0	93.0	199.0	156.0	159.0	137.0	177.0	172.0	215.0	167.0	237.0	158.0	256.0	178.0	184.0	198.0	153.0	194.0	196.0	204.0	166.0	226.0	173.0	276.0	177.0	259.0	253.0	263.0	206.0	292.0	222.0	303.0	222.0	373.0	182.0	8
74.0	200.0	69.0	214.0	95.0	198.0	155.0	161.0	137.0	179.0	173.0	214.0	170.0	236.0	162.0	255.0	178.0	185.0	194.0	155.0	193.0	196.0	201.0	168.0	223.0	173.0	270.0	176.0	257.0	249.0	261.0	204.0	288.0	219.0	300.0	219.0	366.0	180.0	8
65.0	199.0	61.0	216.0	90.0	197.0	154.0	159.0	135.0	178.0	170.0	215.0	166.0	238.0	156.0	257.0	176.0	184.0	198.0	153.0	191.0	196.0	202.0	166.0	226.0	172.0	278.0	175.0	260.0	255.0	265.0	206.0	295.0	223.0	305.0	222.0	380.0	179.0	8
74.0	200.0	68.0	215.0	93.0	198.0	155.0	159.0	136.0	177.0	171.0	215.0	168.0	238.0	159.0	255.0	176.0	183.0	196.0	154.0	194.0	196.0	201.0	166.0	225.0	172.0	275.0	176.0	256.0	253.0	265.0	207.0	290.0	222.0	300.0	222.0	371.0	180.0	8
78.0	201.0	72.0	215.0	97.0	199.0	158.0	161.0	142.0	178.0	174.0	213.0	171.0	235.0	162.0	252.0	181.0	185.0	197.0	156.0	194.0	196.0	203.0	169.0	224.0	174.0	274.0	179.0	254.0	248.0	266.0	206.0	287.0	220.0	299.0	220.0	368.0	185.0	8
80.0	199.0	73.0	213.0	102.0	197.0	163.0	161.0	145.0	178.0	176.0	214.0	173.0	235.0	164.0	252.0	181.0	185.0	199.0	158.0	196.0	196.0	203.0	169.0	228.0	176.0	269.0	179.0	254.0	248.0	263.0	206.0	284.0	219.0	295.0	219.0	360.0	186.0	8
64.0	200.0	58.0	217.0	87.0	197.0	155.0	158.0	133.0	175.0	170.0	215.0	164.0	238.0	155.0	257.0	176.0	182.0	197.0	151.0	193.0	196.0	204.0	165.0	227.0	172.0	274.0	175.0	264.0	205.0	289.0	221.0	294.0	253.0	302.0	221.0	377.0	180.0	8
79.0	201.0	73.0	216.0	100.0	198.0	159.0	161.0	141.0	180.0	175.0	214.0	171.0	236.0	163.0	253.0	179.0	185.0	196.0	156.0	193.0	196.0	200.0	168.0	222.0	174.0	269.0	177.0	258.0	250.0	264.0	206.0	286.0	220.0	298.0	220.0	368.0	183.0	8
78.0	200.0	70.0	216.0	99.0	197.0	159.0	159.0	142.0	177.0	175.0	215.0	173.0	237.0	162.0	254.0	181.0	183.0	197.0	153.0	194.0	195.0	203.0	165.0	227.0	172.0	273.0	176.0	257.0	251.0	265.0	206.0	288.0	221.0	299.0	220.0	375.0	182.0	8
70.0	201.0	64.0	216.0	91.0	199.0	155.0	159.0	137.0	178.0	172.0	216.0	168.0	238.0	159.0	256.0	177.0	184.0	196.0	154.0	192.0	196.0	202.0	167.0	225.0	172.0	274.0	175.0	259.0	252.0	264.0	205.0	290.0	221.0	302.0	221.0	373.0	182.0	8
76.0	201.0	71.0	216.0	98.0	198.0	159.0	160.0	139.0	179.0	174.0	214.0	171.0	236.0	162.0	253.0	178.0	184.0	197.0	155.0	193.0	195.0	203.0	167.0	225.0	174.0	268.0	176.0	256.0	249.0	264.0	206.0	288.0	220.0	300.0	219.0	369.0	183.0	8
75.0	199.0	71.0	215.0	98.0	198.0	155.0	162.0	138.0	179.0	173.0	215.0	170.0	237.0	163.0	255.0	179.0	185.0	198.0	155.0	192.0	196.0	203.0	168.0	224.0	174.0	271.0	178.0	257.0	249.0	261.0	204.0	286.0	220.0	298.0	220.0	367.0	182.0	8
74.0	200.0	67.0	216.0	97.0	198.0	157.0	161.0	140.0	177.0	174.0	215.0	170.0	237.0	161.0	254.0	178.0	184.0	197.0	155.0	195.0	196.0	202.0	167.0	225.0	173.0	273.0	177.0	258.0	251.0	262.0	205.0	288.0	220.0	300.0	220.0	368.0	182.0	8
79.0	200.0	73.0	214.0	98.0	199.0	158.0	160.0	141.0	178.0	173.0	213.0	169.0	234.0	161.0	252.0	177.0	183.0	197.0	155.0	193.0	196.0	202.0	167.0	223.0	173.0	269.0	178.0	255.0	248.0	259.0	205.0	285.0	220.0	296.0	220.0	363.0	186.0	8
77.0	200.0	70.0	216.0	97.0	198.0	159.0	161.0	141.0	178.0	174.0	214.0	170.0	236.0	161.0	253.0	178.0	184.0	197.0	155.0	194.0	196.0	201.0	168.0	227.0	174.0	269.0	177.0	256.0	252.0	264.0	207.0	286.0	220.0	299.0	220.0	369.0	184.0	8
64.0	202.0	59.0	219.0	87.0	199.0	151.0	157.0	130.0	176.0	169.0	216.0	164.0	240.0	155.0	259.0	174.0	182.0	195.0	150.0	190.0	194.0	200.0	164.0	221.0	170.0	272.0	174.0	262.0	255.0	267.0	207.0	294.0	221.0	307.0	221.0	380.0	182.0	8
63.0	201.0	57.0	217.0	88.0	198.0	150.0	156.0	131.0	176.0	168.0	216.0	165.0	239.0	154.0	259.0	175.0	183.0	192.0	150.0	189.0	195.0	200.0	164.0	224.0	170.0	272.0	174.0	259.0	254.0	266.0	206.0	290.0	221.0	304.0	220.0	376.0	182.0	8
73.0	201.0	67.0	216.0	94.0	199.0	155.0	160.0	136.0	177.0	171.0	213.0	169.0	236.0	160.0	255.0	176.0	183.0	196.0	154.0	190.0	193.0	200.0	166.0	223.0	172.0	268.0	175.0	257.0	249.0	264.0	205.0	288.0	219.0	300.0	218.0	369.0	185.0	8
84.0	201.0	77.0	215.0	102.0	199.0	161.0	164.0	144.0	180.0	174.0	214.0	172.0	235.0	164.0	251.0	179.0	186.0	199.0	159.0	193.0	197.0	202.0	170.0	223.0	176.0	266.0	179.0	254.0	247.0	259.0	206.0	283.0	220.0	294.0	220.0	360.0	184.0	8
76.0	200.0	70.0	214.0	96.0	198.0	157.0	161.0	140.0	178.0	175.0	214.0	172.0	234.0	163.0	252.0	179.0	184.0	196.0	155.0	195.0	195.0	200.0	167.0	223.0	173.0	269.0	176.0	256.0	250.0	263.0	206.0	285.0	220.0	296.0	219.0	368.0	183.0	8
70.0	199.0	64.0	214.0	94.0	197.0	156.0	159.0	137.0	177.0	173.0	215.0	169.0	237.0	160.0	255.0	178.0	183.0	198.0	153.0	194.0	195.0	204.0	166.0	225.0	172.0	274.0	175.0	257.0	252.0	263.0	204.0	289.0	220.0	302.0	220.0	372.0	180.0	8
73.0	199.0	67.0	213.0	98.0	197.0	159.0	164.0	139.0	179.0	173.0	213.0	170.0	236.0	162.0	252.0	183.0	188.0	202.0	158.0	194.0	197.0	205.0	170.0	226.0	176.0	267.0	180.0	254.0	248.0	261.0	206.0	284.0	221.0	298.0	221.0	364.0	184.0	9
74.0	199.0	68.0	214.0	98.0	197.0	161.0	163.0	141.0	179.0	174.0	213.0	172.0	235.0	163.0	253.0	185.0	188.0	202.0	157.0	193.0	195.0	209.0	170.0	227.0	175.0	270.0	178.0	254.0	250.0	258.0	205.0	284.0	222.0	296.0	221.0	366.0	184.0	9
56.0	198.0	48.0	214.0	87.0	197.0	153.0	157.0	133.0	175.0	171.0	216.0	167.0	241.0	158.0	260.0	177.0	183.0	201.0	151.0	195.0	197.0	208.0	164.0	230.0	169.0	281.0	175.0	264.0	257.0	274.0	207.0	300.0	225.0	315.0	224.0	391.0	178.0	9
78.0	199.0	74.0	216.0	103.0	197.0	161.0	164.0	144.0	179.0	176.0	213.0	173.0	236.0	163.0	252.0	183.0	187.0	201.0	157.0	195.0	197.0	206.0	170.0	226.0	176.0	264.0	179.0	250.0	249.0	261.0	207.0	282.0	221.0	295.0	222.0	360.0	183.0	9
71.0	197.0	63.0	213.0	96.0	197.0	160.0	161.0	141.0	177.0	175.0	214.0	172.0	237.0	163.0	255.0	184.0	186.0	206.0	155.0	195.0	195.0	209.0	167.0	230.0	172.0	273.0	177.0	261.0	252.0	268.0	206.0	293.0	222.0	307.0	221.0	377.0	181.0	9
73.0	200.0	67.0	216.0	99.0	198.0	159.0	164.0	141.0	179.0	177.0	214.0	174.0	236.0	165.0	255.0	182.0	187.0	201.0	157.0	195.0	197.0	204.0	170.0	227.0	175.0	270.0	179.0	258.0	249.0	262.0	204.0	288.0	221.0	299.0	221.0	370.0	186.0	9
40.0	210.0	60.0	215.0	67.0	199.0	157.0	159.0	138.0	176.0	172.0	238.0	176.0	214.0	160.0	256.0	93.0	196.0	205.0	153.0	190.0	190.0	210.0	167.0	231.0	172.0	280.0	176.0	264.0	256.0	272.0	208.0	298.0	224.0	311.0	225.0	388.0	185.0	9
79.0	200.0	72.0	214.0	102.0	197.0	161.0	164.0	141.0	180.0	175.0	212.0	171.0	233.0	161.0	250.0	182.0	186.0	200.0	158.0	195.0	196.0	207.0	170.0	226.0	176.0	274.0	180.0	253.0	248.0	259.0	204.0	284.0	221.0	296.0	220.0	366.0	186.0	9
82.0	199.0	74.0	214.0	103.0	197.0	161.0	165.0	144.0	180.0	177.0	213.0	175.0	234.0	165.0	251.0	185.0	188.0	203.0	159.0	195.0	196.0	208.0	171.0	226.0	176.0	270.0	178.0	253.0	250.0	263.0	206.0	284.0	220.0	296.0	220.0	362.0	182.0	9
72.0	193.0	52.0	206.0	68.0	211.0	162.0	157.0	142.0	173.0	173.0	235.0	157.0	235.0	165.0	253.0	97.0	192.0	189.0	181.0	183.0	211.0	204.0	197.0	213.0	157.0	237.0	170.0	275.0	205.0	272.0	251.0	280.0	175.0	299.0	219.0	381.0	184.0	9
77.0	201.0	70.0	216.0	98.0	199.0	160.0	164.0	139.0	179.0	177.0	215.0	175.0	236.0	166.0	255.0	185.0	187.0	202.0	156.0	198.0	197.0	206.0	168.0	227.0	174.0	272.0	177.0	257.0	250.0	265.0	206.0	288.0	220.0	301.0	219.0	375.0	185.0	9
77.0	200.0	73.0	215.0	103.0	197.0	161.0	163.0	142.0	179.0	176.0	214.0	173.0	235.0	164.0	252.0	183.0	187.0	199.0	157.0	195.0	197.0	204.0	169.0	224.0	174.0	265.0	178.0	254.0	249.0	263.0	206.0	284.0	219.0	296.0	218.0	366.0	186.0	9
79.0	201.0	73.0	216.0	106.0	197.0	162.0	164.0	144.0	180.0	177.0	214.0	174.0	235.0	166.0	251.0	179.0	186.0	198.0	158.0	195.0	196.0	202.0	169.0	224.0	175.0	262.0	177.0	255.0	247.0	259.0	204.0	283.0	220.0	295.0	219.0	362.0	184.0	9
76.0	199.0	73.0	215.0	102.0	196.0	161.0	164.0	144.0	178.0	175.0	214.0	172.0	235.0	161.0	252.0	184.0	187.0	200.0	157.0	196.0	197.0	205.0	170.0	225.0	176.0	263.0	179.0	250.0	249.0	259.0	206.0	282.0	221.0	295.0	221.0	362.0	181.0	9
67.0	203.0	62.0	220.0	95.0	200.0	156.0	163.0	117.0	165.0	171.0	237.0	175.0	214.0	162.0	257.0	140.0	179.0	200.0	162.0	181.0	187.0	196.0	197.0	227.0	174.0	267.0	176.0	259.0	250.0	266.0	205.0	294.0	218.0	362.0	233.0	376.0	178.0	9
74.0	199.0	67.0	214.0	98.0	197.0	157.0	165.0	139.0	180.0	176.0	215.0	173.0	235.0	163.0	252.0	180.0	187.0	200.0	158.0	196.0	199.0	204.0	170.0	225.0	175.0	266.0	178.0	256.0	249.0	266.0	208.0	285.0	220.0	297.0	220.0	368.0	182.0	9
79.0	200.0	73.0	215.0	102.0	197.0	161.0	165.0	143.0	179.0	174.0	212.0	171.0	233.0	162.0	251.0	180.0	187.0	200.0	159.0	194.0	196.0	204.0	171.0	225.0	177.0	264.0	179.0	254.0	248.0	263.0	206.0	284.0	219.0	295.0	219.0	362.0	185.0	9
79.0	198.0	74.0	215.0	102.0	197.0	160.0	163.0	144.0	178.0	175.0	214.0	171.0	234.0	162.0	251.0	183.0	186.0	202.0	157.0	197.0	197.0	207.0	170.0	230.0	176.0	267.0	179.0	254.0	250.0	262.0	207.0	285.0	222.0	298.0	222.0	360.0	180.0	9
95.0	164.0	78.0	165.0	115.0	220.0	132.0	127.0	160.0	132.0	199.0	230.0	175.0	224.0	192.0	364.0	128.0	185.0	213.0	194.0	207.0	246.0	231.0	207.0	241.0	144.0	254.0	122.0	238.0	172.0	262.0	236.0	286.0	214.0	339.0	192.0	373.0	188.0	9
68.0	198.0	62.0	215.0	94.0	196.0	156.0	162.0	138.0	178.0	176.0	215.0	171.0	237.0	161.0	256.0	181.0	186.0	202.0	157.0	196.0	198.0	207.0	169.0	228.0	174.0	267.0	177.0	260.0	251.0	265.0	206.0	292.0	221.0	303.0	220.0	370.0	178.0	9
81.0	199.0	75.0	215.0	102.0	197.0	160.0	163.0	140.0	180.0	175.0	213.0	170.0	235.0	160.0	252.0	181.0	186.0	201.0	157.0	195.0	198.0	204.0	170.0	225.0	175.0	267.0	178.0	253.0	251.0	260.0	207.0	283.0	221.0	298.0	222.0	369.0	184.0	9
84.0	200.0	78.0	215.0	107.0	198.0	162.0	166.0	143.0	180.0	176.0	212.0	174.0	233.0	165.0	250.0	182.0	187.0	200.0	160.0	195.0	197.0	203.0	171.0	222.0	176.0	260.0	179.0	250.0	247.0	258.0	205.0	280.0	220.0	291.0	219.0	357.0	186.0	9
80.0	199.0	74.0	214.0	103.0	198.0	163.0	164.0	143.0	179.0	178.0	213.0	174.0	234.0	165.0	252.0	181.0	186.0	202.0	158.0	196.0	197.0	206.0	170.0	225.0	175.0	267.0	179.0	254.0	247.0	261.0	205.0	283.0	220.0	294.0	219.0	358.0	183.0	9
75.0	199.0	68.0	215.0	97.0	197.0	157.0	162.0	140.0	178.0	174.0	214.0	171.0	234.0	161.0	252.0	186.0	188.0	202.0	156.0	193.0	196.0	207.0	170.0	227.0	175.0	273.0	179.0	255.0	251.0	260.0	205.0	284.0	222.0	296.0	221.0	362.0	185.0	9
77.0	199.0	73.0	216.0	103.0	197.0	160.0	162.0	144.0	177.0	176.0	213.0	174.0	235.0	163.0	252.0	184.0	186.0	199.0	155.0	196.0	196.0	205.0	169.0	225.0	174.0	265.0	177.0	256.0	247.0	262.0	206.0	284.0	220.0	297.0	220.0	362.0	178.0	9
70.0	200.0	63.0	217.0	92.0	198.0	158.0	161.0	140.0	177.0	175.0	215.0	171.0	238.0	163.0	256.0	184.0	186.0	202.0	154.0	194.0	195.0	208.0	168.0	230.0	174.0	272.0	179.0	254.0	250.0	263.0	206.0	285.0	222.0	298.0	222.0	371.0	187.0	9
76.0	200.0	70.0	216.0	103.0	198.0	161.0	163.0	143.0	180.0	176.0	214.0	173.0	235.0	164.0	253.0	182.0	186.0	199.0	156.0	195.0	195.0	203.0	168.0	225.0	174.0	265.0	178.0	258.0	248.0	261.0	204.0	288.0	220.0	300.0	220.0	367.0	184.0	9
68.0	197.0	60.0	213.0	94.0	196.0	157.0	160.0	138.0	177.0	172.0	213.0	170.0	236.0	160.0	255.0	183.0	187.0	199.0	155.0	193.0	195.0	206.0	169.0	229.0	174.0	271.0	176.0	259.0	253.0	267.0	207.0	293.0	221.0	306.0	221.0	378.0	180.0	9
67.0	200.0	60.0	215.0	91.0	197.0	157.0	161.0	140.0	178.0	172.0	214.0	167.0	236.0	158.0	253.0	183.0	186.0	202.0	155.0	197.0	197.0	207.0	168.0	229.0	174.0	276.0	178.0	259.0	251.0	264.0	205.0	290.0	221.0	303.0	220.0	376.0	184.0	9
67.0	198.0	59.0	213.0	91.0	197.0	155.0	161.0	136.0	177.0	172.0	215.0	169.0	238.0	159.0	255.0	181.0	186.0	201.0	156.0	194.0	196.0	206.0	168.0	225.0	172.0	270.0	177.0	255.0	253.0	266.0	206.0	291.0	223.0	305.0	223.0	372.0	179.0	9
81.0	199.0	75.0	213.0	104.0	197.0	161.0	164.0	142.0	180.0	176.0	212.0	173.0	234.0	164.0	250.0	183.0	187.0	202.0	159.0	196.0	197.0	208.0	172.0	227.0	176.0	265.0	180.0	251.0	247.0	255.0	204.0	280.0	221.0	291.0	220.0	358.0	186.0	9
78.0	198.0	74.0	214.0	104.0	196.0	160.0	164.0	144.0	179.0	174.0	213.0	171.0	233.0	162.0	250.0	184.0	187.0	202.0	159.0	195.0	197.0	207.0	171.0	229.0	177.0	267.0	180.0	254.0	249.0	263.0	207.0	284.0	221.0	298.0	221.0	359.0	181.0	9
75.0	198.0	71.0	215.0	100.0	197.0	162.0	163.0	142.0	178.0	176.0	215.0	173.0	236.0	163.0	253.0	185.0	188.0	201.0	156.0	195.0	198.0	206.0	170.0	225.0	174.0	265.0	178.0	253.0	251.0	262.0	207.0	287.0	222.0	298.0	221.0	364.0	181.0	9
79.0	200.0	75.0	215.0	104.0	197.0	161.0	165.0	142.0	180.0	176.0	212.0	173.0	233.0	162.0	250.0	182.0	186.0	200.0	158.0	195.0	196.0	206.0	171.0	225.0	176.0	271.0	179.0	254.0	247.0	260.0	205.0	283.0	220.0	295.0	220.0	365.0	185.0	9
77.0	200.0	71.0	216.0	100.0	197.0	162.0	162.0	142.0	179.0	175.0	213.0	170.0	234.0	162.0	251.0	180.0	185.0	201.0	156.0	196.0	198.0	205.0	168.0	224.0	173.0	266.0	177.0	251.0	248.0	262.0	207.0	283.0	222.0	298.0	221.0	365.0	183.0	9
73.0	198.0	65.0	215.0	97.0	197.0	160.0	160.0	139.0	177.0	176.0	215.0	172.0	237.0	163.0	254.0	184.0	186.0	205.0	156.0	197.0	196.0	209.0	168.0	228.0	173.0	271.0	177.0	258.0	252.0	267.0	207.0	291.0	223.0	304.0	222.0	372.0	182.0	9
75.0	198.0	69.0	213.0	101.0	196.0	160.0	163.0	142.0	179.0	174.0	213.0	172.0	235.0	162.0	252.0	182.0	188.0	201.0	158.0	192.0	196.0	205.0	171.0	226.0	176.0	268.0	178.0	255.0	249.0	265.0	207.0	287.0	221.0	300.0	220.0	367.0	183.0	9
77.0	199.0	69.0	214.0	101.0	197.0	160.0	163.0	141.0	180.0	176.0	212.0	174.0	234.0	165.0	251.0	183.0	187.0	200.0	158.0	196.0	197.0	206.0	171.0	227.0	176.0	268.0	179.0	254.0	247.0	261.0	205.0	284.0	220.0	296.0	220.0	362.0	183.0	9
72.0	199.0	67.0	216.0	100.0	197.0	160.0	162.0	140.0	179.0	174.0	215.0	173.0	237.0	164.0	254.0	180.0	186.0	199.0	155.0	196.0	197.0	203.0	168.0	224.0	174.0	270.0	177.0	255.0	251.0	265.0	208.0	284.0	222.0	298.0	222.0	366.0	180.0	9
76.0	200.0	73.0	217.0	101.0	196.0	160.0	163.0	144.0	179.0	176.0	214.0	172.0	236.0	162.0	252.0	183.0	188.0	200.0	157.0	196.0	198.0	206.0	170.0	224.0	175.0	263.0	178.0	253.0	250.0	263.0	208.0	284.0	222.0	297.0	222.0	363.0	181.0	9
67.0	201.0	63.0	217.0	97.0	196.0	155.0	162.0	137.0	179.0	176.0	214.0	173.0	236.0	164.0	256.0	183.0	185.0	199.0	155.0	198.0	196.0	207.0	169.0	228.0	174.0	270.0	176.0	260.0	250.0	268.0	205.0	292.0	221.0	304.0	221.0	371.0	182.0	9
42.0	209.0	61.0	214.0	67.0	197.0	159.0	160.0	141.0	177.0	177.0	239.0	181.0	216.0	164.0	258.0	96.0	196.0	184.0	185.0	202.0	198.0	208.0	154.0	213.0	167.0	234.0	173.0	272.0	206.0	268.0	255.0	277.0	176.0	307.0	222.0	384.0	178.0	9
61.0	200.0	56.0	217.0	91.0	198.0	155.0	160.0	137.0	177.0	170.0	217.0	167.0	240.0	157.0	259.0	180.0	186.0	201.0	153.0	193.0	196.0	206.0	167.0	227.0	172.0	277.0	177.0	261.0	257.0	266.0	207.0	293.0	225.0	310.0	225.0	387.0	184.0	9
74.0	199.0	66.0	214.0	98.0	198.0	158.0	163.0	141.0	179.0	174.0	214.0	171.0	235.0	161.0	253.0	183.0	187.0	201.0	157.0	195.0	196.0	207.0	170.0	228.0	175.0	269.0	179.0	254.0	249.0	264.0	207.0	285.0	221.0	297.0	220.0	367.0	185.0	9
77.0	199.0	72.0	214.0	102.0	197.0	160.0	164.0	143.0	180.0	174.0	214.0	170.0	235.0	160.0	251.0	183.0	186.0	202.0	157.0	195.0	197.0	206.0	170.0	225.0	175.0	267.0	179.0	255.0	250.0	260.0	206.0	283.0	222.0	297.0	221.0	364.0	183.0	9
53.0	197.0	47.0	215.0	79.0	195.0	147.0	159.0	124.0	177.0	169.0	216.0	165.0	239.0	154.0	260.0	176.0	187.0	196.0	153.0	190.0	198.0	202.0	167.0	221.0	171.0	266.0	175.0	264.0	258.0	265.0	206.0	290.0	221.0	305.0	220.0	382.0	177.0	9
75.0	199.0	70.0	216.0	97.0	196.0	162.0	162.0	141.0	177.0	176.0	214.0	172.0	236.0	163.0	253.0	184.0	186.0	200.0	156.0	196.0	196.0	205.0	168.0	225.0	173.0	268.0	176.0	258.0	251.0	262.0	205.0	288.0	222.0	299.0	221.0	367.0	183.0	9
80.0	199.0	73.0	215.0	103.0	197.0	160.0	164.0	142.0	179.0	175.0	213.0	173.0	235.0	163.0	252.0	181.0	186.0	201.0	157.0	195.0	197.0	205.0	170.0	225.0	175.0	265.0	178.0	253.0	249.0	261.0	205.0	285.0	220.0	297.0	220.0	366.0	184.0	9
70.0	198.0	61.0	212.0	94.0	196.0	157.0	164.0	138.0	179.0	172.0	215.0	168.0	237.0	158.0	253.0	181.0	188.0	203.0	165.0	195.0	198.0	221.0	175.0	251.0	251.0	285.0	163.0	260.0	210.0	266.0	182.0	283.0	224.0	296.0	225.0	362.0	188.0	9
73.0	200.0	67.0	216.0	94.0	198.0	159.0	162.0	141.0	178.0	175.0	215.0	172.0	237.0	164.0	254.0	184.0	186.0	201.0	155.0	194.0	195.0	207.0	168.0	228.0	174.0	269.0	179.0	254.0	248.0	261.0	206.0	284.0	221.0	297.0	220.0	367.0	186.0	9
72.0	199.0	67.0	216.0	96.0	197.0	160.0	162.0	142.0	178.0	176.0	214.0	171.0	237.0	162.0	255.0	183.0	186.0	201.0	155.0	196.0	197.0	206.0	168.0	226.0	173.0	269.0	177.0	258.0	250.0	261.0	204.0	288.0	222.0	299.0	222.0	368.0	185.0	9
70.0	198.0	61.0	215.0	90.0	196.0	155.0	161.0	136.0	177.0	173.0	215.0	169.0	236.0	161.0	255.0	180.0	185.0	200.0	155.0	194.0	195.0	203.0	167.0	225.0	172.0	271.0	176.0	259.0	250.0	267.0	205.0	293.0	221.0	306.0	221.0	379.0	183.0	9
72.0	200.0	66.0	217.0	98.0	198.0	159.0	164.0	141.0	179.0	176.0	214.0	174.0	235.0	164.0	252.0	183.0	187.0	201.0	157.0	196.0	197.0	204.0	169.0	227.0	175.0	267.0	177.0	260.0	249.0	264.0	204.0	289.0	220.0	301.0	220.0	366.0	183.0	9
73.0	199.0	67.0	214.0	97.0	196.0	159.0	162.0	142.0	177.0	175.0	213.0	171.0	235.0	163.0	253.0	185.0	186.0	202.0	155.0	196.0	196.0	206.0	168.0	227.0	173.0	268.0	178.0	253.0	250.0	262.0	205.0	285.0	220.0	298.0	221.0	371.0	186.0	9
67.0	199.0	61.0	215.0	91.0	197.0	157.0	160.0	136.0	177.0	171.0	215.0	167.0	238.0	158.0	254.0	179.0	184.0	203.0	154.0	196.0	197.0	208.0	166.0	228.0	172.0	276.0	177.0	255.0	254.0	265.0	208.0	289.0	224.0	304.0	225.0	376.0	182.0	9
65.0	198.0	58.0	213.0	91.0	198.0	156.0	160.0	136.0	176.0	172.0	215.0	168.0	238.0	159.0	256.0	178.0	185.0	201.0	154.0	194.0	196.0	206.0	167.0	226.0	172.0	277.0	177.0	258.0	253.0	267.0	207.0	292.0	222.0	306.0	223.0	377.0	180.0	9
74.0	200.0	68.0	215.0	97.0	198.0	159.0	162.0	138.0	179.0	173.0	213.0	169.0	235.0	161.0	252.0	178.0	186.0	199.0	155.0	194.0	197.0	203.0	168.0	221.0	173.0	265.0	177.0	251.0	249.0	260.0	206.0	283.0	221.0	297.0	218.0	362.0	180.0	9
73.0	200.0	67.0	215.0	95.0	197.0	157.0	162.0	136.0	179.0	171.0	214.0	167.0	235.0	159.0	253.0	180.0	186.0	198.0	155.0	192.0	196.0	203.0	167.0	223.0	172.0	269.0	176.0	256.0	251.0	264.0	207.0	287.0	222.0	299.0	222.0	371.0	183.0	9
65.0	199.0	58.0	216.0	94.0	196.0	155.0	159.0	136.0	176.0	171.0	214.0	165.0	237.0	157.0	257.0	181.0	185.0	201.0	152.0	197.0	197.0	205.0	166.0	227.0	172.0	270.0	175.0	260.0	253.0	269.0	208.0	292.0	222.0	306.0	222.0	375.0	181.0	9
80.0	198.0	76.0	214.0	105.0	196.0	160.0	164.0	145.0	179.0	174.0	212.0	171.0	232.0	163.0	249.0	184.0	187.0	201.0	159.0	195.0	196.0	206.0	171.0	227.0	177.0	265.0	179.0	252.0	247.0	261.0	206.0	282.0	220.0	295.0	220.0	356.0	180.0	9
66.0	203.0	60.0	220.0	95.0	201.0	159.0	162.0	117.0	165.0	173.0	238.0	178.0	215.0	164.0	259.0	141.0	180.0	200.0	155.0	184.0	187.0	200.0	198.0	206.0	168.0	231.0	174.0	264.0	253.0	273.0	176.0	272.0	207.0	301.0	221.0	386.0	179.0	9
69.0	199.0	63.0	215.0	94.0	197.0	159.0	161.0	140.0	177.0	172.0	214.0	167.0	235.0	159.0	253.0	180.0	185.0	200.0	154.0	195.0	197.0	206.0	168.0	227.0	174.0	266.0	176.0	257.0	250.0	265.0	208.0	288.0	222.0	302.0	222.0	372.0	178.0	9
77.0	198.0	72.0	213.0	102.0	196.0	161.0	162.0	143.0	179.0	173.0	213.0	170.0	233.0	161.0	250.0	183.0	186.0	201.0	157.0	195.0	196.0	206.0	169.0	224.0	174.0	266.0	178.0	254.0	249.0	259.0	205.0	283.0	220.0	296.0	220.0	362.0	182.0	9
78.0	198.0	75.0	215.0	103.0	196.0	161.0	163.0	144.0	178.0	175.0	212.0	173.0	234.0	163.0	250.0	183.0	186.0	200.0	158.0	195.0	197.0	205.0	170.0	225.0	176.0	262.0	179.0	248.0	247.0	259.0	207.0	280.0	220.0	292.0	221.0	357.0	183.0	9
79.0	198.0	71.0	214.0	100.0	197.0	158.0	163.0	141.0	179.0	176.0	213.0	173.0	234.0	163.0	251.0	183.0	188.0	200.0	158.0	194.0	196.0	207.0	170.0	225.0	174.0	270.0	177.0	253.0	249.0	262.0	206.0	283.0	219.0	296.0	220.0	363.0	181.0	9
66.0	199.0	58.0	214.0	90.0	198.0	154.0	160.0	135.0	178.0	170.0	215.0	167.0	238.0	158.0	255.0	179.0	187.0	197.0	154.0	192.0	196.0	204.0	168.0	223.0	172.0	267.0	176.0	254.0	252.0	264.0	207.0	289.0	222.0	303.0	222.0	370.0	178.0	9
78.0	199.0	74.0	214.0	104.0	196.0	160.0	163.0	144.0	179.0	174.0	212.0	171.0	232.0	162.0	249.0	183.0	187.0	200.0	159.0	195.0	196.0	206.0	171.0	228.0	177.0	266.0	179.0	253.0	248.0	262.0	206.0	283.0	220.0	297.0	220.0	358.0	180.0	9
76.0	199.0	72.0	215.0	100.0	197.0	159.0	162.0	142.0	178.0	174.0	214.0	170.0	235.0	161.0	251.0	182.0	186.0	201.0	156.0	197.0	197.0	207.0	170.0	229.0	175.0	267.0	179.0	254.0	250.0	262.0	207.0	285.0	222.0	298.0	221.0	361.0	179.0	9
68.0	197.0	60.0	215.0	95.0	196.0	159.0	157.0	136.0	176.0	171.0	214.0	166.0	235.0	155.0	255.0	179.0	184.0	197.0	152.0	195.0	195.0	207.0	166.0	228.0	171.0	275.0	174.0	256.0	254.0	270.0	209.0	292.0	223.0	304.0	223.0	374.0	179.0	9
69.0	198.0	63.0	215.0	93.0	195.0	156.0	160.0	135.0	176.0	170.0	213.0	167.0	235.0	158.0	254.0	178.0	184.0	196.0	153.0	192.0	195.0	202.0	167.0	224.0	172.0	266.0	176.0	254.0	251.0	262.0	204.0	288.0	221.0	300.0	221.0	374.0	181.0	9
76.0	199.0	69.0	215.0	100.0	196.0	159.0	162.0	139.0	177.0	173.0	212.0	171.0	234.0	162.0	251.0	180.0	185.0	198.0	155.0	194.0	194.0	203.0	167.0	222.0	172.0	263.0	176.0	253.0	248.0	262.0	204.0	285.0	219.0	296.0	218.0	367.0	182.0	9
80.0	197.0	74.0	213.0	106.0	196.0	165.0	163.0	143.0	179.0	176.0	213.0	170.0	234.0	162.0	252.0	181.0	186.0	203.0	157.0	196.0	197.0	208.0	170.0	230.0	176.0	271.0	180.0	256.0	249.0	265.0	209.0	285.0	223.0	296.0	223.0	362.0	186.0	9
72.0	200.0	67.0	216.0	96.0	197.0	158.0	162.0	140.0	177.0	174.0	213.0	170.0	235.0	163.0	253.0	184.0	186.0	199.0	156.0	194.0	195.0	204.0	168.0	225.0	173.0	266.0	178.0	252.0	249.0	261.0	205.0	284.0	219.0	297.0	220.0	370.0	185.0	9
67.0	201.0	62.0	217.0	95.0	198.0	157.0	163.0	139.0	179.0	174.0	214.0	172.0	235.0	162.0	252.0	181.0	186.0	199.0	156.0	195.0	196.0	203.0	168.0	226.0	173.0	266.0	176.0	260.0	250.0	264.0	205.0	289.0	220.0	301.0	220.0	368.0	182.0	9
64.0	201.0	59.0	218.0	91.0	198.0	154.0	158.0	134.0	178.0	173.0	214.0	169.0	237.0	159.0	255.0	182.0	186.0	199.0	153.0	191.0	195.0	206.0	167.0	226.0	172.0	275.0	175.0	260.0	253.0	267.0	206.0	293.0	222.0	306.0	222.0	381.0	182.0	9
71.0	199.0	62.0	214.0	95.0	196.0	161.0	160.0	139.0	178.0	175.0	213.0	171.0	235.0	161.0	252.0	183.0	186.0	200.0	156.0	197.0	196.0	207.0	168.0	224.0	172.0	268.0	177.0	255.0	248.0	264.0	206.0	287.0	220.0	301.0	220.0	367.0	181.0	9
68.0	196.0	62.0	213.0	95.0	195.0	156.0	161.0	137.0	177.0	175.0	214.0	170.0	236.0	160.0	254.0	180.0	185.0	199.0	155.0	195.0	197.0	206.0	168.0	226.0	173.0	266.0	176.0	258.0	250.0	264.0	205.0	290.0	220.0	301.0	219.0	368.0	177.0	9
76.0	198.0	70.0	213.0	99.0	195.0	160.0	162.0	141.0	177.0	173.0	211.0	169.0	233.0	161.0	250.0	179.0	185.0	199.0	157.0	193.0	195.0	203.0	169.0	224.0	175.0	264.0	178.0	253.0	247.0	263.0	206.0	283.0	219.0	294.0	218.0	365.0	184.0	9
71.0	199.0	66.0	216.0	97.0	196.0	159.0	161.0	139.0	178.0	172.0	214.0	168.0	236.0	159.0	254.0	182.0	186.0	200.0	154.0	194.0	196.0	205.0	167.0	229.0	174.0	272.0	177.0	258.0	252.0	263.0	207.0	288.0	223.0	299.0	222.0	369.0	181.0	9
70.0	201.0	68.0	218.0	94.0	198.0	155.0	162.0	134.0	179.0	173.0	215.0	168.0	236.0	162.0	255.0	181.0	184.0	201.0	155.0	190.0	207.0	196.0	194.0	206.0	167.0	227.0	172.0	264.0	207.0	263.0	245.0	268.0	176.0	292.0	218.0	366.0	180.0	9
75.0	199.0	68.0	214.0	100.0	197.0	159.0	161.0	140.0	179.0	175.0	212.0	172.0	233.0	165.0	251.0	181.0	187.0	198.0	158.0	195.0	197.0	205.0	171.0	226.0	176.0	267.0	179.0	252.0	247.0	260.0	205.0	283.0	219.0	294.0	219.0	360.0	183.0	9
69.0	202.0	63.0	218.0	96.0	198.0	155.0	159.0	135.0	179.0	175.0	214.0	172.0	235.0	161.0	255.0	183.0	185.0	194.0	152.0	195.0	195.0	205.0	166.0	226.0	171.0	268.0	172.0	259.0	250.0	266.0	205.0	291.0	220.0	305.0	219.0	374.0	179.0	9
67.0	202.0	61.0	219.0	96.0	200.0	159.0	162.0	119.0	165.0	173.0	237.0	177.0	215.0	163.0	258.0	141.0	179.0	200.0	155.0	184.0	187.0	199.0	198.0	205.0	168.0	230.0	175.0	262.0	253.0	271.0	177.0	270.0	207.0	298.0	221.0	383.0	180.0	9
74.0	198.0	67.0	214.0	103.0	196.0	161.0	162.0	139.0	179.0	173.0	213.0	167.0	234.0	159.0	251.0	182.0	186.0	202.0	156.0	193.0	196.0	207.0	169.0	227.0	174.0	270.0	178.0	253.0	249.0	262.0	206.0	283.0	221.0	297.0	221.0	365.0	184.0	9
68.0	200.0	61.0	216.0	90.0	197.0	156.0	160.0	138.0	175.0	173.0	214.0	170.0	237.0	162.0	255.0	183.0	185.0	201.0	153.0	194.0	194.0	208.0	166.0	229.0	172.0	272.0	177.0	254.0	250.0	263.0	206.0	285.0	221.0	298.0	221.0	372.0	185.0	9
70.0	198.0	63.0	214.0	96.0	197.0	158.0	161.0	138.0	179.0	174.0	213.0	171.0	236.0	160.0	254.0	180.0	186.0	202.0	154.0	195.0	196.0	208.0	169.0	229.0	175.0	274.0	178.0	254.0	252.0	267.0	207.0	290.0	222.0	303.0	221.0	374.0	182.0	9
61.0	200.0	53.0	215.0	86.0	197.0	155.0	158.0	135.0	177.0	169.0	215.0	164.0	237.0	155.0	256.0	181.0	185.0	201.0	154.0	193.0	196.0	205.0	167.0	229.0	173.0	278.0	177.0	259.0	253.0	266.0	206.0	291.0	222.0	305.0	222.0	382.0	183.0	9
66.0	200.0	59.0	215.0	91.0	197.0	156.0	160.0	138.0	178.0	171.0	214.0	166.0	235.0	158.0	253.0	182.0	185.0	200.0	155.0	195.0	196.0	205.0	168.0	227.0	174.0	275.0	177.0	259.0	250.0	264.0	205.0	288.0	220.0	302.0	220.0	375.0	181.0	9
68.0	197.0	62.0	214.0	95.0	195.0	159.0	159.0	138.0	177.0	171.0	213.0	170.0	236.0	160.0	254.0	181.0	187.0	198.0	155.0	191.0	195.0	204.0	169.0	226.0	174.0	270.0	176.0	257.0	251.0	267.0	207.0	291.0	221.0	304.0	221.0	375.0	181.0	9
67.0	199.0	60.0	215.0	97.0	197.0	155.0	161.0	137.0	178.0	176.0	215.0	172.0	237.0	161.0	256.0	180.0	185.0	199.0	155.0	196.0	198.0	205.0	168.0	226.0	173.0	268.0	177.0	261.0	251.0	264.0	206.0	291.0	221.0	302.0	220.0	374.0	180.0	9
74.0	201.0	68.0	216.0	98.0	199.0	156.0	162.0	137.0	180.0	174.0	214.0	172.0	234.0	163.0	252.0	178.0	185.0	199.0	156.0	194.0	196.0	204.0	168.0	225.0	173.0	266.0	176.0	258.0	249.0	264.0	205.0	288.0	220.0	302.0	221.0	370.0	181.0	9
63.0	200.0	59.0	216.0	93.0	196.0	153.0	161.0	134.0	177.0	174.0	214.0	171.0	236.0	162.0	255.0	181.0	185.0	197.0	153.0	196.0	195.0	205.0	167.0	227.0	173.0	270.0	175.0	260.0	250.0	267.0	204.0	292.0	220.0	304.0	220.0	373.0	180.0	9
67.0	200.0	62.0	217.0	92.0	198.0	156.0	161.0	135.0	178.0	175.0	217.0	170.0	238.0	161.0	257.0	179.0	185.0	204.0	155.0	196.0	197.0	207.0	167.0	230.0	173.0	275.0	177.0	263.0	254.0	269.0	209.0	294.0	223.0	307.0	222.0	375.0	184.0	9
71.0	199.0	65.0	215.0	99.0	197.0	157.0	162.0	139.0	178.0	176.0	215.0	173.0	236.0	162.0	254.0	180.0	186.0	199.0	156.0	196.0	198.0	205.0	169.0	226.0	173.0	266.0	177.0	259.0	249.0	262.0	206.0	288.0	221.0	299.0	220.0	368.0	181.0	9
72.0	200.0	67.0	216.0	95.0	197.0	160.0	162.0	139.0	177.0	173.0	214.0	170.0	236.0	161.0	254.0	182.0	186.0	198.0	155.0	194.0	196.0	203.0	168.0	223.0	173.0	266.0	176.0	256.0	251.0	260.0	205.0	286.0	221.0	297.0	221.0	366.0	182.0	9
74.0	197.0	68.0	214.0	99.0	195.0	158.0	161.0	139.0	178.0	173.0	212.0	170.0	234.0	159.0	251.0	183.0	186.0	200.0	155.0	195.0	196.0	206.0	169.0	225.0	175.0	271.0	178.0	252.0	250.0	262.0	206.0	284.0	220.0	297.0	220.0	366.0	184.0	9
76.0	199.0	73.0	216.0	101.0	195.0	160.0	162.0	143.0	178.0	176.0	213.0	172.0	235.0	162.0	252.0	183.0	187.0	199.0	155.0	196.0	197.0	205.0	169.0	224.0	174.0	262.0	178.0	253.0	249.0	262.0	208.0	284.0	221.0	296.0	222.0	362.0	180.0	9
73.0	202.0	67.0	216.0	97.0	199.0	156.0	163.0	138.0	179.0	174.0	214.0	172.0	236.0	164.0	252.0	180.0	187.0	196.0	156.0	194.0	196.0	203.0	168.0	222.0	173.0	266.0	176.0	257.0	248.0	266.0	206.0	287.0	220.0	301.0	220.0	367.0	182.0	9
76.0	199.0	70.0	215.0	99.0	197.0	158.0	165.0	140.0	181.0	176.0	214.0	173.0	234.0	164.0	252.0	180.0	188.0	199.0	158.0	196.0	199.0	204.0	170.0	224.0	175.0	265.0	178.0	255.0	248.0	264.0	207.0	284.0	220.0	295.0	220.0	365.0	181.0	9
76.0	204.0	70.0	219.0	98.0	201.0	160.0	165.0	134.0	167.0	175.0	237.0	177.0	216.0	167.0	256.0	137.0	182.0	184.0	188.0	197.0	198.0	203.0	162.0	226.0	174.0	271.0	177.0	259.0	250.0	265.0	206.0	288.0	219.0	302.0	219.0	376.0	182.0	9
58.0	197.0	52.0	215.0	84.0	196.0	151.0	159.0	129.0	177.0	173.0	216.0	169.0	239.0	158.0	260.0	180.0	187.0	200.0	153.0	194.0	199.0	206.0	168.0	225.0	172.0	268.0	176.0	262.0	256.0	268.0	207.0	292.0	223.0	307.0	222.0	383.0	179.0	9
76.0	199.0	70.0	215.0	100.0	196.0	159.0	163.0	140.0	178.0	173.0	213.0	171.0	235.0	161.0	252.0	180.0	185.0	198.0	156.0	194.0	196.0	203.0	169.0	224.0	174.0	264.0	178.0	253.0	250.0	261.0	205.0	285.0	220.0	297.0	221.0	368.0	183.0	9
69.0	201.0	64.0	216.0	93.0	199.0	155.0	164.0	134.0	180.0	173.0	213.0	172.0	236.0	163.0	254.0	187.0	194.0	200.0	158.0	191.0	212.0	205.0	171.0	225.0	175.0	266.0	178.0	260.0	247.0	261.0	206.0	286.0	220.0	301.0	220.0	368.0	183.0	9
79.0	199.0	72.0	214.0	104.0	197.0	162.0	163.0	143.0	179.0	174.0	213.0	169.0	234.0	161.0	251.0	184.0	185.0	203.0	157.0	197.0	197.0	207.0	169.0	225.0	174.0	264.0	177.0	255.0	249.0	262.0	207.0	283.0	220.0	296.0	221.0	364.0	183.0	9
75.0	199.0	67.0	214.0	99.0	197.0	159.0	162.0	142.0	178.0	175.0	213.0	172.0	235.0	163.0	252.0	184.0	186.0	201.0	156.0	196.0	196.0	208.0	169.0	229.0	174.0	270.0	178.0	255.0	248.0	265.0	206.0	286.0	220.0	298.0	219.0	368.0	184.0	9
70.0	199.0	64.0	216.0	94.0	196.0	159.0	159.0	137.0	176.0	172.0	212.0	167.0	235.0	159.0	252.0	177.0	183.0	200.0	153.0	194.0	196.0	204.0	166.0	223.0	171.0	267.0	175.0	252.0	249.0	263.0	207.0	286.0	222.0	300.0	222.0	369.0	181.0	9
73.0	199.0	68.0	215.0	99.0	196.0	158.0	162.0	139.0	178.0	174.0	212.0	170.0	233.0	160.0	250.0	180.0	185.0	198.0	156.0	194.0	195.0	205.0	169.0	225.0	174.0	272.0	177.0	255.0	248.0	261.0	204.0	285.0	220.0	297.0	219.0	371.0	183.0	9
67.0	201.0	60.0	216.0	94.0	198.0	154.0	160.0	136.0	178.0	171.0	215.0	167.0	236.0	157.0	253.0	179.0	186.0	197.0	154.0	193.0	197.0	205.0	168.0	226.0	173.0	273.0	176.0	258.0	252.0	265.0	206.0	291.0	222.0	306.0	222.0	377.0	181.0	9
71.0	200.0	65.0	217.0	92.0	198.0	159.0	161.0	140.0	177.0	174.0	215.0	171.0	237.0	163.0	255.0	183.0	185.0	200.0	154.0	194.0	195.0	208.0	167.0	228.0	173.0	270.0	178.0	254.0	250.0	262.0	206.0	285.0	221.0	298.0	221.0	370.0	185.0	9
76.0	200.0	72.0	216.0	102.0	197.0	159.0	162.0	143.0	177.0	175.0	213.0	173.0	235.0	162.0	251.0	183.0	186.0	198.0	155.0	195.0	196.0	204.0	169.0	224.0	174.0	263.0	177.0	254.0	247.0	260.0	206.0	283.0	220.0	295.0	220.0	361.0	179.0	9
39.0	208.0	58.0	213.0	65.0	197.0	156.0	160.0	138.0	176.0	173.0	237.0	177.0	215.0	160.0	257.0	94.0	195.0	202.0	154.0	179.0	185.0	197.0	197.0	208.0	167.0	228.0	173.0	267.0	206.0	262.0	254.0	271.0	176.0	301.0	221.0	377.0	178.0	9
72.0	199.0	66.0	215.0	96.0	197.0	158.0	160.0	138.0	177.0	174.0	214.0	170.0	235.0	161.0	253.0	181.0	186.0	200.0	155.0	194.0	195.0	206.0	168.0	224.0	173.0	267.0	177.0	254.0	249.0	264.0	207.0	287.0	221.0	300.0	221.0	366.0	181.0	9
54.0	199.0	46.0	215.0	83.0	198.0	153.0	156.0	131.0	175.0	170.0	217.0	166.0	242.0	157.0	261.0	176.0	184.0	198.0	150.0	194.0	197.0	206.0	164.0	228.0	169.0	279.0	175.0	263.0	257.0	274.0	207.0	299.0	224.0	315.0	224.0	390.0	177.0	9
82.0	196.0	76.0	212.0	105.0	194.0	163.0	163.0	146.0	178.0	174.0	210.0	170.0	230.0	163.0	245.0	183.0	185.0	201.0	158.0	195.0	196.0	206.0	170.0	225.0	175.0	262.0	177.0	253.0	243.0	259.0	205.0	280.0	218.0	292.0	218.0	356.0	181.0	9
59.0	195.0	78.0	200.0	74.0	216.0	163.0	162.0	143.0	179.0	174.0	236.0	178.0	214.0	166.0	254.0	100.0	197.0	202.0	156.0	184.0	185.0	199.0	196.0	207.0	169.0	227.0	174.0	257.0	250.0	271.0	177.0	268.0	206.0	298.0	220.0	376.0	182.0	9
57.0	198.0	51.0	217.0	88.0	196.0	153.0	158.0	137.0	175.0	170.0	215.0	165.0	238.0	152.0	259.0	183.0	185.0	202.0	150.0	196.0	196.0	207.0	165.0	232.0	172.0	275.0	177.0	260.0	256.0	272.0	210.0	294.0	225.0	308.0	224.0	381.0	181.0	9
73.0	199.0	67.0	214.0	98.0	197.0	160.0	162.0	139.0	178.0	174.0	213.0	171.0	235.0	163.0	251.0	183.0	187.0	201.0	157.0	194.0	196.0	206.0	169.0	225.0	174.0	267.0	178.0	255.0	247.0	263.0	205.0	284.0	220.0	298.0	219.0	364.0	182.0	9
69.0	200.0	61.0	217.0	89.0	197.0	154.0	160.0	135.0	178.0	171.0	215.0	167.0	235.0	160.0	254.0	179.0	185.0	195.0	154.0	192.0	195.0	201.0	167.0	222.0	172.0	268.0	175.0	258.0	249.0	263.0	204.0	291.0	219.0	304.0	219.0	376.0	181.0	9
67.0	199.0	60.0	213.0	93.0	198.0	157.0	160.0	137.0	177.0	172.0	215.0	169.0	237.0	160.0	255.0	178.0	185.0	198.0	154.0	194.0	196.0	206.0	167.0	225.0	172.0	275.0	177.0	257.0	252.0	265.0	207.0	290.0	221.0	304.0	222.0	373.0	180.0	9
77.0	198.0	71.0	214.0	104.0	195.0	157.0	163.0	143.0	177.0	173.0	212.0	168.0	234.0	160.0	251.0	183.0	185.0	201.0	156.0	196.0	196.0	205.0	168.0	224.0	174.0	269.0	178.0	252.0	248.0	261.0	206.0	284.0	221.0	295.0	220.0	358.0	183.0	9
73.0	200.0	66.0	216.0	97.0	197.0	160.0	162.0	137.0	180.0	173.0	213.0	170.0	235.0	159.0	252.0	181.0	185.0	199.0	155.0	194.0	196.0	206.0	169.0	226.0	174.0	276.0	178.0	256.0	250.0	262.0	206.0	287.0	221.0	300.0	221.0	374.0	184.0	9
80.0	198.0	74.0	214.0	104.0	197.0	163.0	163.0	143.0	179.0	177.0	213.0	173.0	233.0	164.0	251.0	181.0	186.0	202.0	158.0	196.0	196.0	206.0	170.0	224.0	175.0	266.0	178.0	254.0	246.0	260.0	205.0	282.0	219.0	294.0	219.0	357.0	183.0	9
77.0	199.0	72.0	214.0	104.0	197.0	160.0	163.0	144.0	179.0	174.0	213.0	170.0	234.0	161.0	250.0	182.0	186.0	201.0	157.0	193.0	196.0	205.0	170.0	224.0	174.0	267.0	179.0	254.0	249.0	258.0	206.0	282.0	221.0	296.0	221.0	364.0	185.0	9
65.0	199.0	59.0	215.0	92.0	196.0	156.0	159.0	136.0	177.0	171.0	213.0	169.0	237.0	159.0	256.0	182.0	187.0	195.0	154.0	192.0	195.0	205.0	168.0	227.0	173.0	270.0	175.0	259.0	253.0	267.0	206.0	293.0	221.0	306.0	221.0	378.0	179.0	9
84.0	200.0	79.0	213.0	106.0	197.0	162.0	165.0	144.0	181.0	177.0	211.0	174.0	232.0	166.0	248.0	184.0	187.0	202.0	159.0	196.0	196.0	208.0	171.0	226.0	176.0	263.0	180.0	250.0	245.0	254.0	204.0	278.0	219.0	288.0	219.0	354.0	185.0	9
65.0	199.0	59.0	216.0	91.0	196.0	157.0	159.0	131.0	177.0	175.0	213.0	171.0	237.0	161.0	257.0	184.0	185.0	203.0	152.0	194.0	193.0	209.0	166.0	230.0	171.0	279.0	175.0	261.0	254.0	267.0	205.0	293.0	222.0	306.0	222.0	379.0	184.0	9
66.0	199.0	59.0	214.0	92.0	197.0	157.0	160.0	137.0	177.0	172.0	215.0	169.0	238.0	160.0	255.0	181.0	186.0	200.0	154.0	192.0	195.0	206.0	167.0	227.0	172.0	270.0	177.0	259.0	253.0	266.0	207.0	290.0	222.0	305.0	221.0	376.0	180.0	9
74.0	201.0	68.0	217.0	102.0	197.0	161.0	162.0	141.0	179.0	176.0	214.0	173.0	236.0	166.0	253.0	179.0	185.0	198.0	155.0	195.0	195.0	201.0	168.0	224.0	173.0	264.0	175.0	258.0	248.0	261.0	204.0	287.0	219.0	300.0	219.0	368.0	181.0	9
72.0	200.0	66.0	216.0	95.0	197.0	157.0	161.0	138.0	178.0	174.0	214.0	171.0	235.0	161.0	254.0	185.0	188.0	201.0	155.0	193.0	196.0	207.0	169.0	227.0	174.0	274.0	178.0	256.0	252.0	261.0	205.0	285.0	222.0	298.0	221.0	366.0	182.0	9
76.0	198.0	72.0	215.0	102.0	196.0	161.0	162.0	144.0	177.0	174.0	213.0	171.0	235.0	161.0	252.0	183.0	187.0	200.0	156.0	195.0	197.0	205.0	170.0	225.0	175.0	263.0	179.0	250.0	249.0	259.0	206.0	282.0	221.0	295.0	221.0	362.0	181.0	9
78.0	200.0	73.0	215.0	104.0	197.0	159.0	165.0	141.0	180.0	175.0	212.0	173.0	233.0	164.0	250.0	184.0	187.0	199.0	158.0	196.0	196.0	205.0	170.0	228.0	176.0	266.0	177.0	256.0	249.0	263.0	206.0	286.0	220.0	298.0	220.0	360.0	180.0	9
78.0	201.0	73.0	215.0	103.0	197.0	158.0	163.0	142.0	179.0	176.0	213.0	171.0	233.0	162.0	250.0	181.0	186.0	199.0	157.0	194.0	196.0	204.0	169.0	224.0	174.0	268.0	177.0	255.0	248.0	260.0	205.0	286.0	220.0	299.0	220.0	364.0	182.0	9
78.0	199.0	73.0	215.0	101.0	196.0	159.0	161.0	138.0	178.0	173.0	212.0	169.0	234.0	159.0	252.0	180.0	185.0	197.0	154.0	194.0	196.0	203.0	168.0	224.0	173.0	267.0	176.0	254.0	250.0	261.0	206.0	284.0	220.0	299.0	220.0	371.0	181.0	9
71.0	199.0	67.0	216.0	99.0	197.0	159.0	161.0	139.0	178.0	174.0	215.0	173.0	236.0	164.0	254.0	180.0	186.0	199.0	154.0	196.0	197.0	203.0	168.0	224.0	174.0	270.0	177.0	255.0	251.0	265.0	208.0	284.0	221.0	298.0	222.0	367.0	179.0	9
56.0	198.0	49.0	216.0	85.0	194.0	152.0	158.0	131.0	176.0	172.0	214.0	169.0	238.0	158.0	258.0	178.0	183.0	201.0	149.0	194.0	194.0	207.0	164.0	227.0	170.0	280.0	174.0	263.0	254.0	269.0	205.0	295.0	223.0	310.0	223.0	390.0	181.0	9
69.0	199.0	62.0	214.0	93.0	197.0	157.0	159.0	136.0	176.0	171.0	214.0	167.0	237.0	158.0	253.0	179.0	184.0	201.0	153.0	196.0	196.0	207.0	166.0	228.0	171.0	276.0	177.0	254.0	253.0	264.0	208.0	288.0	223.0	302.0	224.0	374.0	180.0	9
74.0	200.0	70.0	216.0	100.0	197.0	160.0	162.0	140.0	179.0	175.0	214.0	171.0	235.0	163.0	253.0	182.0	186.0	198.0	156.0	194.0	196.0	203.0	169.0	224.0	174.0	265.0	177.0	255.0	249.0	264.0	206.0	286.0	219.0	298.0	219.0	369.0	185.0	9
77.0	197.0	73.0	214.0	103.0	196.0	161.0	162.0	143.0	179.0	174.0	211.0	168.0	232.0	160.0	250.0	182.0	186.0	201.0	156.0	195.0	196.0	207.0	169.0	228.0	174.0	266.0	177.0	252.0	247.0	263.0	207.0	283.0	220.0	295.0	219.0	362.0	185.0	9
67.0	197.0	63.0	216.0	93.0	195.0	160.0	158.0	139.0	177.0	174.0	215.0	170.0	238.0	158.0	256.0	184.0	186.0	201.0	153.0	196.0	197.0	207.0	167.0	228.0	172.0	269.0	175.0	258.0	254.0	267.0	207.0	293.0	223.0	305.0	222.0	377.0	178.0	9
79.0	198.0	76.0	215.0	104.0	197.0	162.0	163.0	143.0	179.0	176.0	214.0	174.0	235.0	164.0	251.0	185.0	188.0	199.0	157.0	195.0	197.0	205.0	170.0	223.0	175.0	262.0	178.0	251.0	249.0	260.0	206.0	283.0	220.0	294.0	220.0	357.0	180.0	9
70.0	200.0	72.0	216.0	92.0	201.0	155.0	164.0	136.0	181.0	173.0	215.0	170.0	239.0	162.0	257.0	178.0	187.0	197.0	157.0	193.0	199.0	201.0	170.0	224.0	175.0	265.0	175.0	254.0	251.0	263.0	204.0	288.0	218.0	302.0	218.0	365.0	181.0	10
76.0	202.0	72.0	218.0	96.0	199.0	155.0	161.0	137.0	178.0	173.0	212.0	171.0	235.0	162.0	253.0	179.0	182.0	198.0	155.0	197.0	194.0	201.0	166.0	226.0	172.0	271.0	176.0	256.0	249.0	265.0	203.0	290.0	220.0	303.0	220.0	376.0	189.0	10
58.0	200.0	52.0	216.0	81.0	198.0	148.0	159.0	129.0	175.0	171.0	215.0	166.0	241.0	156.0	259.0	178.0	184.0	202.0	151.0	195.0	196.0	204.0	163.0	234.0	172.0	280.0	176.0	265.0	256.0	270.0	207.0	294.0	223.0	310.0	223.0	388.0	183.0	10
64.0	201.0	60.0	217.0	84.0	199.0	152.0	160.0	135.0	177.0	172.0	214.0	170.0	239.0	161.0	257.0	178.0	184.0	198.0	154.0	192.0	195.0	202.0	166.0	228.0	172.0	277.0	175.0	263.0	254.0	271.0	206.0	297.0	222.0	311.0	222.0	381.0	183.0	10
61.0	201.0	56.0	217.0	82.0	198.0	149.0	160.0	131.0	177.0	170.0	214.0	167.0	239.0	157.0	257.0	176.0	183.0	198.0	152.0	197.0	195.0	203.0	165.0	228.0	172.0	276.0	175.0	263.0	256.0	273.0	208.0	299.0	223.0	314.0	222.0	384.0	182.0	10
65.0	200.0	63.0	218.0	88.0	197.0	153.0	160.0	133.0	176.0	171.0	213.0	169.0	237.0	159.0	256.0	180.0	183.0	198.0	153.0	195.0	193.0	203.0	166.0	228.0	171.0	280.0	175.0	261.0	253.0	273.0	206.0	294.0	220.0	310.0	221.0	386.0	185.0	10
60.0	195.0	77.0	199.0	77.0	218.0	156.0	164.0	139.0	179.0	173.0	238.0	176.0	213.0	164.0	255.0	96.0	198.0	203.0	163.0	180.0	184.0	198.0	196.0	226.0	174.0	267.0	175.0	256.0	250.0	266.0	206.0	287.0	219.0	302.0	220.0	371.0	184.0	10
77.0	203.0	74.0	218.0	98.0	200.0	159.0	165.0	136.0	181.0	172.0	236.0	176.0	215.0	164.0	252.0	156.0	183.0	202.0	163.0	179.0	186.0	198.0	198.0	227.0	175.0	272.0	177.0	263.0	250.0	270.0	207.0	292.0	219.0	306.0	219.0	368.0	182.0	10
64.0	199.0	60.0	215.0	87.0	197.0	152.0	162.0	135.0	177.0	173.0	213.0	167.0	236.0	156.0	253.0	181.0	185.0	201.0	156.0	199.0	197.0	204.0	167.0	229.0	174.0	275.0	176.0	260.0	252.0	270.0	207.0	293.0	222.0	307.0	221.0	378.0	184.0	10
74.0	201.0	69.0	216.0	95.0	199.0	157.0	164.0	141.0	178.0	175.0	214.0	173.0	235.0	162.0	253.0	183.0	185.0	202.0	156.0	195.0	194.0	206.0	168.0	228.0	174.0	271.0	179.0	255.0	249.0	265.0	206.0	284.0	220.0	299.0	220.0	365.0	186.0	10
63.0	201.0	58.0	218.0	87.0	198.0	153.0	161.0	134.0	177.0	172.0	215.0	169.0	239.0	158.0	259.0	179.0	186.0	201.0	162.0	195.0	197.0	212.0	148.0	228.0	174.0	279.0	177.0	260.0	254.0	272.0	210.0	292.0	224.0	310.0	224.0	383.0	185.0	10
51.0	201.0	47.0	217.0	75.0	198.0	145.0	160.0	127.0	177.0	162.0	213.0	160.0	239.0	150.0	258.0	178.0	190.0	191.0	154.0	197.0	167.0	218.0	172.0	247.0	253.0	266.0	176.0	258.0	206.0	283.0	221.0	298.0	222.0	370.0	185.0	397.0	203.0	10
70.0	201.0	65.0	217.0	87.0	199.0	153.0	162.0	138.0	177.0	174.0	215.0	170.0	238.0	162.0	255.0	180.0	185.0	200.0	154.0	197.0	196.0	203.0	167.0	227.0	174.0	271.0	176.0	259.0	251.0	266.0	206.0	289.0	221.0	303.0	222.0	376.0	185.0	10
75.0	202.0	71.0	217.0	95.0	199.0	154.0	164.0	140.0	180.0	175.0	214.0	172.0	237.0	163.0	253.0	178.0	185.0	201.0	157.0	199.0	197.0	203.0	169.0	226.0	174.0	271.0	177.0	258.0	249.0	269.0	208.0	289.0	220.0	303.0	221.0	370.0	186.0	10
68.0	200.0	63.0	215.0	89.0	198.0	155.0	162.0	136.0	178.0	173.0	214.0	170.0	237.0	159.0	253.0	179.0	185.0	200.0	156.0	198.0	197.0	202.0	167.0	228.0	174.0	270.0	177.0	259.0	251.0	265.0	206.0	289.0	221.0	303.0	221.0	372.0	184.0	10
74.0	201.0	69.0	216.0	95.0	198.0	156.0	163.0	141.0	179.0	176.0	213.0	171.0	236.0	161.0	253.0	182.0	185.0	201.0	155.0	200.0	197.0	205.0	168.0	228.0	175.0	274.0	178.0	257.0	250.0	264.0	206.0	287.0	222.0	303.0	221.0	367.0	184.0	10
73.0	202.0	72.0	216.0	92.0	199.0	153.0	162.0	135.0	178.0	173.0	212.0	171.0	234.0	161.0	251.0	178.0	183.0	196.0	156.0	194.0	194.0	200.0	168.0	225.0	174.0	271.0	176.0	257.0	247.0	264.0	203.0	286.0	219.0	304.0	220.0	373.0	185.0	10
61.0	200.0	57.0	216.0	84.0	198.0	151.0	161.0	135.0	177.0	172.0	215.0	168.0	238.0	159.0	256.0	177.0	184.0	200.0	155.0	197.0	198.0	205.0	167.0	229.0	173.0	273.0	176.0	265.0	255.0	272.0	209.0	293.0	222.0	308.0	221.0	382.0	182.0	10
75.0	200.0	72.0	216.0	96.0	198.0	157.0	163.0	141.0	179.0	175.0	213.0	172.0	235.0	161.0	252.0	183.0	186.0	201.0	156.0	197.0	195.0	204.0	168.0	227.0	175.0	270.0	178.0	255.0	249.0	263.0	205.0	286.0	221.0	301.0	221.0	365.0	186.0	10
72.0	199.0	67.0	215.0	92.0	197.0	155.0	162.0	141.0	176.0	174.0	214.0	172.0	237.0	162.0	255.0	181.0	184.0	201.0	157.0	199.0	196.0	203.0	167.0	227.0	174.0	271.0	177.0	259.0	250.0	266.0	205.0	289.0	220.0	303.0	220.0	370.0	184.0	10
75.0	200.0	70.0	216.0	96.0	198.0	155.0	164.0	140.0	179.0	174.0	213.0	170.0	235.0	161.0	252.0	178.0	184.0	199.0	158.0	197.0	196.0	201.0	168.0	227.0	175.0	273.0	178.0	258.0	248.0	265.0	206.0	286.0	220.0	300.0	220.0	366.0	183.0	10
67.0	199.0	62.0	214.0	88.0	196.0	153.0	161.0	137.0	177.0	174.0	214.0	170.0	238.0	161.0	256.0	181.0	185.0	202.0	154.0	198.0	197.0	206.0	166.0	227.0	173.0	271.0	176.0	259.0	251.0	268.0	207.0	291.0	221.0	306.0	221.0	376.0	183.0	10
58.0	204.0	54.0	221.0	80.0	201.0	145.0	160.0	128.0	176.0	165.0	213.0	164.0	238.0	155.0	256.0	171.0	182.0	193.0	157.0	187.0	193.0	219.0	169.0	254.0	248.0	267.0	170.0	260.0	202.0	284.0	216.0	302.0	215.0	355.0	265.0	372.0	171.0	10
63.0	198.0	58.0	215.0	85.0	197.0	152.0	159.0	135.0	175.0	171.0	214.0	167.0	240.0	156.0	258.0	178.0	183.0	203.0	153.0	198.0	196.0	207.0	166.0	230.0	172.0	274.0	176.0	260.0	255.0	268.0	206.0	292.0	223.0	307.0	223.0	379.0	184.0	10
63.0	199.0	57.0	215.0	85.0	197.0	155.0	159.0	137.0	175.0	171.0	212.0	167.0	238.0	158.0	257.0	180.0	184.0	201.0	152.0	196.0	196.0	207.0	166.0	229.0	172.0	280.0	176.0	258.0	254.0	272.0	210.0	293.0	223.0	307.0	222.0	382.0	183.0	10
59.0	200.0	54.0	217.0	81.0	197.0	152.0	158.0	134.0	176.0	172.0	215.0	168.0	240.0	159.0	259.0	178.0	183.0	202.0	152.0	198.0	196.0	206.0	165.0	230.0	172.0	275.0	175.0	261.0	255.0	272.0	207.0	296.0	223.0	310.0	222.0	383.0	183.0	10
69.0	200.0	64.0	216.0	91.0	198.0	157.0	160.0	140.0	176.0	173.0	212.0	170.0	237.0	160.0	255.0	182.0	184.0	201.0	154.0	195.0	194.0	206.0	167.0	230.0	173.0	276.0	177.0	256.0	251.0	267.0	208.0	289.0	221.0	303.0	222.0	374.0	185.0	10
64.0	200.0	59.0	216.0	84.0	198.0	150.0	160.0	133.0	176.0	169.0	214.0	166.0	238.0	156.0	256.0	174.0	184.0	199.0	160.0	194.0	197.0	222.0	172.0	260.0	252.0	272.0	177.0	267.0	207.0	291.0	221.0	306.0	221.0	374.0	184.0	388.0	195.0	10
73.0	199.0	67.0	214.0	93.0	197.0	157.0	162.0	139.0	178.0	172.0	214.0	168.0	237.0	159.0	253.0	180.0	185.0	202.0	156.0	196.0	197.0	204.0	168.0	228.0	174.0	268.0	177.0	255.0	251.0	264.0	208.0	283.0	221.0	298.0	221.0	364.0	185.0	10
75.0	199.0	70.0	214.0	94.0	197.0	155.0	163.0	139.0	179.0	172.0	213.0	170.0	235.0	162.0	253.0	179.0	185.0	201.0	157.0	196.0	196.0	204.0	169.0	226.0	175.0	266.0	177.0	256.0	247.0	263.0	205.0	285.0	219.0	299.0	219.0	364.0	184.0	10
59.0	200.0	54.0	216.0	82.0	198.0	152.0	161.0	132.0	178.0	171.0	213.0	168.0	239.0	158.0	257.0	178.0	184.0	200.0	153.0	194.0	196.0	204.0	166.0	231.0	173.0	280.0	177.0	262.0	253.0	274.0	208.0	296.0	223.0	312.0	222.0	385.0	182.0	10
67.0	200.0	63.0	216.0	88.0	197.0	149.0	160.0	135.0	175.0	172.0	214.0	170.0	238.0	159.0	257.0	179.0	183.0	203.0	153.0	194.0	194.0	206.0	165.0	231.0	172.0	278.0	176.0	259.0	253.0	269.0	208.0	292.0	222.0	307.0	222.0	379.0	182.0	10
81.0	200.0	77.0	216.0	96.0	196.0	160.0	161.0	143.0	175.0	177.0	212.0	173.0	234.0	164.0	252.0	186.0	184.0	203.0	157.0	202.0	195.0	206.0	167.0	230.0	174.0	279.0	178.0	258.0	250.0	271.0	206.0	291.0	221.0	307.0	222.0	377.0	188.0	10
66.0	201.0	61.0	217.0	86.0	199.0	153.0	159.0	135.0	176.0	170.0	214.0	167.0	239.0	158.0	258.0	179.0	184.0	198.0	152.0	192.0	194.0	203.0	165.0	226.0	171.0	275.0	176.0	258.0	253.0	268.0	206.0	292.0	222.0	307.0	221.0	378.0	184.0	10
57.0	199.0	53.0	218.0	78.0	197.0	151.0	157.0	131.0	174.0	172.0	216.0	168.0	242.0	156.0	261.0	179.0	183.0	203.0	151.0	198.0	196.0	206.0	164.0	230.0	170.0	279.0	174.0	263.0	257.0	272.0	207.0	298.0	224.0	314.0	224.0	391.0	183.0	10
66.0	199.0	60.0	215.0	86.0	197.0	153.0	160.0	134.0	177.0	171.0	213.0	167.0	237.0	158.0	255.0	179.0	182.0	202.0	154.0	196.0	194.0	205.0	165.0	229.0	172.0	272.0	175.0	258.0	251.0	268.0	206.0	291.0	222.0	305.0	221.0	375.0	185.0	10
76.0	201.0	72.0	214.0	98.0	198.0	157.0	165.0	142.0	180.0	176.0	213.0	172.0	234.0	163.0	250.0	181.0	185.0	200.0	158.0	200.0	196.0	203.0	169.0	228.0	175.0	267.0	177.0	256.0	247.0	264.0	206.0	284.0	219.0	301.0	219.0	363.0	185.0	10
69.0	199.0	65.0	215.0	92.0	197.0	153.0	160.0	135.0	177.0	172.0	214.0	169.0	237.0	158.0	254.0	178.0	184.0	200.0	154.0	196.0	196.0	204.0	167.0	229.0	173.0	275.0	178.0	258.0	252.0	268.0	208.0	288.0	222.0	303.0	222.0	372.0	182.0	10
56.0	200.0	53.0	219.0	82.0	197.0	154.0	158.0	136.0	174.0	172.0	212.0	170.0	240.0	159.0	260.0	183.0	184.0	202.0	151.0	194.0	194.0	208.0	165.0	229.0	172.0	280.0	176.0	260.0	255.0	272.0	207.0	296.0	223.0	314.0	224.0	387.0	187.0	10
70.0	201.0	66.0	218.0	92.0	198.0	156.0	161.0	138.0	176.0	173.0	213.0	172.0	238.0	163.0	255.0	181.0	185.0	201.0	153.0	196.0	196.0	204.0	167.0	227.0	173.0	273.0	177.0	259.0	251.0	266.0	207.0	289.0	222.0	305.0	222.0	375.0	185.0	10
65.0	199.0	61.0	216.0	85.0	198.0	155.0	159.0	136.0	176.0	172.0	215.0	168.0	240.0	158.0	257.0	177.0	184.0	201.0	153.0	195.0	196.0	204.0	166.0	229.0	173.0	274.0	177.0	258.0	255.0	266.0	207.0	291.0	223.0	306.0	223.0	376.0	183.0	10
55.0	195.0	67.0	216.0	73.0	200.0	157.0	160.0	139.0	177.0	173.0	237.0	177.0	215.0	165.0	256.0	93.0	198.0	204.0	160.0	184.0	185.0	201.0	197.0	229.0	173.0	272.0	176.0	264.0	251.0	269.0	207.0	293.0	222.0	306.0	221.0	379.0	182.0	10
76.0	201.0	74.0	215.0	96.0	198.0	156.0	164.0	139.0	179.0	173.0	213.0	172.0	236.0	163.0	253.0	178.0	185.0	199.0	157.0	193.0	196.0	202.0	169.0	225.0	174.0	269.0	177.0	257.0	249.0	263.0	206.0	287.0	220.0	301.0	219.0	369.0	184.0	10
73.0	200.0	69.0	215.0	96.0	198.0	158.0	162.0	139.0	179.0	175.0	213.0	172.0	237.0	164.0	254.0	181.0	184.0	201.0	155.0	196.0	195.0	205.0	167.0	227.0	174.0	268.0	176.0	259.0	249.0	269.0	207.0	288.0	220.0	304.0	220.0	371.0	185.0	10
66.0	200.0	63.0	218.0	89.0	196.0	152.0	159.0	135.0	175.0	171.0	214.0	169.0	237.0	158.0	255.0	178.0	182.0	199.0	160.0	196.0	195.0	225.0	172.0	258.0	253.0	298.0	157.0	270.0	208.0	277.0	176.0	293.0	223.0	308.0	223.0	379.0	185.0	10
74.0	200.0	70.0	216.0	96.0	197.0	157.0	162.0	140.0	177.0	174.0	212.0	172.0	234.0	162.0	251.0	181.0	184.0	201.0	156.0	198.0	195.0	205.0	168.0	228.0	174.0	271.0	177.0	257.0	248.0	267.0	206.0	285.0	219.0	302.0	221.0	373.0	186.0	10
70.0	200.0	65.0	215.0	92.0	197.0	154.0	162.0	138.0	178.0	173.0	214.0	170.0	237.0	160.0	254.0	182.0	186.0	202.0	156.0	196.0	195.0	205.0	168.0	230.0	176.0	269.0	178.0	253.0	251.0	264.0	207.0	284.0	222.0	299.0	221.0	364.0	185.0	10
68.0	200.0	62.0	216.0	89.0	197.0	154.0	160.0	137.0	177.0	174.0	215.0	169.0	239.0	159.0	257.0	180.0	185.0	203.0	153.0	196.0	196.0	207.0	166.0	230.0	173.0	275.0	176.0	258.0	255.0	272.0	209.0	292.0	223.0	307.0	223.0	376.0	182.0	10
76.0	201.0	72.0	216.0	96.0	198.0	155.0	165.0	139.0	180.0	174.0	213.0	171.0	235.0	162.0	251.0	179.0	185.0	200.0	158.0	198.0	197.0	202.0	170.0	224.0	175.0	269.0	178.0	255.0	247.0	265.0	207.0	284.0	220.0	299.0	219.0	365.0	187.0	10
64.0	199.0	58.0	217.0	85.0	197.0	153.0	159.0	135.0	177.0	172.0	216.0	171.0	242.0	161.0	261.0	178.0	185.0	200.0	152.0	196.0	197.0	205.0	166.0	227.0	172.0	277.0	175.0	263.0	255.0	272.0	208.0	296.0	222.0	311.0	220.0	386.0	183.0	10
70.0	202.0	67.0	219.0	91.0	198.0	154.0	161.0	135.0	176.0	173.0	213.0	172.0	236.0	162.0	255.0	180.0	183.0	198.0	154.0	196.0	194.0	201.0	165.0	226.0	172.0	277.0	176.0	260.0	251.0	267.0	205.0	293.0	221.0	309.0	222.0	381.0	186.0	10
67.0	199.0	63.0	216.0	88.0	197.0	154.0	160.0	137.0	176.0	173.0	214.0	169.0	238.0	159.0	255.0	180.0	184.0	202.0	154.0	196.0	195.0	205.0	166.0	229.0	173.0	274.0	176.0	256.0	252.0	266.0	207.0	289.0	222.0	302.0	222.0	370.0	183.0	10
51.0	201.0	49.0	217.0	76.0	198.0	147.0	158.0	128.0	175.0	171.0	216.0	169.0	242.0	156.0	264.0	175.0	182.0	200.0	149.0	196.0	194.0	204.0	162.0	229.0	169.0	282.0	171.0	269.0	257.0	281.0	207.0	306.0	222.0	323.0	221.0	398.0	177.0	10
63.0	198.0	58.0	215.0	85.0	197.0	152.0	160.0	136.0	175.0	171.0	216.0	166.0	239.0	156.0	257.0	177.0	184.0	202.0	154.0	195.0	196.0	205.0	166.0	230.0	173.0	272.0	176.0	256.0	253.0	269.0	209.0	288.0	222.0	305.0	222.0	376.0	184.0	10
69.0	199.0	66.0	215.0	88.0	197.0	156.0	162.0	137.0	177.0	175.0	213.0	171.0	237.0	160.0	254.0	182.0	184.0	203.0	156.0	199.0	196.0	207.0	168.0	230.0	175.0	269.0	177.0	256.0	251.0	265.0	207.0	288.0	221.0	303.0	221.0	370.0	186.0	10
69.0	199.0	63.0	215.0	89.0	197.0	158.0	160.0	136.0	177.0	172.0	213.0	169.0	240.0	160.0	257.0	178.0	184.0	203.0	154.0	198.0	197.0	208.0	167.0	229.0	172.0	272.0	176.0	255.0	252.0	266.0	208.0	288.0	221.0	303.0	221.0	375.0	186.0	10
74.0	199.0	68.0	215.0	94.0	197.0	157.0	162.0	138.0	178.0	174.0	215.0	169.0	236.0	160.0	253.0	180.0	185.0	202.0	156.0	196.0	196.0	205.0	167.0	229.0	175.0	272.0	178.0	254.0	251.0	266.0	208.0	285.0	221.0	301.0	222.0	365.0	185.0	10
76.0	200.0	72.0	216.0	96.0	198.0	155.0	165.0	140.0	179.0	174.0	214.0	170.0	235.0	161.0	252.0	181.0	185.0	199.0	158.0	197.0	196.0	202.0	169.0	228.0	176.0	273.0	179.0	257.0	248.0	263.0	206.0	285.0	220.0	298.0	220.0	366.0	185.0	10
61.0	202.0	56.0	218.0	81.0	199.0	148.0	160.0	130.0	177.0	169.0	214.0	165.0	239.0	156.0	257.0	174.0	183.0	194.0	151.0	195.0	195.0	201.0	165.0	226.0	172.0	273.0	174.0	261.0	255.0	271.0	208.0	296.0	222.0	311.0	221.0	381.0	181.0	10
76.0	200.0	72.0	215.0	94.0	197.0	155.0	162.0	138.0	178.0	173.0	212.0	170.0	235.0	162.0	252.0	180.0	184.0	196.0	154.0	196.0	194.0	203.0	167.0	224.0	172.0	268.0	174.0	253.0	249.0	263.0	204.0	288.0	219.0	301.0	220.0	367.0	183.0	10
77.0	199.0	73.0	213.0	97.0	196.0	158.0	162.0	140.0	178.0	174.0	209.0	170.0	231.0	163.0	248.0	184.0	185.0	200.0	157.0	194.0	193.0	205.0	169.0	225.0	174.0	266.0	176.0	255.0	244.0	265.0	205.0	286.0	218.0	300.0	218.0	365.0	185.0	10
73.0	202.0	70.0	217.0	97.0	198.0	155.0	163.0	136.0	179.0	174.0	213.0	171.0	236.0	162.0	253.0	177.0	185.0	198.0	156.0	194.0	195.0	201.0	168.0	224.0	174.0	270.0	177.0	256.0	248.0	268.0	207.0	286.0	219.0	300.0	219.0	367.0	185.0	10
63.0	200.0	59.0	217.0	86.0	197.0	152.0	158.0	135.0	176.0	171.0	215.0	167.0	240.0	157.0	258.0	178.0	183.0	201.0	152.0	197.0	195.0	207.0	166.0	229.0	172.0	273.0	175.0	261.0	254.0	268.0	206.0	292.0	222.0	307.0	222.0	378.0	183.0	10
64.0	202.0	59.0	218.0	86.0	199.0	155.0	160.0	136.0	177.0	170.0	213.0	167.0	238.0	158.0	257.0	178.0	185.0	199.0	153.0	194.0	196.0	205.0	167.0	227.0	173.0	276.0	175.0	256.0	252.0	269.0	208.0	290.0	221.0	304.0	221.0	378.0	181.0	10
66.0	202.0	63.0	216.0	88.0	199.0	152.0	161.0	134.0	177.0	173.0	213.0	171.0	237.0	161.0	254.0	175.0	183.0	194.0	154.0	196.0	194.0	201.0	167.0	223.0	173.0	269.0	176.0	257.0	251.0	266.0	206.0	288.0	220.0	303.0	221.0	373.0	182.0	10
73.0	198.0	67.0	213.0	94.0	196.0	155.0	160.0	137.0	177.0	174.0	211.0	170.0	235.0	162.0	253.0	178.0	182.0	198.0	154.0	193.0	192.0	204.0	166.0	224.0	172.0	268.0	174.0	260.0	248.0	268.0	206.0	289.0	219.0	303.0	219.0	373.0	182.0	10
57.0	202.0	54.0	219.0	80.0	199.0	147.0	159.0	128.0	175.0	167.0	214.0	166.0	240.0	156.0	258.0	179.0	183.0	191.0	151.0	191.0	192.0	198.0	165.0	224.0	171.0	279.0	174.0	261.0	256.0	273.0	206.0	296.0	222.0	314.0	223.0	390.0	183.0	10
69.0	200.0	64.0	215.0	91.0	197.0	154.0	161.0	137.0	177.0	174.0	213.0	171.0	237.0	161.0	253.0	182.0	184.0	201.0	153.0	196.0	194.0	206.0	166.0	231.0	174.0	270.0	176.0	256.0	250.0	265.0	206.0	286.0	220.0	301.0	220.0	366.0	182.0	10
74.0	201.0	69.0	216.0	93.0	199.0	154.0	163.0	137.0	179.0	173.0	213.0	169.0	237.0	161.0	254.0	178.0	185.0	197.0	154.0	194.0	195.0	201.0	167.0	225.0	173.0	269.0	175.0	256.0	251.0	265.0	205.0	290.0	221.0	303.0	221.0	369.0	183.0	10
73.0	201.0	69.0	216.0	94.0	199.0	159.0	162.0	139.0	179.0	174.0	212.0	172.0	235.0	162.0	252.0	180.0	186.0	199.0	156.0	195.0	196.0	204.0	169.0	227.0	175.0	269.0	179.0	252.0	247.0	264.0	206.0	285.0	219.0	299.0	219.0	365.0	188.0	10
71.0	199.0	66.0	214.0	92.0	197.0	156.0	160.0	138.0	177.0	172.0	213.0	168.0	236.0	159.0	253.0	180.0	184.0	200.0	154.0	197.0	196.0	204.0	166.0	228.0	173.0	269.0	175.0	256.0	250.0	266.0	207.0	285.0	219.0	300.0	219.0	367.0	182.0	10
74.0	199.0	69.0	215.0	93.0	196.0	158.0	160.0	137.0	176.0	174.0	213.0	173.0	236.0	163.0	254.0	180.0	183.0	199.0	153.0	194.0	192.0	204.0	166.0	225.0	172.0	266.0	174.0	259.0	249.0	266.0	204.0	290.0	219.0	302.0	219.0	371.0	182.0	10
77.0	201.0	73.0	216.0	95.0	198.0	157.0	163.0	136.0	180.0	177.0	212.0	175.0	236.0	166.0	253.0	181.0	185.0	200.0	156.0	197.0	196.0	204.0	168.0	226.0	174.0	270.0	176.0	259.0	249.0	269.0	205.0	292.0	220.0	305.0	220.0	372.0	185.0	10
61.0	200.0	55.0	217.0	85.0	198.0	151.0	160.0	133.0	178.0	168.0	214.0	164.0	238.0	154.0	257.0	174.0	184.0	194.0	154.0	192.0	196.0	200.0	167.0	224.0	174.0	271.0	176.0	254.0	251.0	265.0	208.0	285.0	222.0	303.0	222.0	379.0	184.0	10
74.0	201.0	69.0	216.0	96.0	198.0	157.0	162.0	139.0	178.0	173.0	212.0	171.0	235.0	162.0	252.0	181.0	185.0	198.0	156.0	193.0	194.0	205.0	169.0	229.0	175.0	272.0	179.0	256.0	247.0	266.0	205.0	287.0	219.0	301.0	219.0	366.0	186.0	10
76.0	201.0	73.0	216.0	95.0	198.0	154.0	162.0	136.0	179.0	174.0	212.0	173.0	236.0	163.0	252.0	178.0	184.0	197.0	156.0	195.0	195.0	201.0	167.0	223.0	173.0	268.0	176.0	255.0	248.0	264.0	204.0	288.0	218.0	301.0	219.0	367.0	184.0	10
74.0	200.0	70.0	216.0	94.0	198.0	158.0	163.0	139.0	179.0	173.0	214.0	172.0	236.0	163.0	254.0	183.0	187.0	196.0	157.0	193.0	195.0	201.0	170.0	222.0	174.0	268.0	177.0	257.0	249.0	263.0	205.0	288.0	219.0	300.0	219.0	365.0	184.0	10
77.0	201.0	73.0	216.0	96.0	199.0	155.0	163.0	138.0	179.0	173.0	213.0	171.0	235.0	162.0	252.0	179.0	185.0	197.0	157.0	196.0	195.0	202.0	169.0	225.0	174.0	267.0	176.0	256.0	250.0	265.0	206.0	287.0	219.0	300.0	218.0	364.0	184.0	10
55.0	199.0	51.0	215.0	79.0	197.0	148.0	161.0	128.0	177.0	167.0	213.0	163.0	238.0	153.0	257.0	174.0	184.0	195.0	152.0	190.0	196.0	200.0	166.0	225.0	173.0	274.0	177.0	256.0	253.0	269.0	209.0	290.0	222.0	306.0	222.0	376.0	176.0	10
73.0	202.0	70.0	217.0	94.0	198.0	153.0	163.0	138.0	179.0	174.0	214.0	171.0	236.0	162.0	253.0	177.0	184.0	199.0	155.0	197.0	196.0	202.0	168.0	224.0	174.0	270.0	176.0	257.0	249.0	268.0	208.0	289.0	220.0	302.0	220.0	369.0	185.0	10
68.0	200.0	64.0	215.0	91.0	198.0	154.0	161.0	136.0	178.0	174.0	215.0	171.0	237.0	162.0	254.0	180.0	184.0	198.0	154.0	196.0	195.0	205.0	167.0	228.0	174.0	271.0	177.0	259.0	250.0	268.0	207.0	289.0	220.0	303.0	220.0	375.0	182.0	10
70.0	201.0	66.0	216.0	92.0	198.0	155.0	163.0	137.0	178.0	173.0	214.0	170.0	236.0	159.0	253.0	181.0	185.0	197.0	156.0	192.0	193.0	202.0	168.0	226.0	173.0	275.0	177.0	256.0	250.0	265.0	206.0	289.0	220.0	303.0	220.0	370.0	186.0	10
76.0	202.0	71.0	216.0	96.0	199.0	154.0	163.0	137.0	180.0	173.0	212.0	172.0	236.0	163.0	252.0	179.0	185.0	197.0	156.0	196.0	196.0	202.0	169.0	224.0	175.0	267.0	177.0	257.0	247.0	265.0	206.0	287.0	219.0	300.0	219.0	365.0	184.0	10
61.0	200.0	56.0	217.0	82.0	199.0	150.0	159.0	133.0	178.0	169.0	216.0	165.0	240.0	155.0	258.0	179.0	185.0	198.0	152.0	193.0	196.0	203.0	166.0	225.0	172.0	269.0	175.0	258.0	254.0	266.0	207.0	289.0	221.0	305.0	221.0	377.0	181.0	10
69.0	199.0	64.0	215.0	90.0	197.0	154.0	161.0	138.0	176.0	172.0	214.0	170.0	237.0	161.0	254.0	179.0	184.0	197.0	155.0	197.0	195.0	202.0	167.0	225.0	173.0	269.0	176.0	258.0	250.0	265.0	205.0	288.0	219.0	302.0	219.0	371.0	182.0	10
82.0	198.0	80.0	214.0	103.0	196.0	166.0	163.0	147.0	177.0	180.0	213.0	178.0	236.0	171.0	253.0	187.0	185.0	208.0	157.0	201.0	196.0	213.0	169.0	235.0	176.0	278.0	179.0	266.0	251.0	273.0	209.0	295.0	223.0	310.0	223.0	381.0	188.0	10
72.0	202.0	68.0	216.0	94.0	199.0	157.0	162.0	138.0	180.0	173.0	214.0	171.0	237.0	163.0	254.0	180.0	185.0	198.0	155.0	194.0	195.0	203.0	168.0	225.0	174.0	266.0	177.0	258.0	249.0	267.0	208.0	286.0	220.0	302.0	220.0	368.0	184.0	10
74.0	201.0	69.0	215.0	97.0	199.0	157.0	163.0	138.0	179.0	173.0	213.0	171.0	236.0	162.0	252.0	179.0	186.0	199.0	157.0	196.0	196.0	204.0	169.0	226.0	175.0	269.0	179.0	255.0	247.0	265.0	206.0	285.0	219.0	298.0	219.0	364.0	186.0	10
72.0	198.0	68.0	211.0	94.0	195.0	155.0	159.0	139.0	177.0	173.0	210.0	169.0	232.0	160.0	248.0	179.0	182.0	198.0	155.0	198.0	194.0	202.0	166.0	226.0	173.0	266.0	175.0	254.0	247.0	263.0	206.0	284.0	219.0	300.0	219.0	365.0	184.0	10
63.0	202.0	61.0	219.0	83.0	200.0	151.0	160.0	130.0	179.0	171.0	215.0	169.0	239.0	160.0	258.0	173.0	184.0	192.0	154.0	192.0	195.0	197.0	167.0	220.0	172.0	270.0	174.0	259.0	252.0	270.0	208.0	292.0	220.0	310.0	221.0	376.0	181.0	10
67.0	201.0	63.0	216.0	88.0	198.0	151.0	162.0	135.0	178.0	172.0	215.0	169.0	237.0	161.0	255.0	179.0	185.0	198.0	154.0	196.0	197.0	203.0	167.0	224.0	172.0	268.0	175.0	258.0	250.0	265.0	206.0	288.0	220.0	303.0	220.0	372.0	181.0	10
77.0	199.0	72.0	215.0	96.0	196.0	154.0	160.0	136.0	176.0	173.0	211.0	170.0	234.0	162.0	252.0	178.0	182.0	196.0	154.0	191.0	190.0	200.0	164.0	222.0	170.0	266.0	173.0	254.0	246.0	265.0	204.0	286.0	217.0	300.0	217.0	366.0	184.0	10
64.0	199.0	58.0	215.0	86.0	197.0	152.0	159.0	136.0	176.0	171.0	215.0	166.0	238.0	157.0	256.0	177.0	183.0	200.0	152.0	195.0	196.0	204.0	165.0	229.0	173.0	271.0	175.0	255.0	252.0	269.0	208.0	288.0	221.0	304.0	221.0	375.0	182.0	10
76.0	201.0	73.0	216.0	94.0	197.0	155.0	162.0	137.0	179.0	173.0	214.0	171.0	236.0	161.0	253.0	179.0	185.0	195.0	156.0	193.0	194.0	199.0	168.0	221.0	173.0	269.0	176.0	256.0	249.0	266.0	206.0	288.0	219.0	303.0	219.0	364.0	182.0	10
74.0	201.0	69.0	216.0	96.0	198.0	157.0	162.0	136.0	179.0	173.0	213.0	169.0	235.0	161.0	253.0	179.0	186.0	197.0	156.0	195.0	196.0	202.0	168.0	226.0	175.0	270.0	178.0	254.0	249.0	265.0	206.0	287.0	219.0	300.0	219.0	370.0	185.0	10
73.0	200.0	69.0	215.0	93.0	197.0	156.0	161.0	139.0	177.0	174.0	213.0	171.0	236.0	161.0	252.0	181.0	184.0	200.0	154.0	196.0	195.0	205.0	167.0	228.0	174.0	270.0	177.0	254.0	249.0	264.0	207.0	284.0	220.0	298.0	220.0	363.0	183.0	10
68.0	200.0	65.0	216.0	93.0	197.0	156.0	160.0	137.0	177.0	174.0	214.0	171.0	236.0	161.0	254.0	179.0	183.0	200.0	154.0	199.0	195.0	205.0	167.0	226.0	173.0	267.0	176.0	258.0	249.0	269.0	207.0	288.0	219.0	303.0	219.0	372.0	184.0	10
75.0	202.0	73.0	217.0	98.0	198.0	155.0	163.0	137.0	179.0	174.0	213.0	170.0	235.0	162.0	252.0	177.0	185.0	196.0	157.0	195.0	196.0	199.0	169.0	222.0	174.0	267.0	177.0	255.0	247.0	266.0	207.0	284.0	219.0	299.0	219.0	365.0	184.0	10
75.0	201.0	71.0	215.0	94.0	198.0	157.0	164.0	140.0	179.0	173.0	214.0	171.0	236.0	162.0	253.0	183.0	186.0	196.0	158.0	194.0	194.0	200.0	170.0	221.0	175.0	268.0	177.0	256.0	248.0	265.0	206.0	288.0	220.0	303.0	219.0	364.0	183.0	10
65.0	200.0	59.0	215.0	86.0	198.0	153.0	161.0	134.0	177.0	171.0	213.0	168.0	238.0	156.0	255.0	179.0	185.0	197.0	155.0	193.0	194.0	203.0	168.0	230.0	175.0	277.0	178.0	258.0	252.0	267.0	206.0	293.0	222.0	309.0	222.0	378.0	183.0	10
57.0	201.0	53.0	217.0	81.0	199.0	148.0	160.0	132.0	176.0	170.0	215.0	166.0	239.0	157.0	257.0	176.0	184.0	196.0	153.0	195.0	198.0	203.0	166.0	228.0	173.0	272.0	174.0	264.0	255.0	272.0	209.0	293.0	221.0	308.0	220.0	383.0	180.0	10
72.0	201.0	68.0	216.0	93.0	199.0	155.0	162.0	137.0	178.0	174.0	213.0	171.0	237.0	160.0	254.0	181.0	185.0	198.0	155.0	196.0	195.0	202.0	167.0	223.0	173.0	269.0	176.0	259.0	250.0	266.0	205.0	288.0	218.0	303.0	218.0	368.0	184.0	10
73.0	201.0	69.0	216.0	95.0	198.0	154.0	163.0	138.0	179.0	173.0	213.0	169.0	235.0	160.0	252.0	177.0	184.0	196.0	156.0	196.0	195.0	200.0	169.0	225.0	174.0	270.0	177.0	256.0	248.0	263.0	206.0	284.0	220.0	298.0	220.0	364.0	182.0	10
74.0	201.0	71.0	217.0	97.0	198.0	164.0	161.0	145.0	179.0	178.0	213.0	176.0	235.0	167.0	252.0	188.0	187.0	204.0	156.0	198.0	196.0	211.0	170.0	229.0	175.0	275.0	178.0	259.0	250.0	269.0	207.0	291.0	221.0	305.0	221.0	373.0	187.0	10
72.0	199.0	69.0	214.0	91.0	196.0	157.0	162.0	138.0	177.0	176.0	212.0	171.0	235.0	161.0	252.0	182.0	184.0	202.0	155.0	199.0	195.0	207.0	168.0	229.0	174.0	268.0	176.0	256.0	248.0	264.0	205.0	286.0	219.0	300.0	219.0	367.0	183.0	10
75.0	201.0	70.0	215.0	98.0	198.0	158.0	162.0	137.0	179.0	173.0	213.0	170.0	235.0	162.0	252.0	179.0	186.0	198.0	156.0	196.0	196.0	202.0	169.0	226.0	175.0	270.0	178.0	254.0	248.0	265.0	206.0	287.0	218.0	300.0	219.0	369.0	185.0	10
78.0	201.0	74.0	215.0	98.0	198.0	158.0	164.0	138.0	180.0	174.0	212.0	171.0	234.0	160.0	251.0	178.0	186.0	195.0	157.0	196.0	197.0	201.0	170.0	223.0	175.0	265.0	178.0	253.0	249.0	266.0	207.0	285.0	219.0	298.0	219.0	362.0	185.0	10
67.0	200.0	63.0	216.0	88.0	197.0	152.0	160.0	134.0	177.0	173.0	215.0	168.0	237.0	161.0	256.0	178.0	184.0	196.0	153.0	195.0	195.0	201.0	165.0	224.0	172.0	268.0	175.0	260.0	250.0	266.0	207.0	289.0	220.0	302.0	220.0	376.0	181.0	10
77.0	200.0	72.0	215.0	96.0	197.0	161.0	160.0	140.0	178.0	176.0	213.0	172.0	236.0	164.0	255.0	181.0	186.0	199.0	155.0	197.0	196.0	205.0	168.0	226.0	173.0	268.0	176.0	256.0	252.0	264.0	206.0	289.0	220.0	304.0	220.0	367.0	184.0	10
66.0	201.0	61.0	217.0	85.0	199.0	151.0	160.0	134.0	176.0	171.0	214.0	168.0	238.0	159.0	257.0	176.0	184.0	196.0	153.0	196.0	196.0	202.0	166.0	223.0	172.0	274.0	176.0	262.0	251.0	268.0	206.0	293.0	220.0	307.0	220.0	375.0	182.0	10
72.0	201.0	67.0	216.0	89.0	198.0	153.0	162.0	138.0	177.0	174.0	214.0	169.0	236.0	161.0	253.0	179.0	184.0	197.0	154.0	195.0	195.0	201.0	166.0	225.0	173.0	267.0	175.0	257.0	248.0	263.0	205.0	286.0	220.0	299.0	220.0	370.0	183.0	10
77.0	203.0	74.0	218.0	97.0	199.0	155.0	162.0	137.0	178.0	172.0	212.0	170.0	234.0	161.0	251.0	178.0	183.0	194.0	155.0	196.0	194.0	199.0	166.0	224.0	172.0	268.0	176.0	254.0	247.0	261.0	203.0	286.0	219.0	299.0	219.0	370.0	188.0	10
72.0	201.0	68.0	216.0	94.0	198.0	153.0	163.0	137.0	178.0	174.0	213.0	171.0	235.0	161.0	252.0	181.0	185.0	199.0	156.0	197.0	196.0	204.0	168.0	227.0	175.0	268.0	178.0	255.0	247.0	266.0	205.0	287.0	219.0	301.0	219.0	364.0	183.0	10
72.0	203.0	70.0	219.0	93.0	200.0	153.0	162.0	136.0	178.0	172.0	213.0	171.0	236.0	162.0	255.0	178.0	184.0	194.0	155.0	194.0	194.0	199.0	167.0	223.0	173.0	272.0	177.0	256.0	249.0	263.0	205.0	289.0	220.0	304.0	220.0	373.0	185.0	10
70.0	201.0	65.0	216.0	89.0	199.0	156.0	162.0	138.0	179.0	171.0	213.0	169.0	236.0	159.0	253.0	180.0	186.0	198.0	155.0	193.0	196.0	204.0	169.0	227.0	175.0	268.0	177.0	256.0	250.0	266.0	206.0	288.0	220.0	302.0	220.0	367.0	183.0	10
74.0	200.0	70.0	217.0	96.0	197.0	155.0	161.0	136.0	178.0	174.0	213.0	172.0	236.0	162.0	253.0	181.0	185.0	196.0	154.0	196.0	195.0	200.0	167.0	222.0	172.0	267.0	175.0	257.0	248.0	264.0	203.0	290.0	219.0	305.0	219.0	371.0	179.0	10
70.0	201.0	68.0	216.0	93.0	196.0	159.0	158.0	140.0	175.0	180.0	213.0	178.0	237.0	165.0	258.0	183.0	181.0	207.0	150.0	201.0	192.0	211.0	163.0	233.0	169.0	282.0	171.0	270.0	251.0	282.0	205.0	304.0	218.0	321.0	217.0	391.0	176.0	10
75.0	199.0	71.0	217.0	92.0	196.0	156.0	161.0	138.0	176.0	173.0	212.0	171.0	236.0	160.0	254.0	176.0	183.0	196.0	155.0	197.0	197.0	202.0	167.0	223.0	173.0	266.0	174.0	255.0	251.0	265.0	205.0	289.0	220.0	304.0	221.0	368.0	182.0	10
71.0	201.0	68.0	218.0	93.0	198.0	155.0	161.0	137.0	176.0	173.0	211.0	172.0	236.0	163.0	254.0	181.0	183.0	198.0	153.0	194.0	193.0	203.0	165.0	225.0	171.0	271.0	175.0	258.0	249.0	265.0	205.0	288.0	219.0	303.0	219.0	373.0	179.0	10
76.0	201.0	74.0	216.0	97.0	198.0	155.0	165.0	140.0	180.0	174.0	212.0	171.0	235.0	163.0	251.0	179.0	185.0	199.0	157.0	198.0	197.0	203.0	170.0	224.0	175.0	269.0	177.0	255.0	246.0	265.0	208.0	285.0	219.0	299.0	219.0	364.0	186.0	10
64.0	203.0	62.0	220.0	84.0	199.0	150.0	159.0	132.0	176.0	171.0	214.0	170.0	237.0	159.0	256.0	175.0	182.0	193.0	152.0	193.0	194.0	198.0	165.0	224.0	171.0	277.0	175.0	260.0	253.0	270.0	205.0	294.0	221.0	310.0	221.0	382.0	183.0	10
69.0	200.0	65.0	215.0	89.0	199.0	157.0	162.0	138.0	178.0	172.0	213.0	169.0	236.0	158.0	253.0	180.0	185.0	197.0	155.0	194.0	195.0	203.0	168.0	227.0	174.0	273.0	178.0	256.0	249.0	266.0	206.0	290.0	220.0	304.0	220.0	371.0	185.0	10
73.0	199.0	68.0	214.0	93.0	197.0	155.0	162.0	138.0	179.0	171.0	213.0	169.0	236.0	162.0	254.0	179.0	184.0	199.0	155.0	196.0	196.0	204.0	168.0	226.0	174.0	266.0	176.0	257.0	248.0	264.0	205.0	286.0	219.0	300.0	219.0	366.0	182.0	10
71.0	200.0	65.0	216.0	95.0	197.0	155.0	160.0	135.0	178.0	172.0	212.0	171.0	236.0	160.0	254.0	178.0	184.0	197.0	154.0	195.0	194.0	204.0	167.0	225.0	173.0	269.0	176.0	254.0	250.0	265.0	204.0	286.0	220.0	302.0	221.0	371.0	184.0	10
65.0	200.0	62.0	215.0	91.0	198.0	154.0	161.0	135.0	179.0	174.0	214.0	172.0	236.0	162.0	253.0	180.0	185.0	198.0	154.0	197.0	195.0	205.0	167.0	227.0	173.0	272.0	176.0	260.0	250.0	269.0	207.0	290.0	220.0	306.0	221.0	373.0	183.0	10
64.0	199.0	59.0	215.0	87.0	197.0	151.0	160.0	134.0	176.0	170.0	215.0	164.0	237.0	155.0	256.0	179.0	184.0	198.0	153.0	193.0	195.0	203.0	166.0	228.0	173.0	268.0	175.0	254.0	253.0	266.0	208.0	286.0	221.0	302.0	221.0	373.0	182.0	10
75.0	202.0	71.0	216.0	96.0	198.0	157.0	163.0	139.0	178.0	175.0	213.0	173.0	236.0	163.0	252.0	180.0	184.0	197.0	157.0	197.0	194.0	203.0	169.0	223.0	174.0	265.0	177.0	256.0	248.0	261.0	205.0	287.0	219.0	300.0	219.0	363.0	184.0	10
74.0	200.0	71.0	217.0	91.0	197.0	156.0	161.0	137.0	177.0	174.0	212.0	172.0	237.0	163.0	256.0	181.0	184.0	198.0	154.0	198.0	195.0	202.0	167.0	225.0	173.0	268.0	174.0	257.0	250.0	267.0	206.0	291.0	220.0	307.0	221.0	374.0	186.0	10
78.0	201.0	76.0	216.0	97.0	198.0	156.0	165.0	137.0	181.0	175.0	213.0	172.0	234.0	164.0	251.0	176.0	186.0	197.0	159.0	194.0	196.0	201.0	170.0	224.0	175.0	268.0	178.0	256.0	246.0	266.0	207.0	285.0	218.0	300.0	218.0	363.0	184.0	10
75.0	200.0	72.0	214.0	94.0	196.0	155.0	162.0	137.0	176.0	174.0	213.0	170.0	235.0	162.0	253.0	180.0	185.0	198.0	155.0	191.0	193.0	202.0	167.0	223.0	172.0	266.0	175.0	255.0	248.0	267.0	207.0	288.0	219.0	301.0	219.0	369.0	183.0	10
60.0	202.0	56.0	220.0	80.0	199.0	150.0	158.0	130.0	175.0	170.0	214.0	167.0	239.0	159.0	258.0	175.0	182.0	192.0	151.0	193.0	193.0	198.0	164.0	224.0	170.0	276.0	175.0	258.0	253.0	270.0	206.0	291.0	220.0	307.0	221.0	380.0	184.0	10
75.0	201.0	71.0	214.0	94.0	199.0	159.0	163.0	139.0	180.0	174.0	212.0	170.0	234.0	162.0	250.0	181.0	186.0	200.0	157.0	197.0	197.0	204.0	170.0	229.0	176.0	270.0	179.0	249.0	248.0	262.0	207.0	282.0	219.0	296.0	220.0	359.0	187.0	10
66.0	200.0	61.0	215.0	87.0	198.0	152.0	161.0	134.0	178.0	171.0	213.0	168.0	236.0	158.0	253.0	177.0	184.0	196.0	154.0	196.0	196.0	200.0	167.0	226.0	173.0	267.0	175.0	258.0	250.0	263.0	205.0	286.0	219.0	301.0	219.0	369.0	181.0	10
70.0	201.0	68.0	218.0	92.0	198.0	154.0	162.0	135.0	178.0	171.0	213.0	169.0	235.0	159.0	253.0	180.0	184.0	193.0	155.0	194.0	193.0	201.0	167.0	224.0	173.0	275.0	176.0	257.0	250.0	268.0	206.0	288.0	219.0	303.0	220.0	375.0	185.0	10
70.0	200.0	66.0	216.0	93.0	198.0	153.0	162.0	136.0	178.0	174.0	213.0	170.0	236.0	160.0	253.0	181.0	184.0	199.0	156.0	197.0	196.0	204.0	168.0	228.0	175.0	269.0	178.0	256.0	248.0	267.0	206.0	288.0	220.0	302.0	220.0	366.0	184.0	10
70.0	202.0	67.0	217.0	95.0	199.0	156.0	163.0	138.0	179.0	174.0	213.0	172.0	236.0	163.0	254.0	178.0	185.0	196.0	156.0	194.0	195.0	203.0	169.0	225.0	174.0	271.0	177.0	257.0	249.0	267.0	206.0	289.0	219.0	303.0	219.0	371.0	183.0	10
68.0	201.0	64.0	217.0	89.0	198.0	154.0	161.0	135.0	179.0	172.0	214.0	168.0	237.0	159.0	254.0	179.0	184.0	200.0	154.0	196.0	195.0	205.0	166.0	227.0	172.0	269.0	175.0	257.0	250.0	266.0	206.0	289.0	221.0	302.0	220.0	371.0	184.0	10
64.0	201.0	61.0	218.0	86.0	198.0	145.0	160.0	132.0	176.0	169.0	214.0	166.0	237.0	157.0	255.0	175.0	183.0	196.0	152.0	190.0	194.0	201.0	165.0	226.0	172.0	272.0	175.0	255.0	251.0	266.0	207.0	287.0	221.0	302.0	220.0	373.0	180.0	10
76.0	201.0	72.0	216.0	95.0	198.0	156.0	162.0	139.0	178.0	175.0	213.0	173.0	237.0	165.0	255.0	182.0	184.0	198.0	154.0	197.0	194.0	202.0	167.0	224.0	173.0	265.0	175.0	259.0	249.0	265.0	204.0	290.0	219.0	306.0	220.0	371.0	178.0	10
73.0	201.0	69.0	216.0	93.0	199.0	156.0	163.0	136.0	180.0	174.0	212.0	173.0	236.0	164.0	252.0	183.0	186.0	200.0	156.0	197.0	196.0	204.0	169.0	226.0	174.0	271.0	176.0	257.0	246.0	266.0	206.0	288.0	219.0	302.0	219.0	367.0	185.0	10
75.0	200.0	71.0	216.0	93.0	198.0	158.0	163.0	139.0	179.0	175.0	214.0	173.0	237.0	164.0	254.0	179.0	185.0	197.0	156.0	197.0	197.0	202.0	169.0	224.0	175.0	268.0	176.0	259.0	250.0	268.0	206.0	291.0	219.0	305.0	220.0	369.0	180.0	10
76.0	209.0	72.0	225.0	102.0	168.0	163.0	163.0	151.0	182.0	180.0	240.0	182.0	215.0	171.0	260.0	103.0	201.0	207.0	155.0	190.0	186.0	203.0	196.0	214.0	168.0	238.0	173.0	269.0	251.0	278.0	207.0	285.0	174.0	305.0	219.0	386.0	178.0	10
74.0	201.0	70.0	216.0	95.0	198.0	156.0	162.0	137.0	179.0	173.0	214.0	171.0	237.0	161.0	254.0	179.0	184.0	196.0	156.0	193.0	193.0	201.0	168.0	223.0	173.0	274.0	176.0	257.0	250.0	265.0	206.0	289.0	220.0	304.0	220.0	369.0	184.0	10
55.0	199.0	49.0	217.0	77.0	197.0	148.0	156.0	127.0	175.0	169.0	216.0	165.0	242.0	154.0	262.0	175.0	183.0	198.0	149.0	198.0	197.0	204.0	164.0	228.0	171.0	276.0	174.0	261.0	256.0	269.0	205.0	295.0	221.0	312.0	222.0	387.0	180.0	10
57.0	199.0	53.0	217.0	83.0	196.0	152.0	156.0	130.0	175.0	171.0	215.0	168.0	241.0	155.0	260.0	178.0	183.0	197.0	149.0	194.0	193.0	205.0	164.0	229.0	170.0	277.0	173.0	260.0	257.0	276.0	208.0	296.0	222.0	312.0	223.0	389.0	182.0	10
75.0	201.0	70.0	217.0	96.0	198.0	157.0	162.0	138.0	178.0	174.0	212.0	171.0	235.0	161.0	252.0	181.0	184.0	197.0	155.0	194.0	192.0	201.0	167.0	225.0	173.0	272.0	177.0	252.0	249.0	265.0	206.0	285.0	219.0	300.0	220.0	366.0	186.0	10
63.0	201.0	59.0	216.0	86.0	197.0	151.0	162.0	134.0	178.0	172.0	212.0	166.0	236.0	156.0	252.0	180.0	185.0	197.0	154.0	197.0	196.0	202.0	167.0	227.0	174.0	272.0	175.0	258.0	250.0	267.0	206.0	291.0	220.0	305.0	219.0	375.0	182.0	10
74.0	201.0	70.0	216.0	94.0	199.0	155.0	163.0	137.0	179.0	173.0	213.0	172.0	237.0	163.0	253.0	178.0	184.0	200.0	156.0	198.0	197.0	205.0	169.0	227.0	175.0	267.0	178.0	255.0	249.0	265.0	206.0	285.0	219.0	299.0	219.0	364.0	185.0	10
73.0	202.0	70.0	216.0	97.0	198.0	156.0	164.0	137.0	180.0	176.0	213.0	172.0	235.0	164.0	251.0	181.0	186.0	199.0	157.0	196.0	195.0	203.0	169.0	228.0	176.0	270.0	178.0	258.0	246.0	265.0	205.0	286.0	219.0	301.0	218.0	362.0	184.0	10
76.0	199.0	71.0	214.0	94.0	197.0	159.0	162.0	139.0	179.0	172.0	213.0	171.0	235.0	161.0	252.0	180.0	186.0	199.0	156.0	194.0	196.0	205.0	169.0	227.0	175.0	268.0	179.0	251.0	247.0	262.0	207.0	283.0	220.0	297.0	220.0	362.0	185.0	10
66.0	203.0	62.0	219.0	87.0	200.0	154.0	159.0	135.0	177.0	171.0	215.0	169.0	239.0	160.0	258.0	179.0	184.0	198.0	151.0	192.0	193.0	204.0	165.0	227.0	170.0	276.0	174.0	260.0	253.0	269.0	206.0	293.0	221.0	310.0	220.0	380.0	182.0	10
75.0	200.0	73.0	216.0	96.0	197.0	156.0	162.0	139.0	178.0	173.0	213.0	170.0	236.0	160.0	252.0	182.0	185.0	196.0	156.0	194.0	194.0	201.0	168.0	221.0	174.0	271.0	177.0	254.0	247.0	263.0	205.0	287.0	219.0	299.0	219.0	361.0	184.0	10
76.0	201.0	73.0	216.0	98.0	197.0	157.0	162.0	139.0	178.0	172.0	212.0	171.0	234.0	161.0	251.0	180.0	184.0	197.0	156.0	196.0	195.0	202.0	169.0	224.0	175.0	267.0	178.0	253.0	247.0	263.0	206.0	281.0	219.0	297.0	221.0	365.0	186.0	10
69.0	200.0	63.0	215.0	91.0	199.0	154.0	162.0	137.0	176.0	172.0	214.0	170.0	236.0	159.0	254.0	181.0	184.0	199.0	154.0	193.0	193.0	204.0	168.0	226.0	174.0	271.0	178.0	254.0	250.0	265.0	207.0	284.0	221.0	299.0	222.0	368.0	184.0	10
72.0	200.0	68.0	214.0	94.0	197.0	155.0	164.0	138.0	180.0	175.0	213.0	174.0	235.0	163.0	251.0	182.0	186.0	198.0	157.0	197.0	196.0	203.0	169.0	229.0	176.0	268.0	177.0	255.0	248.0	265.0	205.0	286.0	219.0	300.0	219.0	364.0	183.0	10
73.0	202.0	70.0	218.0	95.0	198.0	153.0	161.0	137.0	177.0	171.0	213.0	170.0	235.0	160.0	252.0	177.0	183.0	193.0	155.0	194.0	194.0	199.0	167.0	221.0	172.0	270.0	176.0	253.0	248.0	264.0	205.0	285.0	220.0	300.0	220.0	366.0	182.0	10
79.0	201.0	75.0	216.0	100.0	198.0	155.0	163.0	138.0	180.0	175.0	214.0	172.0	236.0	164.0	252.0	181.0	185.0	197.0	156.0	197.0	195.0	200.0	169.0	222.0	174.0	262.0	177.0	254.0	248.0	262.0	206.0	285.0	220.0	300.0	220.0	362.0	180.0	10
74.0	200.0	71.0	216.0	96.0	197.0	160.0	161.0	140.0	178.0	177.0	212.0	175.0	236.0	166.0	253.0	182.0	184.0	201.0	155.0	201.0	196.0	206.0	168.0	225.0	173.0	265.0	175.0	257.0	249.0	265.0	204.0	288.0	219.0	304.0	220.0	368.0	183.0	10
64.0	200.0	59.0	215.0	84.0	197.0	150.0	159.0	130.0	177.0	172.0	213.0	167.0	239.0	156.0	257.0	178.0	183.0	198.0	151.0	197.0	195.0	203.0	164.0	225.0	171.0	269.0	174.0	260.0	253.0	268.0	206.0	293.0	222.0	308.0	222.0	378.0	180.0	10
58.0	200.0	54.0	219.0	78.0	198.0	150.0	157.0	130.0	176.0	170.0	216.0	166.0	242.0	155.0	260.0	177.0	184.0	198.0	150.0	196.0	196.0	204.0	164.0	227.0	171.0	275.0	174.0	259.0	256.0	269.0	207.0	294.0	222.0	309.0	223.0	385.0	182.0	10
76.0	200.0	73.0	215.0	95.0	198.0	161.0	162.0	139.0	179.0	173.0	213.0	170.0	236.0	161.0	253.0	179.0	186.0	200.0	156.0	196.0	196.0	205.0	169.0	226.0	175.0	268.0	179.0	253.0	250.0	264.0	208.0	285.0	220.0	298.0	220.0	363.0	185.0	10
73.0	201.0	69.0	217.0	92.0	198.0	155.0	162.0	138.0	177.0	171.0	213.0	169.0	235.0	160.0	252.0	180.0	185.0	194.0	156.0	196.0	195.0	200.0	168.0	223.0	174.0	272.0	177.0	253.0	250.0	265.0	206.0	285.0	219.0	301.0	220.0	370.0	186.0	10
75.0	199.0	69.0	213.0	98.0	197.0	159.0	162.0	139.0	178.0	174.0	213.0	171.0	236.0	162.0	253.0	180.0	185.0	200.0	155.0	195.0	195.0	205.0	168.0	225.0	174.0	267.0	178.0	253.0	249.0	264.0	206.0	284.0	218.0	298.0	219.0	364.0	184.0	10
75.0	200.0	71.0	216.0	96.0	198.0	154.0	163.0	139.0	179.0	174.0	213.0	170.0	234.0	161.0	252.0	181.0	185.0	197.0	156.0	196.0	195.0	202.0	168.0	228.0	175.0	273.0	177.0	257.0	247.0	264.0	205.0	285.0	219.0	298.0	219.0	366.0	183.0	10
81.0	200.0	77.0	215.0	100.0	197.0	158.0	163.0	143.0	179.0	176.0	211.0	172.0	232.0	163.0	248.0	183.0	185.0	200.0	157.0	197.0	195.0	204.0	169.0	225.0	175.0	266.0	178.0	253.0	245.0	260.0	205.0	281.0	219.0	295.0	219.0	357.0	184.0	10
71.0	199.0	67.0	216.0	94.0	197.0	153.0	161.0	135.0	177.0	172.0	213.0	168.0	235.0	159.0	253.0	177.0	183.0	196.0	154.0	195.0	195.0	203.0	167.0	227.0	173.0	272.0	176.0	256.0	249.0	265.0	207.0	285.0	220.0	300.0	220.0	367.0	180.0	10
67.0	201.0	64.0	218.0	90.0	197.0	157.0	160.0	140.0	176.0	173.0	210.0	171.0	235.0	163.0	254.0	183.0	184.0	198.0	154.0	193.0	193.0	206.0	167.0	226.0	173.0	272.0	176.0	255.0	248.0	265.0	205.0	287.0	219.0	303.0	220.0	371.0	186.0	10
60.0	201.0	57.0	217.0	81.0	198.0	150.0	159.0	131.0	176.0	168.0	214.0	166.0	239.0	158.0	257.0	174.0	184.0	194.0	153.0	189.0	194.0	199.0	166.0	225.0	172.0	274.0	175.0	260.0	254.0	268.0	207.0	292.0	222.0	310.0	220.0	379.0	183.0	10
80.0	200.0	78.0	216.0	95.0	198.0	157.0	162.0	138.0	178.0	173.0	212.0	172.0	235.0	163.0	252.0	179.0	185.0	197.0	157.0	194.0	195.0	201.0	168.0	221.0	174.0	266.0	176.0	252.0	248.0	262.0	205.0	286.0	219.0	299.0	220.0	364.0	182.0	10
66.0	199.0	62.0	216.0	85.0	198.0	154.0	158.0	135.0	176.0	171.0	214.0	167.0	238.0	157.0	256.0	176.0	183.0	198.0	152.0	194.0	195.0	203.0	165.0	227.0	172.0	272.0	176.0	257.0	253.0	264.0	206.0	289.0	221.0	303.0	221.0	373.0	181.0	10
77.0	200.0	74.0	215.0	98.0	197.0	157.0	163.0	142.0	179.0	175.0	212.0	172.0	234.0	162.0	250.0	183.0	185.0	200.0	156.0	197.0	195.0	204.0	168.0	227.0	174.0	268.0	177.0	255.0	247.0	262.0	205.0	284.0	220.0	298.0	220.0	361.0	185.0	10
74.0	200.0	70.0	214.0	97.0	197.0	155.0	164.0	139.0	178.0	174.0	213.0	171.0	235.0	163.0	250.0	180.0	185.0	199.0	157.0	195.0	195.0	204.0	169.0	228.0	175.0	271.0	179.0	255.0	246.0	265.0	207.0	283.0	218.0	297.0	218.0	365.0	184.0	10
69.0	202.0	65.0	218.0	91.0	199.0	155.0	162.0	136.0	178.0	174.0	214.0	171.0	238.0	162.0	255.0	180.0	183.0	197.0	154.0	197.0	194.0	203.0	167.0	224.0	173.0	268.0	176.0	259.0	250.0	265.0	205.0	291.0	220.0	305.0	220.0	372.0	183.0	10
57.0	196.0	52.0	215.0	79.0	193.0	132.0	172.0	178.0	180.0	172.0	213.0	170.0	239.0	160.0	260.0	200.0	145.0	206.0	160.0	195.0	191.0	228.0	165.0	253.0	250.0	281.0	168.0	269.0	254.0	278.0	204.0	303.0	217.0	319.0	216.0	397.0	175.0	10
74.0	202.0	73.0	217.0	93.0	199.0	154.0	163.0	136.0	178.0	173.0	213.0	170.0	234.0	161.0	251.0	178.0	184.0	193.0	157.0	193.0	195.0	199.0	169.0	224.0	174.0	269.0	177.0	255.0	247.0	262.0	204.0	284.0	219.0	301.0	220.0	369.0	184.0	10
78.0	201.0	75.0	218.0	95.0	198.0	155.0	163.0	137.0	179.0	174.0	213.0	170.0	237.0	164.0	253.0	178.0	185.0	197.0	156.0	195.0	196.0	202.0	169.0	222.0	174.0	264.0	175.0	253.0	249.0	263.0	206.0	285.0	219.0	300.0	221.0	368.0	185.0	10
68.0	199.0	63.0	215.0	89.0	196.0	153.0	160.0	136.0	177.0	172.0	214.0	168.0	237.0	158.0	255.0	179.0	184.0	200.0	152.0	194.0	195.0	206.0	166.0	228.0	172.0	271.0	175.0	256.0	252.0	269.0	208.0	288.0	221.0	304.0	222.0	372.0	181.0	10
72.0	201.0	68.0	217.0	93.0	198.0	155.0	162.0	138.0	179.0	174.0	212.0	169.0	235.0	160.0	252.0	180.0	184.0	196.0	154.0	198.0	196.0	203.0	167.0	225.0	174.0	271.0	176.0	256.0	248.0	263.0	205.0	285.0	220.0	300.0	220.0	365.0	181.0	10
75.0	198.0	69.0	214.0	95.0	196.0	158.0	161.0	139.0	177.0	174.0	213.0	169.0	235.0	160.0	252.0	180.0	184.0	200.0	154.0	196.0	195.0	205.0	166.0	228.0	174.0	271.0	177.0	253.0	250.0	265.0	207.0	284.0	220.0	300.0	220.0	364.0	183.0	10
66.0	199.0	60.0	215.0	85.0	196.0	150.0	158.0	130.0	177.0	173.0	214.0	169.0	238.0	159.0	256.0	179.0	183.0	198.0	151.0	195.0	194.0	203.0	164.0	226.0	170.0	270.0	174.0	261.0	252.0	270.0	206.0	294.0	221.0	310.0	221.0	379.0	179.0	10
56.0	202.0	51.0	218.0	79.0	200.0	146.0	157.0	126.0	176.0	168.0	216.0	163.0	241.0	154.0	259.0	175.0	184.0	197.0	150.0	193.0	195.0	201.0	164.0	230.0	172.0	276.0	174.0	262.0	255.0	267.0	206.0	290.0	221.0	307.0	221.0	383.0	181.0	10
75.0	202.0	71.0	216.0	96.0	199.0	156.0	163.0	139.0	178.0	173.0	214.0	170.0	235.0	161.0	251.0	178.0	185.0	197.0	157.0	195.0	197.0	201.0	169.0	224.0	175.0	268.0	177.0	258.0	249.0	266.0	207.0	288.0	220.0	302.0	219.0	364.0	182.0	10
63.0	199.0	59.0	216.0	85.0	196.0	152.0	159.0	134.0	177.0	171.0	213.0	167.0	237.0	158.0	255.0	176.0	183.0	198.0	152.0	195.0	194.0	203.0	165.0	225.0	172.0	268.0	175.0	255.0	250.0	265.0	206.0	287.0	220.0	301.0	220.0	371.0	183.0	10
68.0	199.0	62.0	217.0	91.0	197.0	155.0	160.0	138.0	174.0	173.0	214.0	170.0	238.0	159.0	259.0	180.0	184.0	197.0	154.0	196.0	197.0	203.0	167.0	225.0	172.0	267.0	176.0	259.0	253.0	267.0	207.0	289.0	221.0	304.0	222.0	378.0	183.0	11
65.0	199.0	59.0	216.0	91.0	197.0	156.0	159.0	134.0	177.0	173.0	215.0	171.0	238.0	162.0	258.0	180.0	184.0	198.0	154.0	196.0	197.0	205.0	167.0	232.0	173.0	277.0	177.0	259.0	252.0	270.0	207.0	289.0	221.0	307.0	222.0	382.0	184.0	11
67.0	201.0	60.0	217.0	92.0	199.0	157.0	161.0	138.0	177.0	173.0	215.0	171.0	237.0	162.0	256.0	181.0	186.0	197.0	155.0	194.0	197.0	203.0	168.0	226.0	173.0	270.0	177.0	257.0	250.0	267.0	207.0	288.0	220.0	304.0	221.0	374.0	188.0	11
78.0	200.0	72.0	214.0	100.0	198.0	161.0	163.0	144.0	177.0	174.0	213.0	173.0	234.0	165.0	252.0	184.0	185.0	197.0	158.0	195.0	195.0	204.0	170.0	226.0	175.0	265.0	178.0	254.0	246.0	264.0	206.0	282.0	218.0	295.0	219.0	361.0	184.0	11
79.0	201.0	74.0	216.0	103.0	198.0	160.0	163.0	141.0	177.0	175.0	213.0	173.0	235.0	164.0	252.0	182.0	186.0	199.0	158.0	196.0	197.0	204.0	170.0	224.0	175.0	266.0	179.0	253.0	247.0	259.0	206.0	279.0	218.0	293.0	219.0	360.0	188.0	11
79.0	200.0	74.0	215.0	102.0	198.0	160.0	163.0	139.0	179.0	176.0	215.0	174.0	235.0	163.0	253.0	182.0	186.0	198.0	157.0	196.0	197.0	203.0	170.0	225.0	175.0	266.0	178.0	253.0	247.0	261.0	206.0	282.0	219.0	295.0	220.0	360.0	184.0	11
74.0	199.0	69.0	216.0	98.0	197.0	160.0	162.0	138.0	178.0	175.0	215.0	173.0	236.0	163.0	254.0	184.0	186.0	198.0	156.0	195.0	196.0	204.0	169.0	227.0	174.0	269.0	178.0	255.0	249.0	263.0	206.0	285.0	220.0	299.0	220.0	366.0	186.0	11
75.0	199.0	68.0	214.0	98.0	197.0	159.0	162.0	140.0	178.0	174.0	214.0	172.0	236.0	162.0	254.0	180.0	185.0	198.0	157.0	195.0	198.0	204.0	169.0	226.0	174.0	269.0	178.0	252.0	249.0	263.0	207.0	281.0	220.0	297.0	220.0	369.0	186.0	11
83.0	200.0	76.0	215.0	103.0	197.0	163.0	162.0	143.0	179.0	175.0	212.0	171.0	234.0	162.0	251.0	182.0	185.0	201.0	157.0	197.0	197.0	205.0	169.0	224.0	174.0	265.0	177.0	252.0	248.0	260.0	206.0	281.0	219.0	296.0	220.0	363.0	186.0	11
76.0	199.0	69.0	215.0	94.0	198.0	160.0	162.0	139.0	178.0	177.0	213.0	174.0	236.0	165.0	254.0	181.0	185.0	197.0	156.0	198.0	196.0	204.0	169.0	222.0	174.0	270.0	178.0	257.0	249.0	261.0	204.0	285.0	218.0	299.0	219.0	367.0	184.0	11
76.0	199.0	71.0	213.0	98.0	197.0	162.0	163.0	143.0	178.0	176.0	214.0	173.0	234.0	165.0	251.0	182.0	186.0	200.0	158.0	195.0	196.0	205.0	171.0	224.0	175.0	265.0	178.0	255.0	246.0	260.0	206.0	282.0	219.0	295.0	219.0	359.0	186.0	11
62.0	203.0	78.0	203.0	106.0	241.0	180.0	139.0	171.0	150.0	193.0	173.0	178.0	184.0	103.0	282.0	148.0	156.0	201.0	205.0	202.0	231.0	210.0	252.0	221.0	144.0	245.0	166.0	291.0	190.0	295.0	241.0	317.0	194.0	322.0	212.0	375.0	201.0	11
79.0	199.0	73.0	214.0	100.0	197.0	161.0	163.0	142.0	177.0	177.0	213.0	173.0	234.0	164.0	252.0	186.0	186.0	200.0	158.0	200.0	196.0	206.0	170.0	226.0	175.0	267.0	179.0	253.0	248.0	261.0	206.0	280.0	218.0	294.0	219.0	364.0	185.0	11
77.0	200.0	72.0	216.0	98.0	197.0	158.0	162.0	141.0	178.0	173.0	214.0	168.0	235.0	161.0	253.0	181.0	186.0	196.0	156.0	195.0	197.0	202.0	169.0	222.0	174.0	267.0	178.0	252.0	248.0	261.0	205.0	284.0	219.0	298.0	221.0	369.0	185.0	11
69.0	199.0	65.0	217.0	92.0	197.0	155.0	159.0	138.0	174.0	173.0	214.0	171.0	237.0	161.0	258.0	181.0	184.0	194.0	154.0	197.0	197.0	202.0	167.0	225.0	173.0	266.0	175.0	258.0	252.0	268.0	207.0	288.0	220.0	303.0	221.0	375.0	182.0	11
79.0	200.0	72.0	215.0	98.0	198.0	161.0	162.0	143.0	177.0	173.0	213.0	168.0	236.0	159.0	254.0	183.0	185.0	200.0	156.0	195.0	195.0	206.0	169.0	226.0	175.0	268.0	179.0	253.0	248.0	259.0	205.0	283.0	220.0	299.0	221.0	368.0	188.0	11
82.0	200.0	75.0	216.0	102.0	197.0	159.0	163.0	141.0	177.0	174.0	213.0	170.0	235.0	162.0	252.0	179.0	185.0	198.0	157.0	197.0	196.0	201.0	169.0	219.0	174.0	263.0	176.0	253.0	247.0	262.0	204.0	285.0	218.0	297.0	218.0	362.0	186.0	11
76.0	200.0	70.0	216.0	98.0	198.0	159.0	162.0	139.0	177.0	175.0	213.0	172.0	234.0	164.0	252.0	179.0	184.0	196.0	155.0	196.0	194.0	202.0	168.0	223.0	172.0	265.0	176.0	254.0	248.0	265.0	205.0	284.0	218.0	297.0	218.0	363.0	184.0	11
69.0	199.0	63.0	217.0	92.0	197.0	156.0	160.0	139.0	175.0	173.0	214.0	170.0	238.0	160.0	259.0	180.0	184.0	196.0	154.0	196.0	197.0	203.0	168.0	224.0	173.0	266.0	176.0	259.0	253.0	266.0	207.0	289.0	221.0	304.0	221.0	376.0	182.0	11
77.0	200.0	69.0	215.0	97.0	198.0	160.0	162.0	141.0	177.0	175.0	213.0	171.0	235.0	162.0	254.0	182.0	185.0	198.0	157.0	197.0	196.0	204.0	169.0	226.0	175.0	267.0	178.0	253.0	247.0	261.0	205.0	282.0	218.0	297.0	219.0	367.0	187.0	11
73.0	200.0	69.0	217.0	98.0	198.0	157.0	161.0	138.0	177.0	174.0	214.0	172.0	236.0	163.0	254.0	182.0	186.0	197.0	156.0	197.0	198.0	204.0	169.0	225.0	173.0	269.0	177.0	256.0	251.0	263.0	206.0	284.0	219.0	298.0	220.0	371.0	185.0	11
60.0	199.0	52.0	215.0	85.0	198.0	157.0	157.0	137.0	174.0	173.0	216.0	171.0	241.0	162.0	261.0	181.0	185.0	199.0	151.0	195.0	196.0	207.0	166.0	230.0	172.0	272.0	175.0	260.0	254.0	268.0	207.0	290.0	222.0	306.0	222.0	380.0	183.0	11
78.0	198.0	71.0	213.0	101.0	196.0	164.0	162.0	144.0	177.0	176.0	212.0	175.0	234.0	166.0	251.0	184.0	185.0	202.0	157.0	197.0	196.0	207.0	169.0	228.0	175.0	267.0	178.0	255.0	246.0	257.0	204.0	280.0	218.0	293.0	218.0	362.0	186.0	11
61.0	199.0	56.0	217.0	86.0	196.0	157.0	156.0	137.0	174.0	170.0	215.0	168.0	238.0	159.0	259.0	181.0	183.0	197.0	150.0	195.0	195.0	203.0	165.0	224.0	170.0	270.0	174.0	256.0	252.0	262.0	204.0	288.0	220.0	303.0	221.0	375.0	185.0	11
72.0	200.0	66.0	215.0	93.0	198.0	159.0	160.0	140.0	177.0	173.0	213.0	169.0	236.0	162.0	254.0	180.0	184.0	199.0	155.0	196.0	196.0	206.0	168.0	226.0	173.0	271.0	177.0	255.0	249.0	262.0	204.0	285.0	219.0	298.0	220.0	370.0	185.0	11
79.0	200.0	73.0	217.0	99.0	198.0	158.0	162.0	139.0	177.0	174.0	214.0	170.0	236.0	161.0	254.0	180.0	185.0	198.0	156.0	195.0	196.0	203.0	169.0	222.0	173.0	264.0	177.0	254.0	249.0	261.0	205.0	286.0	220.0	299.0	220.0	367.0	186.0	11
73.0	200.0	66.0	217.0	96.0	196.0	157.0	160.0	139.0	174.0	173.0	214.0	169.0	236.0	159.0	255.0	181.0	184.0	199.0	153.0	197.0	194.0	205.0	167.0	225.0	172.0	272.0	176.0	258.0	251.0	265.0	203.0	292.0	220.0	306.0	221.0	379.0	185.0	11
80.0	199.0	75.0	215.0	103.0	197.0	161.0	162.0	140.0	178.0	177.0	214.0	174.0	234.0	164.0	252.0	182.0	185.0	198.0	157.0	196.0	196.0	203.0	169.0	225.0	174.0	265.0	177.0	252.0	246.0	261.0	205.0	281.0	218.0	294.0	218.0	359.0	183.0	11
69.0	199.0	63.0	216.0	93.0	196.0	160.0	158.0	138.0	174.0	172.0	215.0	170.0	238.0	161.0	258.0	183.0	186.0	199.0	153.0	193.0	195.0	204.0	167.0	223.0	171.0	269.0	175.0	256.0	253.0	262.0	206.0	288.0	222.0	300.0	221.0	371.0	185.0	11
78.0	200.0	72.0	214.0	100.0	198.0	161.0	162.0	144.0	177.0	175.0	212.0	173.0	234.0	165.0	252.0	184.0	185.0	196.0	157.0	196.0	195.0	204.0	170.0	226.0	174.0	266.0	178.0	253.0	246.0	265.0	207.0	282.0	218.0	295.0	219.0	361.0	184.0	11
63.0	202.0	57.0	219.0	88.0	200.0	156.0	161.0	136.0	177.0	172.0	216.0	170.0	238.0	161.0	258.0	181.0	186.0	195.0	154.0	194.0	197.0	203.0	167.0	226.0	173.0	271.0	176.0	258.0	252.0	269.0	207.0	290.0	221.0	306.0	221.0	378.0	186.0	11
74.0	200.0	68.0	216.0	98.0	197.0	159.0	162.0	137.0	178.0	174.0	215.0	173.0	235.0	162.0	254.0	182.0	186.0	197.0	156.0	194.0	195.0	203.0	168.0	225.0	174.0	267.0	177.0	254.0	248.0	263.0	205.0	284.0	219.0	298.0	219.0	365.0	184.0	11
68.0	199.0	61.0	213.0	92.0	197.0	159.0	162.0	140.0	176.0	172.0	213.0	171.0	237.0	161.0	255.0	181.0	187.0	198.0	155.0	193.0	197.0	205.0	169.0	223.0	174.0	266.0	177.0	255.0	250.0	262.0	205.0	285.0	219.0	299.0	220.0	369.0	184.0	11
77.0	200.0	71.0	218.0	98.0	198.0	158.0	161.0	139.0	177.0	176.0	214.0	171.0	237.0	162.0	257.0	178.0	184.0	196.0	155.0	195.0	195.0	201.0	168.0	221.0	173.0	266.0	176.0	254.0	250.0	262.0	205.0	285.0	219.0	299.0	220.0	369.0	188.0	11
62.0	200.0	56.0	217.0	86.0	199.0	152.0	158.0	133.0	176.0	170.0	214.0	167.0	238.0	158.0	258.0	179.0	184.0	195.0	152.0	194.0	195.0	204.0	167.0	226.0	172.0	274.0	176.0	260.0	253.0	266.0	205.0	292.0	221.0	306.0	221.0	383.0	185.0	11
72.0	201.0	66.0	216.0	97.0	199.0	158.0	161.0	138.0	178.0	173.0	214.0	170.0	236.0	162.0	253.0	180.0	185.0	197.0	155.0	194.0	195.0	204.0	169.0	225.0	174.0	270.0	178.0	257.0	249.0	263.0	204.0	285.0	219.0	298.0	219.0	368.0	185.0	11
64.0	199.0	59.0	216.0	90.0	196.0	156.0	159.0	134.0	176.0	172.0	215.0	170.0	237.0	161.0	257.0	179.0	184.0	197.0	153.0	195.0	197.0	203.0	166.0	230.0	173.0	276.0	177.0	257.0	252.0	269.0	207.0	287.0	220.0	306.0	222.0	380.0	183.0	11
70.0	200.0	64.0	217.0	93.0	198.0	158.0	159.0	137.0	176.0	173.0	214.0	171.0	238.0	163.0	258.0	179.0	184.0	197.0	153.0	196.0	196.0	202.0	166.0	221.0	170.0	267.0	174.0	256.0	254.0	263.0	206.0	285.0	221.0	301.0	223.0	372.0	182.0	11
79.0	200.0	72.0	215.0	99.0	198.0	158.0	162.0	140.0	178.0	176.0	212.0	172.0	234.0	164.0	252.0	183.0	185.0	197.0	156.0	197.0	196.0	204.0	169.0	226.0	174.0	267.0	177.0	253.0	247.0	264.0	204.0	285.0	218.0	298.0	218.0	368.0	185.0	11
51.0	202.0	44.0	224.0	80.0	197.0	163.0	147.0	140.0	168.0	185.0	219.0	179.0	247.0	170.0	271.0	197.0	179.0	216.0	138.0	215.0	193.0	225.0	155.0	253.0	161.0	315.0	165.0	298.0	263.0	306.0	202.0	340.0	224.0	366.0	209.0	361.0	223.0	11
75.0	199.0	68.0	214.0	98.0	196.0	159.0	162.0	139.0	178.0	172.0	213.0	172.0	236.0	163.0	254.0	179.0	186.0	200.0	155.0	195.0	197.0	206.0	169.0	225.0	174.0	267.0	177.0	255.0	250.0	261.0	205.0	283.0	219.0	298.0	220.0	368.0	183.0	11
66.0	198.0	60.0	213.0	92.0	196.0	159.0	160.0	139.0	175.0	172.0	214.0	171.0	237.0	162.0	256.0	182.0	186.0	200.0	155.0	193.0	195.0	207.0	168.0	225.0	173.0	269.0	176.0	257.0	250.0	263.0	205.0	287.0	220.0	300.0	220.0	370.0	182.0	11
82.0	200.0	77.0	215.0	105.0	197.0	162.0	162.0	143.0	177.0	176.0	212.0	175.0	233.0	165.0	251.0	184.0	186.0	199.0	158.0	196.0	196.0	205.0	170.0	223.0	174.0	266.0	178.0	253.0	246.0	260.0	206.0	279.0	218.0	293.0	219.0	359.0	188.0	11
42.0	194.0	22.0	201.0	52.0	201.0	123.0	176.0	110.0	180.0	72.0	185.0	83.0	189.0	117.0	254.0	150.0	165.0	192.0	141.0	161.0	231.0	221.0	169.0	229.0	198.0	271.0	115.0	310.0	159.0	314.0	216.0	318.0	298.0	324.0	259.0	338.0	166.0	11
73.0	198.0	67.0	213.0	96.0	196.0	162.0	162.0	143.0	176.0	175.0	213.0	172.0	234.0	162.0	252.0	184.0	186.0	201.0	157.0	197.0	196.0	207.0	170.0	227.0	174.0	267.0	177.0	256.0	247.0	264.0	206.0	284.0	219.0	297.0	219.0	363.0	184.0	11
73.0	198.0	68.0	213.0	98.0	196.0	160.0	162.0	140.0	176.0	172.0	213.0	171.0	234.0	162.0	252.0	183.0	187.0	198.0	157.0	194.0	196.0	205.0	170.0	226.0	175.0	270.0	178.0	254.0	248.0	262.0	205.0	283.0	219.0	297.0	219.0	364.0	183.0	11
64.0	199.0	58.0	216.0	88.0	198.0	157.0	158.0	137.0	176.0	172.0	214.0	167.0	239.0	159.0	256.0	179.0	184.0	197.0	153.0	197.0	197.0	206.0	167.0	229.0	173.0	275.0	177.0	258.0	253.0	262.0	205.0	290.0	221.0	303.0	221.0	379.0	185.0	11
81.0	201.0	73.0	216.0	101.0	198.0	161.0	162.0	142.0	178.0	174.0	214.0	171.0	235.0	162.0	253.0	180.0	186.0	198.0	156.0	196.0	196.0	202.0	169.0	221.0	173.0	260.0	176.0	254.0	247.0	260.0	204.0	283.0	218.0	297.0	218.0	365.0	188.0	11
79.0	199.0	74.0	215.0	99.0	197.0	163.0	163.0	142.0	177.0	175.0	214.0	171.0	235.0	163.0	252.0	183.0	186.0	200.0	157.0	196.0	196.0	206.0	169.0	226.0	175.0	267.0	178.0	252.0	249.0	261.0	206.0	282.0	219.0	295.0	220.0	362.0	187.0	11
74.0	199.0	69.0	215.0	98.0	197.0	159.0	162.0	139.0	177.0	175.0	214.0	172.0	236.0	163.0	253.0	180.0	185.0	198.0	156.0	196.0	198.0	204.0	169.0	227.0	174.0	270.0	178.0	253.0	249.0	264.0	207.0	282.0	219.0	298.0	220.0	369.0	185.0	11
82.0	200.0	76.0	214.0	104.0	197.0	162.0	165.0	144.0	179.0	177.0	213.0	174.0	234.0	166.0	251.0	182.0	187.0	199.0	159.0	196.0	197.0	205.0	172.0	223.0	176.0	264.0	179.0	252.0	246.0	258.0	205.0	280.0	218.0	293.0	218.0	362.0	186.0	11
72.0	200.0	65.0	215.0	96.0	199.0	156.0	163.0	137.0	178.0	175.0	213.0	172.0	234.0	164.0	253.0	177.0	185.0	195.0	157.0	195.0	197.0	203.0	171.0	221.0	174.0	268.0	177.0	257.0	248.0	263.0	205.0	285.0	218.0	300.0	219.0	368.0	184.0	11
83.0	200.0	77.0	217.0	105.0	197.0	162.0	163.0	144.0	177.0	176.0	213.0	173.0	234.0	165.0	252.0	184.0	185.0	201.0	156.0	199.0	195.0	207.0	169.0	225.0	174.0	269.0	177.0	256.0	247.0	262.0	203.0	287.0	218.0	300.0	218.0	367.0	185.0	11
89.0	189.0	49.0	195.0	114.0	226.0	206.0	173.0	188.0	178.0	145.0	183.0	149.0	210.0	128.0	226.0	215.0	162.0	229.0	189.0	214.0	201.0	235.0	217.0	239.0	238.0	249.0	163.0	268.0	180.0	311.0	200.0	333.0	201.0	337.0	217.0	391.0	200.0	11
76.0	202.0	74.0	218.0	97.0	200.0	155.0	163.0	138.0	180.0	176.0	213.0	172.0	235.0	165.0	254.0	180.0	185.0	196.0	157.0	199.0	167.0	200.0	199.0	225.0	173.0	268.0	176.0	266.0	249.0	266.0	205.0	290.0	219.0	303.0	218.0	370.0	180.0	12
72.0	201.0	66.0	215.0	91.0	198.0	155.0	162.0	136.0	179.0	174.0	214.0	170.0	237.0	161.0	255.0	176.0	184.0	200.0	155.0	197.0	197.0	204.0	167.0	223.0	173.0	261.0	175.0	260.0	251.0	263.0	207.0	288.0	222.0	299.0	221.0	369.0	179.0	12
83.0	198.0	78.0	213.0	102.0	197.0	165.0	163.0	144.0	179.0	178.0	212.0	174.0	233.0	165.0	249.0	182.0	184.0	205.0	158.0	198.0	196.0	209.0	169.0	226.0	175.0	266.0	180.0	253.0	248.0	265.0	211.0	281.0	222.0	294.0	222.0	362.0	189.0	12
77.0	199.0	71.0	214.0	96.0	197.0	161.0	161.0	141.0	178.0	175.0	212.0	172.0	235.0	163.0	252.0	178.0	183.0	201.0	156.0	197.0	195.0	205.0	167.0	221.0	172.0	262.0	176.0	254.0	249.0	262.0	206.0	286.0	221.0	297.0	220.0	366.0	186.0	12
76.0	199.0	69.0	213.0	91.0	198.0	159.0	161.0	140.0	178.0	173.0	213.0	169.0	234.0	163.0	251.0	178.0	183.0	201.0	156.0	197.0	195.0	205.0	167.0	225.0	173.0	265.0	175.0	257.0	248.0	265.0	207.0	286.0	220.0	298.0	219.0	365.0	182.0	12
73.0	198.0	68.0	213.0	95.0	196.0	163.0	161.0	143.0	177.0	176.0	213.0	171.0	234.0	162.0	251.0	181.0	182.0	203.0	156.0	198.0	195.0	206.0	167.0	224.0	172.0	263.0	176.0	255.0	249.0	263.0	206.0	286.0	220.0	298.0	220.0	367.0	187.0	12
84.0	199.0	79.0	214.0	105.0	198.0	158.0	164.0	143.0	177.0	176.0	212.0	170.0	234.0	163.0	249.0	182.0	185.0	204.0	165.0	196.0	197.0	223.0	175.0	251.0	247.0	262.0	178.0	257.0	205.0	278.0	220.0	291.0	220.0	354.0	187.0	376.0	203.0	13
76.0	200.0	71.0	217.0	98.0	198.0	160.0	162.0	140.0	178.0	174.0	214.0	169.0	235.0	161.0	253.0	184.0	186.0	201.0	157.0	194.0	196.0	206.0	169.0	229.0	174.0	270.0	178.0	256.0	252.0	261.0	206.0	288.0	222.0	300.0	221.0	366.0	186.0	13
88.0	175.0	8.0	222.0	113.0	223.0	129.0	139.0	124.0	190.0	196.0	243.0	162.0	225.0	189.0	230.0	198.0	197.0	225.0	150.0	215.0	209.0	221.0	175.0	235.0	131.0	263.0	215.0	239.0	235.0	265.0	301.0	312.0	190.0	343.0	168.0	338.0	186.0	13
79.0	199.0	73.0	214.0	99.0	197.0	163.0	163.0	143.0	178.0	175.0	214.0	170.0	235.0	162.0	251.0	185.0	186.0	202.0	158.0	197.0	197.0	208.0	170.0	228.0	176.0	268.0	179.0	253.0	250.0	257.0	206.0	283.0	221.0	294.0	221.0	359.0	186.0	13
69.0	200.0	63.0	217.0	93.0	198.0	154.0	159.0	134.0	176.0	172.0	214.0	168.0	237.0	161.0	256.0	180.0	184.0	201.0	153.0	197.0	196.0	206.0	164.0	228.0	170.0	273.0	175.0	258.0	252.0	266.0	206.0	291.0	222.0	303.0	222.0	377.0	185.0	13
78.0	201.0	72.0	215.0	99.0	198.0	161.0	163.0	141.0	178.0	174.0	214.0	169.0	236.0	161.0	252.0	182.0	186.0	199.0	158.0	194.0	196.0	204.0	170.0	224.0	175.0	268.0	179.0	255.0	252.0	262.0	208.0	287.0	222.0	297.0	221.0	362.0	186.0	13
63.0	198.0	56.0	215.0	90.0	197.0	157.0	158.0	138.0	175.0	172.0	215.0	167.0	238.0	158.0	257.0	180.0	183.0	202.0	152.0	198.0	197.0	207.0	165.0	229.0	171.0	270.0	175.0	260.0	254.0	270.0	208.0	297.0	225.0	310.0	224.0	380.0	180.0	13
57.0	196.0	52.0	212.0	82.0	195.0	150.0	159.0	131.0	175.0	168.0	216.0	164.0	239.0	154.0	258.0	173.0	184.0	200.0	160.0	190.0	197.0	227.0	173.0	255.0	259.0	287.0	158.0	261.0	209.0	267.0	178.0	288.0	227.0	303.0	228.0	379.0	189.0	13
79.0	193.0	74.0	208.0	100.0	192.0	156.0	162.0	137.0	175.0	168.0	210.0	163.0	231.0	154.0	247.0	176.0	185.0	199.0	160.0	190.0	196.0	200.0	170.0	221.0	177.0	257.0	183.0	241.0	248.0	253.0	210.0	272.0	223.0	284.0	223.0	349.0	190.0	13
69.0	200.0	63.0	215.0	91.0	198.0	158.0	160.0	136.0	177.0	172.0	214.0	168.0	238.0	160.0	256.0	181.0	186.0	199.0	155.0	194.0	197.0	205.0	168.0	229.0	173.0	265.0	176.0	255.0	253.0	264.0	207.0	290.0	223.0	301.0	222.0	371.0	183.0	13
76.0	199.0	72.0	215.0	98.0	198.0	160.0	161.0	143.0	176.0	175.0	213.0	170.0	236.0	161.0	253.0	183.0	184.0	201.0	156.0	199.0	197.0	206.0	169.0	227.0	174.0	265.0	177.0	253.0	250.0	265.0	209.0	284.0	221.0	296.0	221.0	363.0	185.0	13
72.0	200.0	65.0	215.0	95.0	198.0	160.0	160.0	139.0	176.0	175.0	214.0	172.0	237.0	162.0	256.0	182.0	185.0	201.0	154.0	197.0	197.0	208.0	168.0	231.0	173.0	266.0	177.0	256.0	252.0	263.0	205.0	290.0	222.0	302.0	222.0	374.0	185.0	13
78.0	200.0	71.0	215.0	101.0	198.0	160.0	163.0	142.0	178.0	174.0	214.0	170.0	235.0	159.0	250.0	180.0	185.0	201.0	157.0	195.0	196.0	206.0	169.0	227.0	174.0	265.0	177.0	254.0	248.0	259.0	206.0	284.0	222.0	297.0	222.0	363.0	185.0	13
79.0	157.0	7.0	160.0	77.0	319.0	80.0	143.0	103.0	166.0	183.0	202.0	157.0	223.0	100.0	315.0	142.0	198.0	192.0	147.0	190.0	172.0	195.0	235.0	204.0	193.0	280.0	155.0	231.0	226.0	205.0	226.0	303.0	193.0	317.0	198.0	360.0	244.0	13
36.0	181.0	54.0	186.0	105.0	216.0	200.0	168.0	180.0	173.0	138.0	211.0	120.0	221.0	144.0	246.0	208.0	198.0	210.0	156.0	210.0	245.0	227.0	184.0	232.0	215.0	251.0	159.0	236.0	238.0	266.0	177.0	311.0	201.0	335.0	204.0	339.0	220.0	13
96.0	176.0	17.0	219.0	119.0	224.0	137.0	142.0	131.0	192.0	200.0	247.0	167.0	227.0	192.0	233.0	203.0	201.0	231.0	156.0	219.0	213.0	226.0	180.0	241.0	138.0	266.0	221.0	241.0	240.0	264.0	306.0	315.0	198.0	345.0	178.0	340.0	195.0	13
77.0	199.0	71.0	214.0	99.0	197.0	160.0	160.0	141.0	177.0	172.0	213.0	169.0	235.0	161.0	252.0	180.0	186.0	198.0	156.0	193.0	195.0	203.0	168.0	222.0	173.0	264.0	177.0	253.0	248.0	260.0	206.0	284.0	220.0	295.0	220.0	363.0	183.0	13
75.0	200.0	68.0	214.0	98.0	197.0	161.0	161.0	143.0	177.0	173.0	214.0	170.0	236.0	163.0	253.0	181.0	185.0	198.0	156.0	196.0	196.0	205.0	168.0	225.0	173.0	269.0	177.0	255.0	251.0	264.0	205.0	288.0	219.0	299.0	219.0	370.0	183.0	13
76.0	198.0	68.0	213.0	100.0	197.0	162.0	161.0	141.0	177.0	174.0	213.0	170.0	236.0	162.0	254.0	180.0	185.0	202.0	155.0	196.0	197.0	208.0	169.0	225.0	173.0	267.0	177.0	250.0	250.0	259.0	206.0	283.0	221.0	296.0	222.0	360.0	183.0	13
72.0	199.0	66.0	215.0	92.0	197.0	158.0	159.0	138.0	176.0	172.0	213.0	170.0	236.0	161.0	255.0	181.0	184.0	199.0	152.0	195.0	195.0	206.0	166.0	227.0	172.0	264.0	176.0	256.0	251.0	262.0	204.0	287.0	221.0	301.0	221.0	377.0	183.0	13
77.0	199.0	70.0	213.0	99.0	197.0	160.0	162.0	143.0	178.0	173.0	213.0	170.0	234.0	162.0	251.0	181.0	185.0	197.0	158.0	195.0	195.0	203.0	169.0	223.0	173.0	265.0	177.0	251.0	248.0	260.0	204.0	283.0	218.0	294.0	218.0	362.0	187.0	13
70.0	200.0	63.0	215.0	94.0	197.0	158.0	159.0	139.0	175.0	170.0	214.0	167.0	236.0	158.0	256.0	181.0	185.0	198.0	154.0	195.0	196.0	204.0	167.0	224.0	172.0	266.0	176.0	257.0	251.0	265.0	207.0	290.0	222.0	301.0	221.0	372.0	182.0	13
78.0	201.0	71.0	215.0	99.0	199.0	161.0	162.0	141.0	178.0	173.0	214.0	170.0	235.0	163.0	250.0	181.0	186.0	197.0	157.0	196.0	196.0	203.0	169.0	222.0	172.0	264.0	176.0	254.0	248.0	264.0	206.0	285.0	219.0	296.0	219.0	363.0	183.0	13
74.0	200.0	67.0	216.0	97.0	198.0	158.0	160.0	139.0	178.0	173.0	215.0	168.0	237.0	161.0	254.0	180.0	185.0	199.0	154.0	196.0	196.0	205.0	166.0	225.0	171.0	262.0	175.0	255.0	251.0	261.0	205.0	289.0	221.0	300.0	221.0	370.0	183.0	13
79.0	199.0	74.0	214.0	99.0	196.0	163.0	162.0	143.0	178.0	175.0	213.0	170.0	235.0	162.0	250.0	185.0	186.0	202.0	157.0	197.0	196.0	207.0	170.0	228.0	175.0	267.0	178.0	252.0	248.0	257.0	205.0	283.0	220.0	293.0	220.0	358.0	185.0	13
70.0	197.0	63.0	213.0	93.0	196.0	159.0	160.0	139.0	177.0	172.0	213.0	167.0	235.0	160.0	255.0	180.0	185.0	200.0	155.0	194.0	196.0	204.0	167.0	225.0	172.0	268.0	176.0	257.0	252.0	264.0	206.0	289.0	221.0	301.0	221.0	376.0	182.0	13
72.0	199.0	65.0	216.0	93.0	198.0	159.0	158.0	136.0	177.0	171.0	213.0	169.0	237.0	161.0	257.0	181.0	185.0	200.0	152.0	192.0	195.0	207.0	166.0	228.0	172.0	266.0	176.0	253.0	253.0	260.0	205.0	286.0	222.0	300.0	223.0	374.0	183.0	13
79.0	199.0	75.0	215.0	99.0	197.0	160.0	160.0	141.0	176.0	173.0	213.0	172.0	235.0	163.0	253.0	181.0	184.0	201.0	154.0	195.0	194.0	207.0	167.0	226.0	173.0	262.0	177.0	252.0	250.0	259.0	205.0	283.0	220.0	296.0	220.0	367.0	184.0	13
78.0	197.0	70.0	213.0	102.0	196.0	160.0	160.0	141.0	177.0	173.0	213.0	171.0	235.0	162.0	253.0	185.0	186.0	200.0	155.0	193.0	194.0	206.0	167.0	226.0	173.0	264.0	176.0	252.0	250.0	261.0	206.0	285.0	220.0	296.0	220.0	362.0	183.0	13
68.0	199.0	64.0	217.0	91.0	197.0	157.0	157.0	135.0	176.0	172.0	215.0	169.0	238.0	160.0	257.0	182.0	185.0	198.0	151.0	192.0	194.0	205.0	166.0	227.0	172.0	265.0	175.0	258.0	253.0	264.0	206.0	292.0	223.0	305.0	222.0	378.0	180.0	13
72.0	199.0	66.0	216.0	94.0	198.0	158.0	159.0	136.0	177.0	173.0	214.0	169.0	238.0	160.0	258.0	179.0	184.0	199.0	152.0	198.0	196.0	205.0	166.0	230.0	173.0	270.0	176.0	256.0	255.0	262.0	206.0	289.0	222.0	300.0	222.0	371.0	183.0	13
69.0	199.0	62.0	215.0	92.0	197.0	159.0	158.0	137.0	175.0	173.0	214.0	170.0	237.0	161.0	257.0	181.0	184.0	200.0	153.0	197.0	197.0	208.0	166.0	230.0	172.0	267.0	175.0	257.0	252.0	264.0	205.0	292.0	222.0	303.0	221.0	377.0	184.0	13
73.0	198.0	66.0	214.0	98.0	196.0	162.0	160.0	141.0	176.0	174.0	215.0	170.0	238.0	161.0	257.0	181.0	185.0	203.0	154.0	196.0	196.0	209.0	167.0	228.0	174.0	269.0	177.0	254.0	253.0	260.0	206.0	286.0	222.0	300.0	222.0	364.0	182.0	13
70.0	198.0	64.0	215.0	96.0	197.0	161.0	159.0	139.0	177.0	174.0	214.0	171.0	237.0	161.0	257.0	184.0	185.0	201.0	154.0	196.0	196.0	208.0	168.0	228.0	174.0	269.0	178.0	256.0	252.0	259.0	205.0	286.0	223.0	300.0	223.0	369.0	182.0	13
73.0	201.0	66.0	216.0	95.0	198.0	160.0	161.0	140.0	177.0	172.0	215.0	169.0	236.0	161.0	254.0	179.0	184.0	199.0	155.0	195.0	196.0	204.0	167.0	225.0	172.0	267.0	176.0	257.0	251.0	268.0	208.0	288.0	221.0	301.0	221.0	372.0	185.0	13
77.0	200.0	72.0	215.0	99.0	197.0	161.0	161.0	141.0	177.0	174.0	214.0	169.0	235.0	161.0	252.0	184.0	186.0	201.0	157.0	194.0	196.0	206.0	169.0	229.0	174.0	270.0	178.0	255.0	251.0	262.0	207.0	288.0	222.0	299.0	221.0	365.0	187.0	13
44.0	190.0	97.0	220.0	124.0	214.0	193.0	157.0	185.0	167.0	212.0	181.0	219.0	210.0	223.0	230.0	230.0	156.0	247.0	172.0	246.0	247.0	290.0	191.0	304.0	219.0	351.0	182.0	307.0	236.0	313.0	192.0	356.0	193.0	357.0	246.0	381.0	172.0	13
69.0	199.0	62.0	214.0	95.0	197.0	160.0	160.0	138.0	178.0	172.0	213.0	169.0	236.0	162.0	256.0	182.0	185.0	201.0	156.0	195.0	196.0	206.0	168.0	225.0	173.0	268.0	176.0	259.0	251.0	265.0	206.0	290.0	222.0	302.0	221.0	375.0	182.0	13
59.0	198.0	54.0	215.0	79.0	198.0	145.0	160.0	125.0	176.0	165.0	216.0	162.0	240.0	152.0	260.0	172.0	184.0	193.0	161.0	191.0	197.0	217.0	172.0	258.0	207.0	285.0	175.0	253.0	257.0	260.0	177.0	295.0	203.0	294.0	223.0	372.0	183.0	14
80.0	199.0	74.0	213.0	101.0	198.0	160.0	164.0	143.0	178.0	175.0	213.0	171.0	234.0	162.0	250.0	184.0	186.0	202.0	159.0	199.0	199.0	205.0	171.0	225.0	175.0	261.0	178.0	251.0	249.0	262.0	207.0	284.0	221.0	295.0	221.0	358.0	184.0	14
79.0	200.0	75.0	216.0	100.0	199.0	157.0	163.0	143.0	177.0	174.0	213.0	171.0	234.0	163.0	252.0	181.0	185.0	198.0	157.0	198.0	197.0	201.0	168.0	223.0	173.0	260.0	176.0	254.0	249.0	264.0	207.0	287.0	221.0	298.0	220.0	363.0	183.0	14
74.0	199.0	69.0	215.0	95.0	197.0	157.0	162.0	140.0	176.0	173.0	214.0	168.0	235.0	157.0	254.0	185.0	186.0	199.0	157.0	198.0	197.0	202.0	169.0	224.0	174.0	262.0	177.0	255.0	252.0	266.0	208.0	290.0	222.0	302.0	222.0	367.0	183.0	14
77.0	200.0	69.0	214.0	98.0	198.0	157.0	162.0	140.0	177.0	173.0	214.0	170.0	236.0	159.0	253.0	182.0	185.0	200.0	156.0	198.0	197.0	204.0	168.0	226.0	174.0	263.0	177.0	255.0	252.0	261.0	206.0	288.0	222.0	300.0	222.0	366.0	182.0	14
79.0	199.0	72.0	214.0	101.0	197.0	159.0	162.0	143.0	177.0	175.0	214.0	171.0	236.0	162.0	253.0	184.0	185.0	199.0	156.0	198.0	197.0	204.0	169.0	223.0	173.0	259.0	176.0	256.0	251.0	263.0	207.0	287.0	222.0	300.0	221.0	363.0	181.0	14
68.0	198.0	63.0	214.0	88.0	196.0	154.0	160.0	134.0	176.0	172.0	214.0	168.0	238.0	158.0	257.0	182.0	183.0	200.0	154.0	196.0	195.0	204.0	167.0	228.0	172.0	267.0	175.0	256.0	255.0	262.0	205.0	291.0	224.0	305.0	223.0	377.0	181.0	14
56.0	200.0	49.0	217.0	79.0	198.0	153.0	157.0	132.0	174.0	171.0	216.0	167.0	242.0	155.0	261.0	181.0	184.0	198.0	150.0	198.0	197.0	204.0	165.0	227.0	170.0	275.0	175.0	263.0	260.0	276.0	210.0	301.0	225.0	316.0	225.0	389.0	179.0	14
73.0	198.0	67.0	214.0	96.0	196.0	157.0	161.0	139.0	176.0	174.0	215.0	170.0	237.0	160.0	256.0	183.0	184.0	200.0	156.0	196.0	196.0	203.0	168.0	224.0	173.0	263.0	176.0	259.0	253.0	265.0	208.0	290.0	223.0	305.0	222.0	371.0	179.0	14
65.0	199.0	58.0	216.0	88.0	197.0	157.0	158.0	135.0	175.0	175.0	216.0	171.0	241.0	161.0	263.0	184.0	184.0	202.0	152.0	202.0	197.0	207.0	165.0	229.0	171.0	270.0	174.0	263.0	260.0	270.0	206.0	299.0	223.0	313.0	223.0	390.0	182.0	14
72.0	199.0	67.0	216.0	92.0	197.0	157.0	160.0	135.0	176.0	174.0	215.0	171.0	239.0	160.0	257.0	185.0	186.0	202.0	154.0	195.0	195.0	206.0	166.0	227.0	172.0	266.0	175.0	258.0	255.0	267.0	208.0	292.0	224.0	304.0	223.0	380.0	183.0	14
70.0	200.0	65.0	217.0	90.0	197.0	152.0	160.0	134.0	176.0	172.0	213.0	169.0	236.0	159.0	255.0	180.0	183.0	200.0	160.0	195.0	195.0	225.0	170.0	255.0	251.0	262.0	172.0	263.0	205.0	289.0	220.0	302.0	218.0	358.0	253.0	372.0	176.0	14
76.0	201.0	71.0	217.0	98.0	199.0	156.0	162.0	141.0	177.0	176.0	214.0	171.0	236.0	163.0	254.0	184.0	185.0	200.0	156.0	199.0	197.0	204.0	168.0	227.0	173.0	265.0	176.0	255.0	251.0	266.0	208.0	289.0	222.0	300.0	221.0	364.0	183.0	14
68.0	200.0	64.0	217.0	91.0	198.0	151.0	161.0	136.0	176.0	172.0	214.0	167.0	236.0	159.0	255.0	180.0	184.0	193.0	153.0	195.0	196.0	201.0	167.0	224.0	172.0	263.0	175.0	254.0	252.0	265.0	207.0	288.0	222.0	299.0	221.0	365.0	180.0	14
74.0	198.0	67.0	212.0	96.0	196.0	159.0	159.0	139.0	175.0	172.0	212.0	168.0	233.0	158.0	250.0	181.0	184.0	198.0	156.0	197.0	196.0	203.0	168.0	222.0	173.0	261.0	176.0	251.0	249.0	262.0	206.0	284.0	220.0	295.0	220.0	361.0	182.0	14
68.0	199.0	62.0	216.0	92.0	197.0	155.0	159.0	136.0	175.0	172.0	215.0	168.0	238.0	159.0	257.0	181.0	184.0	195.0	153.0	194.0	195.0	201.0	166.0	223.0	171.0	262.0	174.0	260.0	253.0	266.0	207.0	291.0	222.0	306.0	221.0	374.0	176.0	14
74.0	197.0	71.0	213.0	94.0	195.0	158.0	156.0	135.0	175.0	171.0	212.0	168.0	234.0	158.0	252.0	181.0	184.0	197.0	153.0	192.0	193.0	202.0	166.0	222.0	170.0	259.0	174.0	251.0	250.0	260.0	206.0	283.0	220.0	295.0	220.0	367.0	182.0	14
62.0	198.0	58.0	215.0	84.0	197.0	151.0	157.0	129.0	175.0	164.0	215.0	161.0	238.0	151.0	257.0	176.0	184.0	192.0	154.0	190.0	196.0	199.0	167.0	218.0	172.0	262.0	176.0	250.0	257.0	260.0	210.0	284.0	224.0	298.0	225.0	376.0	188.0	14
59.0	200.0	53.0	216.0	80.0	196.0	149.0	156.0	129.0	174.0	168.0	216.0	163.0	241.0	151.0	262.0	178.0	182.0	196.0	148.0	193.0	194.0	202.0	164.0	223.0	169.0	266.0	173.0	254.0	258.0	265.0	207.0	293.0	225.0	308.0	225.0	383.0	179.0	14
78.0	198.0	71.0	212.0	102.0	195.0	160.0	162.0	142.0	176.0	174.0	212.0	170.0	234.0	160.0	251.0	183.0	184.0	198.0	156.0	197.0	196.0	204.0	169.0	225.0	174.0	260.0	177.0	254.0	250.0	261.0	207.0	286.0	221.0	298.0	221.0	364.0	182.0	14
62.0	200.0	58.0	217.0	83.0	199.0	150.0	157.0	128.0	176.0	170.0	215.0	167.0	240.0	158.0	259.0	177.0	183.0	192.0	151.0	195.0	196.0	200.0	164.0	221.0	170.0	265.0	174.0	260.0	255.0	263.0	204.0	294.0	220.0	305.0	219.0	378.0	178.0	14
69.0	200.0	65.0	216.0	91.0	198.0	156.0	160.0	138.0	175.0	171.0	214.0	167.0	236.0	157.0	255.0	184.0	185.0	195.0	154.0	198.0	196.0	201.0	167.0	223.0	172.0	261.0	175.0	257.0	252.0	268.0	207.0	292.0	221.0	304.0	221.0	372.0	180.0	14
78.0	199.0	72.0	214.0	101.0	197.0	159.0	161.0	143.0	177.0	175.0	213.0	172.0	235.0	162.0	253.0	183.0	184.0	198.0	155.0	198.0	196.0	204.0	167.0	222.0	172.0	259.0	175.0	257.0	250.0	264.0	206.0	288.0	221.0	301.0	220.0	364.0	179.0	14
71.0	199.0	65.0	214.0	92.0	197.0	156.0	160.0	138.0	176.0	172.0	213.0	168.0	235.0	158.0	253.0	181.0	185.0	194.0	154.0	195.0	196.0	201.0	168.0	221.0	173.0	263.0	176.0	253.0	252.0	264.0	207.0	285.0	221.0	298.0	221.0	363.0	181.0	14
66.0	197.0	37.0	209.0	61.0	215.0	156.0	158.0	138.0	173.0	169.0	238.0	174.0	215.0	158.0	260.0	87.0	195.0	201.0	152.0	186.0	183.0	200.0	195.0	207.0	165.0	229.0	171.0	260.0	257.0	268.0	174.0	267.0	206.0	304.0	224.0	385.0	180.0	14
64.0	199.0	60.0	217.0	86.0	197.0	151.0	159.0	132.0	175.0	171.0	215.0	167.0	238.0	156.0	258.0	180.0	184.0	196.0	152.0	195.0	196.0	203.0	165.0	225.0	171.0	265.0	174.0	256.0	255.0	265.0	207.0	291.0	223.0	305.0	222.0	379.0	180.0	14
72.0	199.0	65.0	214.0	95.0	197.0	155.0	161.0	137.0	176.0	171.0	214.0	168.0	237.0	157.0	254.0	180.0	184.0	197.0	154.0	196.0	196.0	203.0	167.0	225.0	173.0	263.0	176.0	256.0	253.0	263.0	207.0	289.0	221.0	302.0	221.0	370.0	180.0	14
69.0	199.0	64.0	214.0	93.0	196.0	157.0	164.0	138.0	179.0	172.0	214.0	168.0	236.0	156.0	253.0	183.0	187.0	200.0	156.0	196.0	198.0	204.0	169.0	229.0	175.0	271.0	179.0	260.0	254.0	269.0	207.0	293.0	221.0	304.0	220.0	373.0	180.0	15
79.0	198.0	52.0	205.0	74.0	212.0	159.0	163.0	143.0	180.0	175.0	235.0	176.0	213.0	165.0	252.0	100.0	195.0	184.0	186.0	196.0	196.0	206.0	164.0	229.0	175.0	273.0	180.0	254.0	250.0	265.0	206.0	284.0	221.0	298.0	223.0	365.0	184.0	15
71.0	197.0	58.0	210.0	93.0	196.0	157.0	161.0	140.0	177.0	174.0	215.0	171.0	238.0	162.0	256.0	183.0	186.0	206.0	163.0	198.0	198.0	228.0	155.0	232.0	175.0	278.0	181.0	259.0	254.0	266.0	209.0	291.0	226.0	304.0	226.0	379.0	188.0	15
72.0	199.0	67.0	213.0	97.0	197.0	156.0	165.0	142.0	180.0	173.0	213.0	168.0	235.0	157.0	251.0	183.0	187.0	201.0	159.0	196.0	198.0	205.0	171.0	229.0	175.0	267.0	179.0	257.0	252.0	266.0	208.0	290.0	222.0	301.0	222.0	369.0	184.0	15
71.0	201.0	64.0	216.0	97.0	197.0	159.0	162.0	139.0	178.0	172.0	212.0	169.0	235.0	159.0	253.0	183.0	185.0	197.0	154.0	195.0	195.0	203.0	168.0	226.0	173.0	271.0	177.0	256.0	249.0	264.0	206.0	286.0	220.0	298.0	219.0	373.0	184.0	15
69.0	200.0	63.0	213.0	95.0	198.0	155.0	163.0	139.0	178.0	172.0	213.0	170.0	234.0	160.0	253.0	180.0	185.0	198.0	155.0	193.0	196.0	203.0	168.0	228.0	174.0	266.0	177.0	256.0	248.0	262.0	206.0	284.0	221.0	297.0	221.0	369.0	181.0	15
72.0	200.0	67.0	216.0	100.0	197.0	160.0	162.0	142.0	179.0	169.0	213.0	165.0	233.0	156.0	251.0	183.0	186.0	199.0	155.0	192.0	195.0	205.0	169.0	227.0	175.0	272.0	178.0	254.0	251.0	264.0	207.0	286.0	221.0	301.0	222.0	369.0	185.0	15
77.0	199.0	71.0	212.0	99.0	196.0	157.0	163.0	140.0	179.0	173.0	211.0	171.0	232.0	161.0	250.0	183.0	187.0	195.0	157.0	194.0	196.0	201.0	170.0	222.0	174.0	262.0	176.0	254.0	248.0	263.0	206.0	284.0	219.0	296.0	219.0	362.0	181.0	15
72.0	201.0	69.0	214.0	94.0	198.0	156.0	163.0	138.0	178.0	173.0	213.0	171.0	235.0	161.0	251.0	183.0	186.0	196.0	157.0	194.0	196.0	202.0	168.0	224.0	173.0	268.0	177.0	258.0	250.0	266.0	206.0	286.0	219.0	299.0	218.0	364.0	180.0	15
75.0	201.0	71.0	216.0	97.0	198.0	158.0	160.0	143.0	178.0	175.0	212.0	171.0	234.0	161.0	252.0	181.0	184.0	198.0	155.0	195.0	194.0	204.0	167.0	225.0	172.0	267.0	175.0	255.0	249.0	264.0	204.0	289.0	221.0	301.0	221.0	367.0	184.0	15
70.0	198.0	63.0	213.0	95.0	196.0	157.0	160.0	139.0	176.0	175.0	212.0	173.0	234.0	164.0	251.0	179.0	182.0	203.0	154.0	195.0	194.0	206.0	166.0	229.0	173.0	269.0	176.0	261.0	247.0	267.0	204.0	290.0	219.0	302.0	218.0	370.0	181.0	15
64.0	200.0	58.0	217.0	88.0	198.0	151.0	159.0	133.0	176.0	170.0	214.0	167.0	237.0	156.0	257.0	179.0	183.0	193.0	151.0	193.0	195.0	202.0	166.0	224.0	171.0	269.0	174.0	258.0	253.0	272.0	207.0	293.0	220.0	305.0	221.0	374.0	177.0	15
69.0	201.0	65.0	216.0	93.0	198.0	154.0	163.0	138.0	179.0	174.0	213.0	172.0	235.0	162.0	254.0	180.0	186.0	197.0	156.0	195.0	195.0	202.0	167.0	225.0	172.0	270.0	176.0	260.0	250.0	269.0	206.0	291.0	220.0	303.0	219.0	370.0	178.0	15
75.0	201.0	68.0	214.0	99.0	199.0	158.0	162.0	143.0	179.0	174.0	213.0	171.0	234.0	162.0	251.0	185.0	186.0	197.0	157.0	195.0	195.0	203.0	169.0	224.0	173.0	271.0	177.0	257.0	249.0	267.0	205.0	290.0	218.0	302.0	219.0	367.0	182.0	15
65.0	200.0	60.0	215.0	89.0	198.0	155.0	162.0	137.0	178.0	172.0	214.0	170.0	238.0	159.0	254.0	181.0	185.0	199.0	154.0	196.0	196.0	204.0	166.0	230.0	172.0	270.0	176.0	255.0	253.0	266.0	208.0	288.0	223.0	300.0	223.0	371.0	181.0	15
64.0	201.0	61.0	213.0	89.0	198.0	155.0	162.0	136.0	178.0	171.0	214.0	168.0	236.0	158.0	254.0	180.0	186.0	197.0	155.0	192.0	196.0	202.0	167.0	231.0	173.0	274.0	177.0	255.0	252.0	268.0	209.0	287.0	222.0	300.0	222.0	372.0	180.0	15
73.0	200.0	69.0	216.0	97.0	196.0	155.0	161.0	141.0	176.0	173.0	211.0	169.0	234.0	159.0	252.0	183.0	184.0	197.0	154.0	195.0	194.0	204.0	167.0	228.0	173.0	273.0	177.0	254.0	249.0	264.0	205.0	287.0	220.0	300.0	221.0	370.0	185.0	15
67.0	200.0	62.0	214.0	96.0	198.0	155.0	162.0	139.0	177.0	173.0	214.0	171.0	236.0	162.0	255.0	177.0	183.0	197.0	154.0	195.0	195.0	201.0	166.0	225.0	172.0	267.0	174.0	261.0	250.0	266.0	204.0	292.0	220.0	306.0	220.0	372.0	178.0	15
73.0	199.0	67.0	213.0	97.0	196.0	158.0	161.0	140.0	177.0	173.0	213.0	170.0	235.0	161.0	252.0	178.0	183.0	201.0	156.0	197.0	196.0	205.0	168.0	226.0	174.0	268.0	178.0	256.0	249.0	264.0	206.0	286.0	220.0	297.0	221.0	364.0	183.0	15
74.0	200.0	70.0	216.0	97.0	196.0	158.0	161.0	140.0	178.0	171.0	213.0	167.0	236.0	156.0	252.0	179.0	186.0	198.0	156.0	191.0	195.0	205.0	168.0	223.0	173.0	269.0	177.0	255.0	250.0	263.0	207.0	286.0	222.0	298.0	222.0	363.0	180.0	15
75.0	201.0	70.0	215.0	101.0	198.0	159.0	162.0	143.0	179.0	174.0	212.0	171.0	234.0	164.0	250.0	182.0	185.0	197.0	156.0	193.0	194.0	203.0	169.0	222.0	173.0	264.0	176.0	257.0	246.0	259.0	204.0	285.0	220.0	298.0	219.0	362.0	181.0	15
63.0	200.0	58.0	215.0	89.0	198.0	155.0	161.0	136.0	177.0	173.0	216.0	169.0	237.0	160.0	256.0	177.0	184.0	198.0	154.0	193.0	195.0	204.0	166.0	227.0	172.0	272.0	176.0	263.0	253.0	269.0	206.0	294.0	223.0	308.0	223.0	375.0	178.0	15
73.0	200.0	68.0	213.0	96.0	198.0	158.0	163.0	142.0	179.0	175.0	213.0	170.0	235.0	160.0	253.0	182.0	186.0	199.0	157.0	197.0	197.0	203.0	168.0	226.0	174.0	269.0	178.0	254.0	249.0	265.0	207.0	287.0	220.0	299.0	220.0	364.0	181.0	15
76.0	200.0	70.0	214.0	97.0	198.0	156.0	164.0	141.0	178.0	171.0	212.0	169.0	236.0	160.0	253.0	181.0	186.0	199.0	157.0	192.0	195.0	203.0	169.0	224.0	173.0	271.0	178.0	256.0	253.0	268.0	208.0	290.0	222.0	302.0	221.0	364.0	180.0	15
70.0	198.0	66.0	214.0	92.0	197.0	154.0	163.0	135.0	179.0	171.0	213.0	167.0	235.0	157.0	252.0	180.0	186.0	196.0	155.0	194.0	196.0	202.0	167.0	226.0	173.0	268.0	176.0	257.0	251.0	267.0	208.0	288.0	221.0	301.0	221.0	371.0	180.0	15
66.0	200.0	63.0	215.0	91.0	198.0	156.0	160.0	137.0	178.0	172.0	213.0	170.0	237.0	159.0	255.0	181.0	185.0	197.0	154.0	194.0	195.0	203.0	166.0	229.0	172.0	270.0	175.0	257.0	252.0	268.0	207.0	290.0	221.0	301.0	221.0	375.0	180.0	15
72.0	200.0	68.0	215.0	90.0	198.0	155.0	161.0	135.0	178.0	173.0	213.0	168.0	235.0	159.0	253.0	178.0	184.0	198.0	154.0	193.0	195.0	203.0	166.0	225.0	172.0	271.0	176.0	257.0	251.0	267.0	206.0	291.0	220.0	301.0	220.0	371.0	183.0	15
70.0	199.0	65.0	215.0	96.0	197.0	157.0	161.0	141.0	177.0	172.0	212.0	166.0	234.0	155.0	254.0	180.0	184.0	199.0	153.0	195.0	195.0	205.0	166.0	227.0	172.0	275.0	176.0	254.0	252.0	266.0	206.0	289.0	221.0	302.0	222.0	370.0	182.0	15
75.0	199.0	70.0	215.0	96.0	198.0	157.0	164.0	141.0	179.0	175.0	214.0	172.0	236.0	163.0	253.0	182.0	186.0	198.0	157.0	196.0	197.0	204.0	170.0	226.0	175.0	263.0	178.0	257.0	248.0	259.0	205.0	283.0	220.0	296.0	220.0	364.0	181.0	15
67.0	199.0	61.0	214.0	89.0	197.0	157.0	160.0	140.0	177.0	171.0	212.0	170.0	235.0	158.0	253.0	181.0	184.0	199.0	154.0	193.0	194.0	205.0	167.0	224.0	171.0	274.0	177.0	255.0	251.0	268.0	206.0	289.0	220.0	303.0	221.0	373.0	183.0	15
75.0	198.0	67.0	212.0	97.0	197.0	155.0	163.0	139.0	179.0	174.0	214.0	172.0	236.0	163.0	254.0	181.0	184.0	198.0	156.0	198.0	197.0	202.0	168.0	225.0	174.0	261.0	176.0	256.0	249.0	260.0	205.0	284.0	220.0	297.0	220.0	366.0	180.0	15
69.0	199.0	65.0	213.0	95.0	196.0	155.0	161.0	137.0	179.0	170.0	211.0	167.0	232.0	157.0	252.0	180.0	186.0	199.0	154.0	192.0	196.0	204.0	167.0	229.0	174.0	270.0	176.0	255.0	250.0	266.0	206.0	287.0	220.0	300.0	220.0	371.0	183.0	15
72.0	200.0	68.0	216.0	94.0	199.0	157.0	163.0	141.0	177.0	172.0	214.0	169.0	236.0	159.0	253.0	179.0	185.0	200.0	155.0	195.0	197.0	205.0	168.0	226.0	174.0	272.0	178.0	258.0	251.0	264.0	206.0	286.0	221.0	299.0	221.0	365.0	183.0	15
66.0	200.0	63.0	212.0	90.0	197.0	154.0	160.0	135.0	178.0	170.0	213.0	167.0	236.0	156.0	253.0	179.0	185.0	195.0	154.0	192.0	195.0	201.0	167.0	224.0	172.0	269.0	175.0	259.0	253.0	266.0	205.0	288.0	219.0	303.0	219.0	374.0	180.0	15
71.0	200.0	63.0	215.0	93.0	198.0	157.0	161.0	140.0	178.0	174.0	214.0	171.0	236.0	160.0	254.0	181.0	186.0	199.0	155.0	193.0	195.0	204.0	167.0	224.0	173.0	271.0	178.0	257.0	250.0	265.0	207.0	287.0	221.0	301.0	221.0	371.0	183.0	15
68.0	200.0	64.0	216.0	97.0	196.0	155.0	160.0	135.0	178.0	172.0	213.0	168.0	236.0	160.0	255.0	179.0	184.0	197.0	154.0	195.0	196.0	203.0	166.0	225.0	172.0	269.0	175.0	259.0	251.0	265.0	206.0	289.0	221.0	301.0	222.0	370.0	176.0	15
69.0	199.0	63.0	214.0	91.0	197.0	156.0	161.0	141.0	178.0	172.0	213.0	170.0	236.0	160.0	254.0	180.0	185.0	199.0	155.0	194.0	196.0	206.0	168.0	227.0	173.0	273.0	178.0	257.0	250.0	267.0	206.0	290.0	220.0	302.0	220.0	370.0	183.0	15
63.0	200.0	58.0	215.0	89.0	197.0	158.0	160.0	139.0	178.0	170.0	213.0	171.0	235.0	160.0	253.0	182.0	186.0	201.0	155.0	192.0	195.0	207.0	168.0	227.0	174.0	272.0	178.0	256.0	249.0	264.0	204.0	290.0	221.0	303.0	221.0	379.0	184.0	15
80.0	200.0	74.0	215.0	103.0	198.0	163.0	162.0	145.0	179.0	175.0	213.0	171.0	235.0	162.0	251.0	181.0	186.0	200.0	157.0	196.0	196.0	204.0	169.0	224.0	175.0	268.0	178.0	255.0	250.0	259.0	205.0	284.0	222.0	296.0	222.0	358.0	183.0	15
76.0	201.0	69.0	216.0	98.0	198.0	160.0	161.0	143.0	178.0	173.0	214.0	169.0	235.0	160.0	253.0	180.0	185.0	198.0	155.0	194.0	195.0	203.0	167.0	223.0	173.0	273.0	178.0	257.0	250.0	260.0	206.0	285.0	222.0	299.0	222.0	361.0	182.0	15
69.0	202.0	66.0	216.0	95.0	198.0	157.0	162.0	139.0	178.0	170.0	213.0	168.0	235.0	157.0	254.0	180.0	185.0	197.0	154.0	192.0	195.0	202.0	167.0	226.0	173.0	271.0	176.0	254.0	250.0	265.0	206.0	287.0	220.0	300.0	221.0	369.0	185.0	15
68.0	200.0	62.0	214.0	97.0	197.0	155.0	163.0	142.0	177.0	173.0	215.0	170.0	237.0	162.0	255.0	178.0	184.0	198.0	155.0	195.0	197.0	202.0	167.0	226.0	173.0	267.0	176.0	260.0	251.0	263.0	205.0	290.0	222.0	302.0	221.0	368.0	179.0	15
69.0	200.0	65.0	217.0	93.0	198.0	155.0	162.0	137.0	178.0	173.0	212.0	171.0	236.0	161.0	253.0	180.0	185.0	196.0	155.0	193.0	195.0	203.0	168.0	225.0	174.0	270.0	177.0	257.0	250.0	264.0	205.0	288.0	221.0	302.0	222.0	368.0	180.0	15
68.0	201.0	66.0	218.0	95.0	197.0	155.0	161.0	135.0	178.0	172.0	213.0	168.0	236.0	160.0	253.0	180.0	184.0	197.0	155.0	198.0	196.0	203.0	166.0	227.0	172.0	271.0	176.0	259.0	249.0	266.0	206.0	290.0	221.0	302.0	221.0	370.0	180.0	15
70.0	200.0	64.0	215.0	98.0	197.0	155.0	161.0	137.0	179.0	174.0	211.0	170.0	234.0	161.0	251.0	181.0	186.0	196.0	155.0	196.0	196.0	202.0	167.0	225.0	173.0	268.0	176.0	257.0	247.0	264.0	204.0	287.0	219.0	299.0	219.0	368.0	181.0	15
70.0	200.0	65.0	215.0	89.0	198.0	161.0	161.0	143.0	179.0	173.0	212.0	170.0	234.0	160.0	251.0	182.0	186.0	199.0	156.0	195.0	195.0	204.0	168.0	224.0	173.0	271.0	177.0	255.0	248.0	266.0	206.0	287.0	219.0	300.0	220.0	369.0	185.0	15
70.0	200.0	65.0	216.0	94.0	196.0	156.0	159.0	139.0	176.0	170.0	211.0	168.0	235.0	159.0	253.0	179.0	183.0	197.0	152.0	192.0	193.0	202.0	164.0	223.0	170.0	268.0	175.0	256.0	247.0	262.0	204.0	287.0	221.0	299.0	221.0	369.0	179.0	15
76.0	198.0	69.0	212.0	98.0	194.0	160.0	158.0	141.0	174.0	174.0	212.0	170.0	233.0	159.0	250.0	181.0	182.0	202.0	152.0	195.0	194.0	206.0	164.0	228.0	171.0	265.0	175.0	253.0	249.0	264.0	205.0	283.0	220.0	297.0	221.0	365.0	183.0	15
69.0	200.0	63.0	216.0	94.0	197.0	157.0	159.0	139.0	176.0	172.0	214.0	168.0	237.0	157.0	256.0	183.0	184.0	201.0	153.0	197.0	195.0	207.0	166.0	229.0	173.0	273.0	177.0	256.0	254.0	264.0	206.0	289.0	223.0	301.0	224.0	368.0	181.0	15
75.0	200.0	72.0	216.0	93.0	197.0	155.0	162.0	138.0	179.0	175.0	212.0	172.0	236.0	161.0	255.0	182.0	185.0	198.0	155.0	197.0	195.0	204.0	168.0	228.0	173.0	273.0	177.0	258.0	251.0	270.0	207.0	291.0	220.0	303.0	220.0	370.0	181.0	15
82.0	201.0	76.0	215.0	105.0	197.0	161.0	164.0	146.0	180.0	175.0	212.0	171.0	233.0	161.0	250.0	184.0	187.0	200.0	157.0	194.0	195.0	205.0	170.0	224.0	175.0	268.0	178.0	253.0	249.0	261.0	205.0	285.0	221.0	298.0	221.0	362.0	183.0	15
79.0	198.0	73.0	213.0	104.0	196.0	160.0	160.0	143.0	179.0	172.0	211.0	169.0	232.0	160.0	250.0	179.0	185.0	198.0	155.0	194.0	194.0	202.0	167.0	221.0	172.0	266.0	176.0	254.0	248.0	262.0	205.0	284.0	219.0	296.0	219.0	360.0	183.0	15
76.0	201.0	70.0	216.0	100.0	198.0	161.0	161.0	142.0	178.0	175.0	215.0	171.0	236.0	160.0	253.0	180.0	185.0	201.0	155.0	195.0	197.0	206.0	168.0	226.0	174.0	266.0	177.0	252.0	253.0	262.0	207.0	285.0	222.0	299.0	222.0	365.0	183.0	15
69.0	199.0	65.0	213.0	96.0	196.0	156.0	159.0	140.0	177.0	174.0	210.0	168.0	232.0	158.0	250.0	182.0	184.0	198.0	153.0	196.0	194.0	204.0	165.0	229.0	171.0	275.0	175.0	257.0	248.0	268.0	204.0	290.0	219.0	303.0	219.0	372.0	185.0	15
68.0	199.0	62.0	213.0	94.0	197.0	155.0	161.0	139.0	177.0	174.0	213.0	172.0	237.0	161.0	257.0	182.0	184.0	200.0	153.0	195.0	196.0	207.0	166.0	228.0	173.0	266.0	176.0	258.0	252.0	264.0	206.0	286.0	221.0	299.0	222.0	367.0	180.0	15
67.0	203.0	61.0	218.0	89.0	200.0	154.0	159.0	103.0	164.0	169.0	238.0	172.0	215.0	160.0	255.0	135.0	179.0	198.0	153.0	179.0	186.0	195.0	197.0	202.0	166.0	228.0	172.0	264.0	204.0	260.0	250.0	274.0	174.0	292.0	220.0	376.0	175.0	15
73.0	201.0	69.0	215.0	96.0	198.0	157.0	163.0	140.0	179.0	173.0	212.0	169.0	233.0	158.0	249.0	180.0	186.0	195.0	158.0	194.0	197.0	201.0	169.0	227.0	176.0	269.0	178.0	256.0	248.0	264.0	206.0	286.0	220.0	298.0	219.0	364.0	183.0	15
76.0	199.0	71.0	214.0	102.0	196.0	163.0	161.0	145.0	179.0	173.0	213.0	170.0	233.0	160.0	251.0	183.0	186.0	202.0	155.0	193.0	195.0	206.0	169.0	225.0	174.0	269.0	178.0	254.0	249.0	263.0	207.0	285.0	220.0	297.0	221.0	363.0	183.0	15
75.0	197.0	70.0	211.0	101.0	194.0	160.0	161.0	143.0	177.0	175.0	212.0	171.0	233.0	161.0	250.0	183.0	185.0	203.0	156.0	197.0	196.0	209.0	169.0	230.0	175.0	272.0	181.0	256.0	249.0	264.0	205.0	286.0	220.0	299.0	221.0	368.0	186.0	15
69.0	202.0	65.0	215.0	93.0	199.0	159.0	161.0	142.0	178.0	171.0	213.0	169.0	235.0	159.0	252.0	183.0	186.0	202.0	156.0	194.0	195.0	207.0	168.0	227.0	173.0	274.0	178.0	255.0	250.0	269.0	209.0	288.0	221.0	301.0	221.0	372.0	188.0	15
74.0	200.0	69.0	214.0	98.0	198.0	154.0	163.0	139.0	179.0	171.0	212.0	170.0	233.0	160.0	252.0	180.0	186.0	198.0	154.0	193.0	196.0	204.0	168.0	225.0	174.0	273.0	178.0	259.0	249.0	261.0	204.0	285.0	220.0	299.0	220.0	368.0	180.0	15
72.0	200.0	67.0	214.0	95.0	198.0	157.0	163.0	140.0	179.0	171.0	213.0	168.0	235.0	157.0	253.0	181.0	186.0	199.0	156.0	194.0	196.0	205.0	167.0	225.0	173.0	267.0	177.0	254.0	250.0	267.0	207.0	288.0	221.0	301.0	221.0	366.0	181.0	15
73.0	200.0	68.0	214.0	95.0	199.0	157.0	163.0	142.0	179.0	175.0	213.0	171.0	234.0	160.0	253.0	181.0	186.0	199.0	157.0	197.0	197.0	203.0	168.0	226.0	174.0	269.0	177.0	255.0	249.0	266.0	206.0	287.0	219.0	299.0	219.0	364.0	180.0	15
74.0	201.0	70.0	216.0	95.0	198.0	157.0	162.0	139.0	179.0	171.0	214.0	169.0	235.0	160.0	252.0	179.0	187.0	196.0	157.0	192.0	196.0	202.0	169.0	222.0	174.0	264.0	177.0	255.0	249.0	264.0	207.0	285.0	219.0	297.0	219.0	366.0	183.0	15
72.0	198.0	65.0	214.0	93.0	195.0	159.0	160.0	141.0	175.0	172.0	211.0	168.0	234.0	158.0	252.0	184.0	184.0	200.0	153.0	194.0	194.0	205.0	166.0	225.0	173.0	270.0	177.0	254.0	250.0	265.0	207.0	287.0	221.0	301.0	222.0	370.0	184.0	15
69.0	199.0	62.0	214.0	93.0	197.0	160.0	159.0	142.0	176.0	171.0	212.0	168.0	235.0	158.0	254.0	184.0	185.0	201.0	153.0	195.0	195.0	207.0	166.0	226.0	173.0	270.0	176.0	258.0	251.0	265.0	207.0	288.0	222.0	303.0	222.0	372.0	180.0	15
74.0	197.0	68.0	213.0	100.0	194.0	167.0	160.0	147.0	178.0	181.0	215.0	179.0	239.0	168.0	257.0	187.0	185.0	210.0	155.0	205.0	197.0	214.0	169.0	238.0	176.0	281.0	180.0	257.0	255.0	276.0	213.0	297.0	228.0	312.0	229.0	388.0	187.0	15
71.0	200.0	67.0	213.0	97.0	197.0	154.0	163.0	137.0	179.0	174.0	213.0	170.0	235.0	161.0	253.0	181.0	185.0	201.0	155.0	195.0	196.0	206.0	168.0	227.0	174.0	269.0	177.0	256.0	249.0	263.0	207.0	283.0	221.0	297.0	221.0	364.0	181.0	15
75.0	201.0	71.0	216.0	98.0	198.0	157.0	161.0	142.0	179.0	176.0	214.0	172.0	235.0	160.0	253.0	181.0	184.0	198.0	155.0	195.0	195.0	203.0	167.0	225.0	173.0	269.0	178.0	257.0	250.0	262.0	205.0	287.0	221.0	299.0	221.0	369.0	186.0	15
76.0	200.0	71.0	215.0	97.0	198.0	157.0	161.0	141.0	177.0	171.0	212.0	169.0	235.0	159.0	252.0	182.0	186.0	198.0	156.0	192.0	195.0	202.0	167.0	225.0	173.0	269.0	177.0	254.0	249.0	264.0	207.0	286.0	221.0	298.0	221.0	364.0	182.0	15
68.0	200.0	63.0	216.0	95.0	198.0	157.0	160.0	139.0	178.0	171.0	213.0	169.0	236.0	161.0	252.0	180.0	185.0	197.0	155.0	191.0	195.0	203.0	168.0	223.0	173.0	266.0	176.0	259.0	250.0	261.0	205.0	288.0	222.0	302.0	222.0	370.0	182.0	15
69.0	200.0	64.0	214.0	92.0	198.0	155.0	162.0	137.0	179.0	174.0	213.0	172.0	235.0	161.0	253.0	178.0	186.0	196.0	156.0	194.0	197.0	203.0	169.0	226.0	174.0	270.0	177.0	258.0	251.0	264.0	205.0	288.0	219.0	303.0	220.0	374.0	180.0	15
68.0	199.0	62.0	215.0	91.0	197.0	158.0	160.0	139.0	176.0	170.0	214.0	169.0	236.0	158.0	255.0	181.0	186.0	201.0	154.0	191.0	195.0	207.0	167.0	226.0	172.0	277.0	179.0	254.0	252.0	264.0	206.0	287.0	220.0	299.0	221.0	374.0	186.0	15
76.0	201.0	70.0	218.0	98.0	199.0	158.0	162.0	139.0	179.0	173.0	215.0	170.0	236.0	163.0	254.0	178.0	185.0	199.0	155.0	193.0	196.0	204.0	168.0	223.0	173.0	268.0	176.0	257.0	253.0	261.0	205.0	287.0	222.0	301.0	222.0	366.0	182.0	15
63.0	201.0	58.0	216.0	88.0	198.0	154.0	161.0	135.0	178.0	171.0	214.0	169.0	238.0	158.0	255.0	180.0	185.0	199.0	154.0	195.0	196.0	203.0	166.0	229.0	172.0	270.0	175.0	255.0	253.0	266.0	209.0	288.0	223.0	300.0	223.0	372.0	180.0	15
74.0	200.0	68.0	215.0	99.0	198.0	156.0	165.0	140.0	179.0	174.0	214.0	172.0	235.0	163.0	254.0	180.0	185.0	198.0	156.0	194.0	196.0	204.0	169.0	224.0	174.0	269.0	176.0	259.0	248.0	262.0	204.0	288.0	220.0	301.0	220.0	370.0	179.0	15
67.0	199.0	64.0	213.0	92.0	196.0	157.0	161.0	139.0	178.0	174.0	213.0	170.0	236.0	159.0	253.0	182.0	187.0	198.0	156.0	195.0	197.0	205.0	168.0	228.0	173.0	265.0	176.0	256.0	251.0	265.0	208.0	285.0	221.0	297.0	221.0	364.0	179.0	15
73.0	198.0	70.0	215.0	93.0	196.0	157.0	161.0	140.0	176.0	173.0	212.0	169.0	234.0	159.0	252.0	182.0	184.0	201.0	154.0	195.0	194.0	208.0	167.0	228.0	172.0	271.0	176.0	255.0	251.0	267.0	206.0	287.0	220.0	300.0	220.0	372.0	181.0	15
74.0	200.0	69.0	215.0	97.0	198.0	154.0	164.0	138.0	179.0	172.0	213.0	171.0	236.0	161.0	254.0	180.0	185.0	197.0	156.0	191.0	195.0	202.0	168.0	223.0	173.0	268.0	177.0	256.0	251.0	264.0	206.0	288.0	221.0	300.0	221.0	365.0	179.0	15
73.0	200.0	69.0	216.0	100.0	197.0	161.0	162.0	142.0	180.0	172.0	214.0	168.0	234.0	157.0	251.0	181.0	186.0	200.0	156.0	192.0	196.0	205.0	169.0	228.0	175.0	271.0	179.0	254.0	252.0	263.0	208.0	285.0	222.0	298.0	222.0	365.0	183.0	15
70.0	198.0	66.0	214.0	93.0	195.0	156.0	162.0	139.0	178.0	172.0	213.0	168.0	235.0	157.0	252.0	181.0	186.0	198.0	156.0	192.0	195.0	203.0	168.0	223.0	173.0	273.0	177.0	253.0	251.0	264.0	206.0	285.0	220.0	298.0	220.0	368.0	181.0	15
74.0	200.0	67.0	214.0	99.0	197.0	160.0	162.0	144.0	178.0	175.0	211.0	172.0	234.0	161.0	252.0	185.0	185.0	200.0	156.0	195.0	194.0	203.0	168.0	225.0	174.0	268.0	178.0	256.0	247.0	264.0	206.0	284.0	220.0	299.0	220.0	366.0	185.0	15
71.0	200.0	66.0	215.0	98.0	197.0	158.0	161.0	139.0	178.0	174.0	214.0	172.0	235.0	162.0	254.0	181.0	186.0	198.0	155.0	193.0	196.0	203.0	168.0	226.0	174.0	268.0	178.0	256.0	250.0	263.0	206.0	286.0	221.0	299.0	222.0	370.0	182.0	15
72.0	200.0	65.0	216.0	99.0	197.0	155.0	162.0	138.0	178.0	172.0	211.0	169.0	234.0	159.0	253.0	179.0	183.0	195.0	153.0	196.0	194.0	202.0	167.0	226.0	173.0	273.0	175.0	259.0	250.0	267.0	205.0	290.0	220.0	303.0	219.0	370.0	180.0	15
68.0	201.0	63.0	217.0	93.0	198.0	155.0	162.0	137.0	177.0	172.0	214.0	171.0	236.0	160.0	256.0	178.0	185.0	197.0	154.0	192.0	195.0	204.0	168.0	227.0	174.0	275.0	177.0	259.0	252.0	266.0	206.0	290.0	222.0	301.0	221.0	368.0	179.0	15
63.0	200.0	59.0	216.0	88.0	198.0	151.0	160.0	134.0	177.0	169.0	213.0	167.0	237.0	158.0	257.0	179.0	184.0	197.0	154.0	192.0	195.0	203.0	166.0	225.0	170.0	273.0	175.0	260.0	254.0	269.0	205.0	295.0	222.0	309.0	222.0	377.0	179.0	15
77.0	197.0	70.0	212.0	98.0	195.0	161.0	163.0	145.0	177.0	174.0	212.0	171.0	233.0	160.0	250.0	184.0	186.0	202.0	157.0	195.0	195.0	207.0	169.0	225.0	174.0	270.0	178.0	256.0	250.0	263.0	206.0	286.0	221.0	299.0	221.0	367.0	185.0	15
70.0	201.0	67.0	215.0	94.0	197.0	157.0	161.0	139.0	177.0	171.0	214.0	169.0	236.0	159.0	254.0	178.0	185.0	199.0	155.0	193.0	196.0	205.0	168.0	227.0	174.0	275.0	178.0	258.0	251.0	264.0	206.0	289.0	221.0	301.0	221.0	366.0	182.0	15
70.0	200.0	66.0	216.0	93.0	198.0	156.0	162.0	140.0	178.0	172.0	213.0	168.0	235.0	158.0	254.0	179.0	185.0	197.0	156.0	195.0	196.0	203.0	167.0	224.0	172.0	273.0	176.0	256.0	252.0	268.0	207.0	291.0	221.0	303.0	220.0	369.0	180.0	15
68.0	199.0	61.0	214.0	93.0	197.0	154.0	160.0	137.0	177.0	174.0	214.0	170.0	238.0	161.0	257.0	180.0	184.0	200.0	152.0	199.0	196.0	207.0	167.0	229.0	173.0	266.0	176.0	257.0	252.0	262.0	204.0	287.0	221.0	300.0	221.0	371.0	180.0	15
70.0	199.0	65.0	214.0	90.0	196.0	155.0	161.0	138.0	177.0	169.0	212.0	168.0	234.0	158.0	252.0	181.0	186.0	198.0	153.0	191.0	194.0	203.0	167.0	225.0	173.0	273.0	178.0	254.0	251.0	266.0	207.0	288.0	221.0	301.0	221.0	375.0	183.0	15
67.0	201.0	62.0	219.0	92.0	199.0	156.0	161.0	139.0	179.0	171.0	214.0	168.0	237.0	159.0	256.0	180.0	185.0	196.0	155.0	194.0	196.0	201.0	167.0	226.0	173.0	270.0	175.0	258.0	251.0	264.0	206.0	288.0	221.0	304.0	222.0	372.0	181.0	15
66.0	200.0	61.0	215.0	91.0	198.0	158.0	161.0	140.0	179.0	171.0	213.0	171.0	235.0	160.0	254.0	182.0	187.0	200.0	156.0	192.0	195.0	207.0	169.0	226.0	174.0	271.0	178.0	254.0	248.0	262.0	204.0	288.0	220.0	301.0	221.0	375.0	184.0	15
75.0	200.0	72.0	214.0	99.0	198.0	160.0	163.0	141.0	179.0	175.0	212.0	173.0	234.0	163.0	251.0	183.0	186.0	199.0	156.0	195.0	195.0	204.0	168.0	228.0	173.0	267.0	176.0	254.0	248.0	264.0	206.0	284.0	219.0	295.0	219.0	364.0	182.0	15
73.0	201.0	68.0	216.0	95.0	199.0	158.0	162.0	141.0	179.0	173.0	213.0	170.0	234.0	160.0	251.0	181.0	186.0	197.0	157.0	195.0	196.0	203.0	168.0	226.0	174.0	268.0	178.0	257.0	250.0	265.0	206.0	288.0	220.0	299.0	220.0	369.0	182.0	15
82.0	200.0	76.0	214.0	104.0	198.0	164.0	163.0	147.0	179.0	179.0	214.0	174.0	235.0	163.0	250.0	186.0	187.0	204.0	157.0	197.0	196.0	208.0	169.0	227.0	175.0	271.0	179.0	254.0	251.0	265.0	209.0	285.0	222.0	298.0	222.0	366.0	182.0	15
72.0	198.0	68.0	214.0	96.0	196.0	157.0	160.0	142.0	177.0	171.0	211.0	168.0	233.0	160.0	251.0	180.0	184.0	201.0	154.0	193.0	194.0	205.0	167.0	228.0	173.0	271.0	176.0	253.0	249.0	265.0	205.0	286.0	220.0	298.0	220.0	370.0	186.0	15
68.0	200.0	62.0	216.0	91.0	197.0	154.0	160.0	136.0	178.0	170.0	213.0	168.0	235.0	159.0	255.0	179.0	185.0	195.0	153.0	192.0	195.0	201.0	166.0	221.0	171.0	269.0	176.0	257.0	248.0	262.0	204.0	289.0	221.0	303.0	221.0	370.0	180.0	15
74.0	200.0	70.0	217.0	100.0	197.0	157.0	160.0	141.0	178.0	172.0	213.0	166.0	235.0	156.0	254.0	180.0	184.0	198.0	154.0	195.0	196.0	203.0	166.0	225.0	172.0	269.0	176.0	251.0	251.0	263.0	207.0	285.0	221.0	298.0	221.0	366.0	184.0	15
67.0	198.0	60.0	213.0	89.0	196.0	157.0	160.0	138.0	177.0	169.0	213.0	167.0	235.0	155.0	254.0	179.0	185.0	200.0	154.0	191.0	195.0	204.0	168.0	224.0	173.0	270.0	178.0	256.0	253.0	264.0	207.0	287.0	223.0	301.0	223.0	374.0	182.0	15
74.0	200.0	72.0	217.0	95.0	197.0	155.0	161.0	140.0	177.0	172.0	215.0	170.0	238.0	160.0	256.0	179.0	185.0	201.0	154.0	193.0	195.0	204.0	166.0	227.0	173.0	267.0	178.0	254.0	253.0	262.0	207.0	282.0	222.0	296.0	222.0	367.0	186.0	16
76.0	201.0	72.0	216.0	96.0	198.0	158.0	163.0	142.0	179.0	174.0	214.0	170.0	236.0	160.0	252.0	179.0	186.0	201.0	156.0	196.0	198.0	207.0	169.0	227.0	175.0	268.0	178.0	257.0	252.0	261.0	205.0	286.0	221.0	299.0	221.0	367.0	184.0	16
79.0	200.0	75.0	215.0	99.0	198.0	161.0	163.0	144.0	179.0	176.0	213.0	173.0	235.0	161.0	250.0	180.0	185.0	201.0	157.0	198.0	197.0	207.0	170.0	226.0	175.0	267.0	179.0	256.0	250.0	261.0	205.0	285.0	220.0	297.0	219.0	362.0	185.0	16
70.0	200.0	67.0	216.0	94.0	198.0	153.0	162.0	137.0	177.0	172.0	212.0	169.0	236.0	159.0	254.0	178.0	184.0	199.0	154.0	199.0	198.0	203.0	167.0	229.0	174.0	272.0	177.0	259.0	253.0	264.0	206.0	290.0	222.0	302.0	222.0	374.0	183.0	16
72.0	201.0	68.0	217.0	99.0	198.0	156.0	162.0	142.0	177.0	174.0	214.0	172.0	237.0	161.0	253.0	179.0	185.0	198.0	156.0	198.0	196.0	202.0	168.0	225.0	174.0	267.0	177.0	257.0	251.0	263.0	206.0	289.0	221.0	303.0	221.0	371.0	184.0	16
78.0	201.0	74.0	216.0	97.0	198.0	162.0	162.0	142.0	180.0	174.0	214.0	170.0	236.0	160.0	251.0	178.0	185.0	198.0	157.0	198.0	198.0	203.0	169.0	223.0	175.0	263.0	178.0	253.0	250.0	262.0	208.0	281.0	221.0	296.0	221.0	362.0	186.0	16
69.0	199.0	66.0	217.0	93.0	196.0	155.0	160.0	136.0	177.0	174.0	215.0	171.0	238.0	159.0	257.0	179.0	184.0	202.0	153.0	196.0	196.0	205.0	165.0	227.0	172.0	276.0	177.0	258.0	254.0	264.0	205.0	288.0	221.0	302.0	222.0	376.0	183.0	16
74.0	201.0	70.0	216.0	95.0	198.0	158.0	163.0	143.0	178.0	175.0	213.0	172.0	236.0	161.0	253.0	182.0	185.0	200.0	156.0	196.0	196.0	205.0	169.0	225.0	174.0	268.0	177.0	257.0	251.0	263.0	206.0	287.0	221.0	299.0	221.0	362.0	185.0	16
72.0	200.0	67.0	216.0	88.0	198.0	155.0	161.0	136.0	178.0	172.0	213.0	166.0	237.0	154.0	253.0	178.0	184.0	201.0	154.0	197.0	197.0	206.0	167.0	226.0	172.0	267.0	175.0	257.0	253.0	267.0	208.0	289.0	222.0	303.0	223.0	376.0	184.0	16
71.0	199.0	68.0	215.0	98.0	198.0	159.0	162.0	144.0	178.0	174.0	214.0	170.0	236.0	159.0	253.0	179.0	185.0	202.0	155.0	195.0	197.0	206.0	168.0	226.0	174.0	268.0	176.0	254.0	251.0	264.0	207.0	287.0	222.0	300.0	222.0	371.0	182.0	16
75.0	200.0	73.0	216.0	96.0	198.0	158.0	163.0	141.0	178.0	174.0	212.0	169.0	235.0	158.0	250.0	181.0	184.0	197.0	157.0	198.0	197.0	203.0	170.0	225.0	175.0	265.0	177.0	254.0	249.0	260.0	205.0	284.0	220.0	298.0	220.0	364.0	185.0	16
71.0	200.0	68.0	216.0	90.0	199.0	159.0	162.0	142.0	178.0	173.0	213.0	168.0	236.0	158.0	252.0	180.0	184.0	198.0	156.0	197.0	197.0	204.0	169.0	226.0	175.0	269.0	177.0	256.0	251.0	263.0	206.0	287.0	221.0	302.0	222.0	370.0	186.0	16
66.0	201.0	62.0	217.0	95.0	198.0	155.0	162.0	139.0	179.0	172.0	213.0	169.0	237.0	160.0	254.0	179.0	184.0	201.0	154.0	197.0	196.0	206.0	167.0	228.0	174.0	273.0	178.0	256.0	252.0	263.0	206.0	287.0	222.0	300.0	222.0	379.0	185.0	16
76.0	199.0	74.0	216.0	99.0	197.0	157.0	162.0	141.0	178.0	177.0	215.0	173.0	237.0	163.0	255.0	181.0	184.0	204.0	156.0	197.0	196.0	206.0	167.0	227.0	174.0	270.0	177.0	256.0	250.0	263.0	205.0	285.0	221.0	299.0	221.0	369.0	185.0	16
71.0	200.0	67.0	215.0	98.0	198.0	158.0	162.0	139.0	179.0	173.0	214.0	170.0	237.0	160.0	253.0	180.0	185.0	200.0	156.0	198.0	197.0	205.0	169.0	228.0	175.0	274.0	180.0	256.0	252.0	263.0	206.0	284.0	220.0	298.0	219.0	369.0	185.0	16
72.0	201.0	68.0	216.0	100.0	199.0	157.0	162.0	140.0	179.0	174.0	213.0	170.0	236.0	162.0	252.0	180.0	184.0	199.0	155.0	195.0	196.0	203.0	168.0	226.0	174.0	271.0	178.0	256.0	248.0	264.0	206.0	286.0	221.0	300.0	221.0	368.0	186.0	16
76.0	199.0	71.0	216.0	92.0	197.0	158.0	162.0	139.0	178.0	174.0	214.0	168.0	236.0	156.0	252.0	179.0	184.0	201.0	154.0	198.0	196.0	208.0	168.0	226.0	172.0	267.0	175.0	256.0	252.0	266.0	207.0	287.0	221.0	300.0	222.0	372.0	185.0	16
78.0	200.0	74.0	215.0	99.0	198.0	161.0	163.0	143.0	179.0	175.0	213.0	171.0	235.0	160.0	251.0	180.0	185.0	199.0	157.0	198.0	197.0	205.0	169.0	224.0	175.0	263.0	178.0	254.0	249.0	264.0	208.0	283.0	221.0	297.0	221.0	362.0	185.0	16
76.0	201.0	72.0	216.0	99.0	198.0	160.0	163.0	142.0	179.0	176.0	213.0	173.0	235.0	161.0	251.0	182.0	186.0	201.0	156.0	196.0	195.0	204.0	169.0	225.0	175.0	266.0	178.0	255.0	249.0	263.0	206.0	287.0	221.0	298.0	220.0	363.0	186.0	16
69.0	201.0	63.0	218.0	94.0	198.0	151.0	160.0	136.0	177.0	174.0	216.0	171.0	238.0	159.0	258.0	178.0	184.0	197.0	153.0	195.0	197.0	203.0	167.0	226.0	173.0	275.0	177.0	257.0	254.0	264.0	206.0	290.0	222.0	304.0	222.0	381.0	184.0	16
77.0	200.0	73.0	215.0	99.0	198.0	158.0	163.0	142.0	178.0	176.0	214.0	172.0	235.0	161.0	252.0	179.0	185.0	201.0	157.0	194.0	196.0	205.0	169.0	225.0	175.0	267.0	177.0	252.0	250.0	260.0	205.0	284.0	221.0	298.0	221.0	364.0	186.0	16
75.0	200.0	70.0	215.0	99.0	198.0	159.0	164.0	142.0	180.0	175.0	213.0	173.0	235.0	161.0	252.0	181.0	186.0	200.0	157.0	197.0	197.0	204.0	170.0	225.0	176.0	268.0	179.0	255.0	250.0	263.0	206.0	287.0	221.0	298.0	220.0	362.0	185.0	16
72.0	201.0	69.0	217.0	93.0	199.0	153.0	162.0	137.0	179.0	174.0	213.0	170.0	236.0	160.0	252.0	176.0	184.0	198.0	155.0	199.0	198.0	203.0	167.0	228.0	174.0	272.0	176.0	259.0	252.0	263.0	205.0	290.0	222.0	304.0	221.0	372.0	181.0	16
74.0	202.0	71.0	218.0	101.0	199.0	156.0	162.0	140.0	179.0	175.0	213.0	172.0	236.0	164.0	252.0	180.0	185.0	197.0	156.0	195.0	196.0	202.0	167.0	224.0	173.0	268.0	177.0	258.0	249.0	264.0	206.0	286.0	220.0	300.0	220.0	366.0	185.0	16
76.0	201.0	71.0	216.0	103.0	198.0	159.0	163.0	144.0	179.0	175.0	214.0	173.0	235.0	162.0	251.0	181.0	185.0	199.0	157.0	199.0	196.0	203.0	169.0	225.0	175.0	265.0	178.0	254.0	248.0	262.0	205.0	285.0	220.0	299.0	221.0	365.0	185.0	16
74.0	200.0	68.0	215.0	96.0	198.0	158.0	163.0	142.0	179.0	174.0	214.0	171.0	236.0	162.0	253.0	178.0	185.0	201.0	156.0	198.0	197.0	206.0	169.0	229.0	174.0	274.0	179.0	259.0	251.0	264.0	206.0	290.0	221.0	303.0	221.0	369.0	184.0	16
76.0	200.0	73.0	215.0	100.0	198.0	157.0	163.0	139.0	180.0	176.0	213.0	172.0	235.0	161.0	251.0	177.0	185.0	202.0	157.0	197.0	198.0	205.0	168.0	229.0	176.0	268.0	178.0	255.0	249.0	265.0	207.0	284.0	220.0	299.0	221.0	365.0	183.0	16
77.0	201.0	72.0	215.0	101.0	198.0	155.0	164.0	141.0	178.0	176.0	214.0	171.0	234.0	160.0	250.0	175.0	184.0	201.0	157.0	196.0	198.0	203.0	169.0	224.0	174.0	272.0	178.0	259.0	249.0	266.0	206.0	290.0	221.0	303.0	220.0	368.0	182.0	16
72.0	200.0	66.0	217.0	97.0	198.0	152.0	160.0	137.0	177.0	174.0	215.0	171.0	237.0	161.0	256.0	178.0	184.0	197.0	153.0	194.0	196.0	202.0	167.0	224.0	173.0	272.0	177.0	255.0	252.0	262.0	205.0	287.0	220.0	300.0	221.0	375.0	183.0	16
70.0	200.0	67.0	214.0	95.0	198.0	158.0	163.0	143.0	178.0	175.0	213.0	171.0	233.0	161.0	251.0	181.0	184.0	197.0	157.0	196.0	195.0	202.0	168.0	223.0	173.0	267.0	177.0	255.0	248.0	258.0	203.0	283.0	218.0	298.0	218.0	365.0	185.0	16
70.0	202.0	65.0	217.0	97.0	199.0	157.0	163.0	141.0	180.0	176.0	216.0	172.0	236.0	164.0	254.0	176.0	161.0	200.0	156.0	182.0	186.0	196.0	197.0	207.0	168.0	229.0	175.0	263.0	206.0	258.0	252.0	273.0	178.0	294.0	221.0	377.0	184.0	16
76.0	199.0	73.0	215.0	96.0	196.0	155.0	163.0	140.0	177.0	174.0	212.0	170.0	234.0	160.0	251.0	177.0	183.0	199.0	156.0	197.0	196.0	203.0	167.0	224.0	173.0	266.0	177.0	256.0	249.0	263.0	207.0	284.0	220.0	297.0	220.0	362.0	183.0	16
69.0	200.0	64.0	215.0	91.0	198.0	154.0	160.0	136.0	177.0	174.0	213.0	170.0	237.0	158.0	254.0	176.0	184.0	197.0	154.0	197.0	198.0	203.0	167.0	226.0	173.0	265.0	175.0	256.0	253.0	264.0	207.0	286.0	220.0	302.0	221.0	371.0	181.0	16
75.0	199.0	73.0	216.0	97.0	197.0	156.0	160.0	141.0	176.0	173.0	213.0	171.0	236.0	161.0	254.0	178.0	184.0	201.0	154.0	192.0	194.0	204.0	166.0	226.0	173.0	266.0	176.0	253.0	250.0	261.0	205.0	281.0	220.0	294.0	220.0	364.0	184.0	16
74.0	199.0	71.0	215.0	95.0	197.0	158.0	162.0	140.0	177.0	173.0	211.0	169.0	234.0	158.0	250.0	181.0	184.0	195.0	156.0	197.0	196.0	203.0	169.0	224.0	174.0	264.0	176.0	253.0	248.0	260.0	205.0	284.0	219.0	297.0	219.0	363.0	184.0	16
68.0	198.0	63.0	213.0	88.0	196.0	154.0	159.0	139.0	175.0	174.0	210.0	172.0	233.0	159.0	251.0	179.0	181.0	200.0	154.0	201.0	194.0	205.0	165.0	228.0	171.0	273.0	175.0	259.0	251.0	267.0	204.0	292.0	220.0	304.0	220.0	375.0	184.0	16
72.0	198.0	69.0	214.0	99.0	197.0	160.0	162.0	144.0	178.0	174.0	214.0	170.0	234.0	159.0	252.0	178.0	185.0	201.0	155.0	195.0	196.0	205.0	168.0	225.0	173.0	267.0	176.0	253.0	249.0	263.0	207.0	285.0	221.0	297.0	221.0	367.0	183.0	16
73.0	200.0	70.0	217.0	101.0	198.0	157.0	162.0	143.0	177.0	174.0	214.0	173.0	236.0	162.0	252.0	179.0	185.0	197.0	156.0	198.0	196.0	202.0	168.0	224.0	174.0	265.0	177.0	256.0	250.0	262.0	205.0	287.0	221.0	300.0	221.0	367.0	184.0	16
70.0	200.0	65.0	216.0	86.0	197.0	154.0	159.0	134.0	177.0	170.0	213.0	164.0	236.0	153.0	253.0	176.0	183.0	199.0	152.0	195.0	196.0	205.0	166.0	225.0	171.0	266.0	173.0	257.0	252.0	267.0	207.0	288.0	221.0	302.0	221.0	376.0	182.0	16
68.0	199.0	63.0	213.0	93.0	196.0	153.0	163.0	140.0	178.0	176.0	213.0	171.0	234.0	161.0	251.0	182.0	185.0	200.0	157.0	196.0	196.0	205.0	169.0	228.0	175.0	274.0	179.0	260.0	250.0	265.0	206.0	287.0	219.0	300.0	218.0	360.0	182.0	16
78.0	200.0	72.0	215.0	98.0	198.0	159.0	163.0	144.0	179.0	176.0	214.0	174.0	236.0	164.0	251.0	183.0	186.0	203.0	158.0	197.0	197.0	206.0	169.0	226.0	174.0	263.0	178.0	252.0	249.0	259.0	205.0	284.0	220.0	296.0	220.0	365.0	185.0	16
72.0	200.0	67.0	215.0	95.0	198.0	156.0	162.0	141.0	179.0	173.0	214.0	170.0	236.0	161.0	253.0	177.0	185.0	200.0	155.0	197.0	197.0	206.0	168.0	228.0	174.0	274.0	178.0	259.0	251.0	264.0	206.0	290.0	221.0	303.0	220.0	370.0	183.0	16
75.0	197.0	69.0	211.0	95.0	196.0	163.0	162.0	146.0	177.0	178.0	214.0	175.0	236.0	165.0	253.0	184.0	186.0	204.0	158.0	201.0	198.0	208.0	170.0	228.0	176.0	265.0	179.0	262.0	253.0	269.0	209.0	291.0	224.0	304.0	223.0	367.0	184.0	16
75.0	199.0	72.0	215.0	95.0	197.0	155.0	162.0	139.0	178.0	175.0	213.0	171.0	235.0	161.0	252.0	178.0	184.0	199.0	155.0	199.0	196.0	204.0	167.0	226.0	173.0	270.0	176.0	259.0	250.0	265.0	206.0	288.0	219.0	299.0	218.0	367.0	181.0	16
75.0	195.0	71.0	209.0	100.0	193.0	160.0	160.0	146.0	176.0	179.0	210.0	174.0	230.0	165.0	247.0	186.0	183.0	205.0	156.0	199.0	193.0	210.0	168.0	232.0	174.0	273.0	178.0	260.0	247.0	265.0	204.0	286.0	217.0	300.0	217.0	359.0	182.0	16
75.0	199.0	70.0	215.0	91.0	197.0	156.0	162.0	138.0	177.0	172.0	213.0	166.0	235.0	155.0	252.0	177.0	183.0	199.0	155.0	196.0	196.0	206.0	168.0	224.0	172.0	264.0	174.0	254.0	251.0	264.0	207.0	284.0	221.0	297.0	221.0	369.0	184.0	16
62.0	199.0	58.0	215.0	88.0	197.0	155.0	158.0	137.0	175.0	172.0	212.0	169.0	237.0	157.0	256.0	180.0	183.0	199.0	152.0	198.0	196.0	206.0	166.0	230.0	173.0	268.0	176.0	260.0	254.0	266.0	207.0	290.0	221.0	305.0	222.0	376.0	185.0	16
76.0	199.0	70.0	214.0	101.0	197.0	160.0	162.0	145.0	178.0	177.0	212.0	174.0	234.0	163.0	250.0	185.0	185.0	202.0	157.0	197.0	196.0	207.0	169.0	227.0	174.0	268.0	178.0	254.0	249.0	263.0	208.0	285.0	220.0	297.0	220.0	364.0	185.0	16
75.0	200.0	71.0	216.0	95.0	197.0	158.0	161.0	141.0	177.0	172.0	213.0	170.0	235.0	159.0	251.0	179.0	185.0	200.0	155.0	195.0	197.0	206.0	168.0	226.0	174.0	267.0	177.0	256.0	251.0	260.0	205.0	285.0	220.0	298.0	220.0	366.0	183.0	16
66.0	200.0	62.0	215.0	91.0	197.0	153.0	162.0	139.0	177.0	175.0	213.0	171.0	237.0	160.0	253.0	177.0	184.0	197.0	156.0	198.0	197.0	203.0	169.0	227.0	175.0	270.0	177.0	258.0	251.0	264.0	206.0	286.0	219.0	302.0	219.0	368.0	181.0	16
64.0	198.0	58.0	213.0	86.0	196.0	154.0	160.0	138.0	175.0	172.0	213.0	170.0	236.0	158.0	254.0	179.0	184.0	197.0	154.0	196.0	196.0	202.0	166.0	223.0	172.0	261.0	175.0	258.0	252.0	265.0	206.0	289.0	221.0	301.0	221.0	367.0	178.0	16
72.0	202.0	70.0	217.0	101.0	199.0	157.0	162.0	140.0	179.0	174.0	213.0	170.0	236.0	162.0	251.0	179.0	185.0	199.0	155.0	195.0	196.0	203.0	167.0	225.0	173.0	270.0	178.0	256.0	248.0	263.0	205.0	285.0	220.0	299.0	221.0	367.0	186.0	16
50.0	204.0	46.0	225.0	88.0	200.0	188.0	138.0	165.0	148.0	191.0	219.0	186.0	250.0	176.0	272.0	142.0	171.0	222.0	137.0	198.0	179.0	218.0	194.0	230.0	154.0	260.0	163.0	308.0	269.0	315.0	209.0	321.0	169.0	346.0	230.0	359.0	229.0	16
74.0	200.0	69.0	215.0	98.0	198.0	159.0	162.0	142.0	179.0	174.0	213.0	172.0	235.0	161.0	252.0	180.0	185.0	200.0	156.0	197.0	196.0	203.0	169.0	225.0	175.0	268.0	178.0	255.0	249.0	264.0	206.0	288.0	220.0	298.0	219.0	364.0	184.0	16
73.0	201.0	70.0	216.0	94.0	199.0	154.0	163.0	137.0	179.0	174.0	213.0	170.0	235.0	161.0	251.0	176.0	184.0	197.0	156.0	198.0	198.0	202.0	168.0	227.0	174.0	270.0	177.0	257.0	251.0	262.0	206.0	287.0	222.0	301.0	221.0	369.0	182.0	16
64.0	200.0	60.0	216.0	86.0	198.0	156.0	159.0	137.0	178.0	175.0	215.0	171.0	237.0	158.0	254.0	175.0	184.0	196.0	153.0	196.0	197.0	204.0	167.0	227.0	173.0	268.0	175.0	258.0	252.0	265.0	206.0	288.0	220.0	302.0	220.0	375.0	184.0	16
65.0	201.0	62.0	215.0	88.0	199.0	156.0	162.0	140.0	178.0	172.0	213.0	168.0	236.0	157.0	253.0	178.0	184.0	200.0	155.0	194.0	195.0	207.0	169.0	227.0	175.0	267.0	177.0	255.0	250.0	262.0	205.0	287.0	221.0	299.0	220.0	368.0	182.0	16
74.0	201.0	72.0	216.0	98.0	199.0	154.0	164.0	139.0	179.0	173.0	213.0	170.0	235.0	160.0	251.0	178.0	185.0	197.0	156.0	198.0	198.0	202.0	168.0	227.0	175.0	268.0	178.0	256.0	250.0	260.0	205.0	285.0	221.0	297.0	221.0	366.0	183.0	16
76.0	199.0	73.0	214.0	100.0	197.0	157.0	161.0	139.0	179.0	175.0	213.0	171.0	234.0	161.0	250.0	177.0	184.0	201.0	156.0	197.0	197.0	205.0	168.0	229.0	175.0	268.0	178.0	254.0	249.0	265.0	207.0	283.0	219.0	298.0	220.0	364.0	182.0	16
78.0	200.0	73.0	215.0	102.0	198.0	161.0	164.0	145.0	179.0	178.0	212.0	175.0	233.0	165.0	250.0	184.0	185.0	200.0	158.0	199.0	195.0	203.0	169.0	226.0	174.0	266.0	177.0	254.0	247.0	262.0	205.0	284.0	219.0	296.0	219.0	361.0	186.0	16
77.0	200.0	72.0	214.0	96.0	198.0	158.0	162.0	143.0	178.0	176.0	213.0	172.0	235.0	163.0	250.0	176.0	184.0	201.0	157.0	197.0	196.0	204.0	168.0	224.0	173.0	265.0	176.0	251.0	247.0	261.0	206.0	284.0	220.0	297.0	220.0	363.0	184.0	16
73.0	199.0	67.0	214.0	95.0	197.0	157.0	162.0	142.0	177.0	175.0	213.0	172.0	236.0	162.0	252.0	182.0	184.0	202.0	155.0	196.0	195.0	205.0	167.0	226.0	173.0	264.0	177.0	253.0	249.0	259.0	204.0	285.0	220.0	298.0	220.0	369.0	184.0	16
76.0	201.0	71.0	216.0	99.0	198.0	159.0	163.0	141.0	179.0	175.0	212.0	172.0	234.0	161.0	251.0	181.0	186.0	200.0	156.0	195.0	195.0	204.0	169.0	224.0	175.0	265.0	177.0	254.0	248.0	262.0	205.0	286.0	220.0	297.0	219.0	362.0	185.0	16
75.0	199.0	71.0	214.0	102.0	197.0	159.0	163.0	141.0	179.0	173.0	214.0	170.0	236.0	161.0	251.0	181.0	185.0	200.0	156.0	197.0	196.0	205.0	169.0	227.0	176.0	272.0	180.0	254.0	250.0	261.0	206.0	282.0	219.0	296.0	219.0	364.0	184.0	16
77.0	201.0	73.0	215.0	101.0	198.0	154.0	163.0	140.0	178.0	175.0	213.0	170.0	233.0	160.0	249.0	174.0	184.0	199.0	158.0	195.0	197.0	202.0	168.0	222.0	174.0	269.0	178.0	256.0	247.0	263.0	205.0	287.0	219.0	300.0	219.0	362.0	181.0	16
74.0	201.0	71.0	216.0	101.0	199.0	156.0	161.0	139.0	179.0	175.0	212.0	172.0	235.0	164.0	251.0	180.0	184.0	197.0	155.0	194.0	195.0	202.0	167.0	224.0	172.0	267.0	177.0	257.0	247.0	263.0	205.0	286.0	220.0	299.0	220.0	365.0	184.0	16
78.0	200.0	74.0	215.0	98.0	198.0	160.0	162.0	143.0	178.0	174.0	213.0	171.0	235.0	161.0	250.0	179.0	185.0	200.0	156.0	197.0	197.0	206.0	169.0	225.0	175.0	266.0	179.0	255.0	250.0	260.0	205.0	284.0	220.0	296.0	220.0	362.0	184.0	16
73.0	201.0	67.0	215.0	94.0	198.0	158.0	163.0	141.0	177.0	176.0	212.0	174.0	234.0	162.0	252.0	181.0	184.0	201.0	157.0	200.0	196.0	206.0	168.0	228.0	173.0	273.0	178.0	261.0	251.0	265.0	205.0	289.0	220.0	303.0	220.0	370.0	184.0	16
68.0	198.0	62.0	213.0	90.0	197.0	156.0	160.0	138.0	176.0	174.0	214.0	170.0	237.0	158.0	254.0	176.0	184.0	201.0	155.0	197.0	199.0	207.0	168.0	226.0	174.0	262.0	176.0	257.0	252.0	261.0	205.0	288.0	220.0	300.0	220.0	368.0	181.0	16
74.0	200.0	71.0	216.0	102.0	198.0	159.0	162.0	143.0	178.0	174.0	213.0	172.0	235.0	161.0	251.0	180.0	185.0	197.0	156.0	198.0	196.0	203.0	169.0	224.0	175.0	264.0	178.0	253.0	248.0	261.0	205.0	284.0	220.0	298.0	221.0	364.0	185.0	16
79.0	199.0	75.0	215.0	98.0	197.0	163.0	161.0	143.0	179.0	174.0	212.0	170.0	234.0	160.0	250.0	178.0	184.0	199.0	156.0	198.0	197.0	204.0	169.0	223.0	175.0	263.0	177.0	253.0	249.0	263.0	208.0	281.0	220.0	296.0	220.0	361.0	185.0	16
78.0	201.0	73.0	215.0	99.0	198.0	158.0	162.0	141.0	178.0	175.0	213.0	172.0	235.0	161.0	252.0	178.0	184.0	201.0	157.0	193.0	196.0	205.0	168.0	225.0	174.0	266.0	177.0	251.0	249.0	259.0	204.0	283.0	220.0	296.0	220.0	362.0	185.0	16
68.0	200.0	66.0	217.0	93.0	196.0	154.0	159.0	135.0	176.0	174.0	215.0	170.0	238.0	159.0	256.0	179.0	184.0	201.0	152.0	195.0	196.0	205.0	165.0	226.0	172.0	274.0	176.0	258.0	253.0	263.0	204.0	288.0	221.0	302.0	221.0	375.0	182.0	16
76.0	199.0	74.0	215.0	99.0	197.0	157.0	161.0	140.0	178.0	176.0	214.0	172.0	236.0	162.0	254.0	180.0	184.0	202.0	156.0	196.0	196.0	205.0	167.0	226.0	174.0	268.0	177.0	255.0	250.0	262.0	205.0	283.0	220.0	298.0	221.0	367.0	184.0	16
76.0	201.0	70.0	216.0	94.0	199.0	156.0	161.0	140.0	177.0	171.0	212.0	169.0	235.0	158.0	252.0	178.0	183.0	198.0	154.0	194.0	195.0	202.0	166.0	225.0	172.0	270.0	176.0	252.0	250.0	265.0	206.0	287.0	221.0	302.0	221.0	372.0	185.0	16
71.0	200.0	66.0	216.0	93.0	198.0	157.0	160.0	140.0	176.0	174.0	212.0	170.0	235.0	161.0	253.0	182.0	184.0	199.0	155.0	197.0	196.0	204.0	167.0	229.0	174.0	267.0	177.0	255.0	250.0	262.0	206.0	283.0	220.0	295.0	220.0	363.0	184.0	16
76.0	200.0	72.0	215.0	99.0	198.0	158.0	162.0	143.0	178.0	175.0	212.0	171.0	236.0	161.0	252.0	182.0	185.0	200.0	156.0	197.0	196.0	204.0	168.0	226.0	174.0	261.0	177.0	253.0	250.0	260.0	206.0	284.0	222.0	297.0	221.0	362.0	189.0	16
78.0	200.0	74.0	215.0	99.0	197.0	162.0	163.0	144.0	178.0	174.0	213.0	171.0	235.0	161.0	251.0	180.0	185.0	199.0	157.0	198.0	197.0	205.0	169.0	224.0	175.0	263.0	177.0	255.0	249.0	264.0	208.0	284.0	221.0	297.0	220.0	362.0	185.0	16
77.0	200.0	71.0	215.0	96.0	198.0	160.0	162.0	145.0	177.0	176.0	212.0	172.0	235.0	164.0	252.0	180.0	184.0	200.0	158.0	199.0	196.0	204.0	168.0	224.0	174.0	263.0	178.0	252.0	248.0	261.0	207.0	282.0	220.0	296.0	220.0	364.0	186.0	16
74.0	200.0	69.0	216.0	93.0	197.0	154.0	162.0	139.0	177.0	174.0	212.0	170.0	235.0	160.0	252.0	177.0	183.0	199.0	154.0	195.0	196.0	203.0	167.0	226.0	173.0	266.0	175.0	256.0	251.0	263.0	205.0	287.0	219.0	300.0	219.0	371.0	184.0	16
74.0	200.0	71.0	215.0	92.0	198.0	160.0	161.0	142.0	177.0	173.0	212.0	168.0	234.0	158.0	250.0	180.0	184.0	196.0	156.0	196.0	196.0	203.0	169.0	224.0	174.0	266.0	176.0	255.0	249.0	262.0	205.0	284.0	220.0	299.0	220.0	366.0	183.0	16
71.0	200.0	68.0	216.0	100.0	197.0	157.0	163.0	142.0	179.0	173.0	212.0	170.0	235.0	161.0	252.0	180.0	184.0	200.0	156.0	197.0	196.0	206.0	168.0	227.0	175.0	270.0	178.0	254.0	250.0	261.0	207.0	283.0	221.0	295.0	221.0	372.0	186.0	16
70.0	201.0	66.0	215.0	92.0	199.0	159.0	163.0	142.0	178.0	174.0	212.0	170.0	235.0	159.0	251.0	179.0	184.0	201.0	156.0	195.0	195.0	207.0	169.0	227.0	175.0	265.0	177.0	254.0	249.0	262.0	205.0	285.0	220.0	297.0	219.0	364.0	182.0	16
70.0	198.0	65.0	214.0	90.0	197.0	150.0	159.0	134.0	176.0	173.0	212.0	168.0	235.0	159.0	255.0	180.0	181.0	201.0	153.0	200.0	194.0	204.0	165.0	227.0	170.0	264.0	174.0	258.0	253.0	264.0	206.0	289.0	222.0	302.0	222.0	369.0	184.0	17
73.0	200.0	70.0	217.0	94.0	199.0	154.0	161.0	138.0	176.0	175.0	213.0	174.0	237.0	165.0	255.0	181.0	184.0	201.0	155.0	198.0	196.0	205.0	167.0	225.0	172.0	264.0	175.0	259.0	251.0	263.0	206.0	287.0	220.0	302.0	219.0	368.0	184.0	17
71.0	201.0	67.0	218.0	89.0	199.0	156.0	162.0	137.0	177.0	176.0	214.0	171.0	237.0	163.0	257.0	180.0	183.0	199.0	154.0	201.0	197.0	203.0	166.0	223.0	170.0	263.0	174.0	260.0	253.0	264.0	206.0	290.0	221.0	303.0	221.0	368.0	185.0	17
74.0	201.0	69.0	217.0	95.0	199.0	155.0	161.0	139.0	177.0	178.0	214.0	175.0	237.0	165.0	257.0	182.0	184.0	201.0	154.0	200.0	196.0	205.0	167.0	229.0	172.0	266.0	175.0	259.0	252.0	265.0	205.0	289.0	220.0	303.0	219.0	370.0	185.0	17
70.0	201.0	65.0	216.0	91.0	198.0	151.0	161.0	135.0	177.0	174.0	214.0	170.0	237.0	161.0	256.0	180.0	184.0	196.0	154.0	197.0	196.0	202.0	167.0	228.0	173.0	265.0	175.0	257.0	250.0	263.0	205.0	287.0	220.0	300.0	220.0	367.0	184.0	17
53.0	202.0	48.0	218.0	77.0	199.0	149.0	158.0	130.0	175.0	171.0	217.0	167.0	243.0	156.0	265.0	177.0	183.0	201.0	150.0	197.0	198.0	203.0	164.0	227.0	169.0	270.0	173.0	264.0	259.0	269.0	208.0	298.0	225.0	311.0	224.0	385.0	182.0	17
74.0	201.0	66.0	216.0	96.0	199.0	156.0	162.0	139.0	178.0	176.0	214.0	174.0	237.0	163.0	255.0	182.0	184.0	199.0	155.0	202.0	197.0	203.0	168.0	225.0	173.0	264.0	175.0	258.0	251.0	262.0	206.0	287.0	220.0	300.0	220.0	371.0	184.0	17
73.0	201.0	68.0	217.0	94.0	199.0	155.0	163.0	138.0	179.0	176.0	213.0	173.0	236.0	164.0	255.0	181.0	183.0	199.0	155.0	202.0	197.0	203.0	167.0	224.0	172.0	264.0	175.0	260.0	252.0	267.0	206.0	291.0	220.0	304.0	220.0	370.0	183.0	17
67.0	199.0	62.0	217.0	89.0	198.0	150.0	158.0	134.0	175.0	176.0	214.0	171.0	237.0	164.0	258.0	180.0	180.0	201.0	152.0	200.0	194.0	204.0	163.0	229.0	168.0	272.0	173.0	264.0	254.0	271.0	206.0	294.0	220.0	308.0	221.0	381.0	182.0	17
61.0	203.0	56.0	221.0	81.0	201.0	146.0	159.0	128.0	175.0	170.0	214.0	167.0	238.0	157.0	258.0	174.0	182.0	195.0	158.0	192.0	194.0	221.0	168.0	262.0	202.0	266.0	171.0	259.0	252.0	291.0	218.0	304.0	217.0	345.0	237.0	371.0	175.0	17
76.0	202.0	70.0	216.0	95.0	200.0	156.0	163.0	138.0	178.0	178.0	214.0	175.0	236.0	165.0	255.0	180.0	183.0	198.0	156.0	201.0	197.0	202.0	167.0	223.0	173.0	260.0	175.0	259.0	251.0	262.0	205.0	288.0	220.0	298.0	219.0	368.0	184.0	17
71.0	201.0	67.0	218.0	92.0	199.0	154.0	161.0	138.0	176.0	175.0	214.0	171.0	237.0	161.0	256.0	182.0	184.0	199.0	155.0	198.0	197.0	204.0	168.0	225.0	173.0	264.0	176.0	259.0	251.0	265.0	206.0	288.0	221.0	301.0	221.0	370.0	185.0	17
55.0	199.0	50.0	217.0	78.0	196.0	145.0	155.0	129.0	171.0	170.0	213.0	168.0	240.0	158.0	258.0	177.0	180.0	199.0	146.0	198.0	195.0	202.0	160.0	224.0	165.0	268.0	167.0	269.0	253.0	272.0	203.0	301.0	220.0	315.0	219.0	387.0	176.0	17
69.0	200.0	65.0	217.0	89.0	198.0	150.0	160.0	135.0	175.0	173.0	214.0	169.0	237.0	160.0	256.0	180.0	182.0	199.0	153.0	196.0	195.0	203.0	164.0	225.0	170.0	269.0	175.0	262.0	254.0	264.0	205.0	290.0	221.0	304.0	221.0	377.0	185.0	17
69.0	200.0	63.0	217.0	86.0	198.0	155.0	158.0	135.0	176.0	173.0	216.0	170.0	241.0	161.0	259.0	178.0	182.0	201.0	151.0	200.0	197.0	207.0	164.0	227.0	169.0	267.0	174.0	259.0	255.0	265.0	208.0	291.0	223.0	303.0	223.0	374.0	183.0	17
75.0	203.0	71.0	219.0	95.0	200.0	155.0	161.0	136.0	177.0	176.0	213.0	172.0	235.0	165.0	254.0	178.0	183.0	195.0	154.0	198.0	195.0	200.0	167.0	221.0	171.0	259.0	174.0	259.0	249.0	262.0	205.0	286.0	219.0	298.0	219.0	365.0	183.0	17
74.0	201.0	71.0	217.0	95.0	199.0	158.0	161.0	139.0	178.0	175.0	214.0	170.0	237.0	163.0	255.0	179.0	183.0	199.0	154.0	200.0	196.0	203.0	167.0	223.0	173.0	259.0	176.0	257.0	251.0	259.0	205.0	285.0	222.0	297.0	221.0	365.0	185.0	17
76.0	200.0	71.0	215.0	93.0	198.0	157.0	159.0	138.0	177.0	176.0	212.0	172.0	236.0	162.0	253.0	181.0	182.0	198.0	153.0	198.0	195.0	204.0	165.0	226.0	171.0	260.0	174.0	254.0	250.0	263.0	205.0	286.0	219.0	298.0	219.0	365.0	184.0	17
58.0	201.0	52.0	219.0	79.0	198.0	148.0	157.0	128.0	173.0	169.0	215.0	165.0	239.0	152.0	259.0	174.0	182.0	195.0	150.0	193.0	196.0	200.0	164.0	219.0	168.0	260.0	172.0	256.0	257.0	263.0	206.0	289.0	221.0	303.0	218.0	376.0	181.0	17
75.0	202.0	71.0	218.0	93.0	199.0	154.0	161.0	137.0	178.0	177.0	214.0	172.0	237.0	162.0	255.0	183.0	185.0	196.0	154.0	199.0	196.0	202.0	167.0	223.0	172.0	262.0	174.0	258.0	250.0	264.0	205.0	289.0	220.0	303.0	220.0	369.0	182.0	17
73.0	201.0	69.0	217.0	92.0	200.0	156.0	162.0	139.0	177.0	178.0	214.0	173.0	238.0	165.0	256.0	180.0	183.0	199.0	155.0	202.0	166.0	203.0	198.0	222.0	171.0	266.0	175.0	261.0	252.0	261.0	203.0	290.0	220.0	301.0	219.0	367.0	185.0	17
71.0	201.0	67.0	216.0	93.0	198.0	157.0	160.0	137.0	178.0	175.0	213.0	171.0	237.0	163.0	255.0	183.0	183.0	201.0	154.0	200.0	195.0	206.0	167.0	227.0	172.0	263.0	176.0	258.0	252.0	263.0	206.0	287.0	221.0	300.0	220.0	366.0	184.0	17
71.0	201.0	66.0	217.0	88.0	199.0	156.0	159.0	136.0	176.0	174.0	215.0	171.0	240.0	163.0	257.0	179.0	182.0	201.0	151.0	200.0	196.0	207.0	165.0	226.0	169.0	266.0	173.0	259.0	252.0	265.0	207.0	289.0	222.0	301.0	221.0	371.0	181.0	17
65.0	201.0	59.0	217.0	85.0	199.0	153.0	158.0	134.0	176.0	173.0	215.0	167.0	238.0	157.0	258.0	179.0	182.0	198.0	150.0	198.0	196.0	204.0	164.0	227.0	170.0	264.0	174.0	257.0	254.0	264.0	207.0	288.0	222.0	304.0	222.0	375.0	184.0	17
79.0	202.0	74.0	217.0	94.0	199.0	160.0	162.0	142.0	177.0	173.0	212.0	170.0	235.0	163.0	254.0	181.0	184.0	197.0	156.0	197.0	196.0	202.0	168.0	223.0	173.0	263.0	177.0	256.0	249.0	261.0	205.0	284.0	219.0	297.0	219.0	364.0	187.0	17
70.0	201.0	63.0	217.0	93.0	199.0	154.0	162.0	137.0	178.0	174.0	214.0	171.0	237.0	160.0	256.0	180.0	184.0	197.0	154.0	199.0	197.0	202.0	167.0	224.0	172.0	263.0	175.0	257.0	252.0	261.0	206.0	286.0	221.0	299.0	221.0	372.0	184.0	17
67.0	201.0	62.0	218.0	86.0	198.0	151.0	158.0	133.0	175.0	174.0	214.0	170.0	238.0	160.0	258.0	178.0	183.0	197.0	152.0	196.0	195.0	202.0	165.0	225.0	170.0	270.0	174.0	261.0	254.0	265.0	205.0	293.0	221.0	306.0	221.0	374.0	181.0	17
66.0	201.0	60.0	218.0	87.0	198.0	151.0	157.0	132.0	176.0	170.0	214.0	167.0	239.0	159.0	259.0	179.0	182.0	197.0	150.0	196.0	195.0	203.0	163.0	226.0	170.0	267.0	173.0	258.0	256.0	268.0	208.0	290.0	222.0	305.0	221.0	378.0	182.0	17
58.0	200.0	54.0	217.0	80.0	197.0	143.0	158.0	127.0	173.0	167.0	213.0	165.0	237.0	156.0	252.0	173.0	180.0	192.0	148.0	193.0	194.0	197.0	162.0	218.0	165.0	259.0	167.0	261.0	249.0	264.0	202.0	289.0	216.0	305.0	214.0	371.0	174.0	17
76.0	201.0	72.0	217.0	95.0	199.0	156.0	161.0	138.0	177.0	176.0	212.0	173.0	235.0	165.0	254.0	181.0	183.0	199.0	153.0	200.0	196.0	205.0	167.0	225.0	172.0	260.0	175.0	256.0	250.0	260.0	204.0	287.0	220.0	299.0	220.0	367.0	184.0	17
65.0	210.0	61.0	231.0	89.0	157.0	172.0	155.0	146.0	177.0	193.0	250.0	197.0	222.0	184.0	275.0	90.0	206.0	223.0	145.0	204.0	183.0	226.0	198.0	231.0	160.0	254.0	164.0	302.0	205.0	304.0	264.0	308.0	168.0	340.0	224.0	357.0	221.0	17
70.0	200.0	68.0	217.0	89.0	198.0	152.0	161.0	135.0	177.0	173.0	214.0	171.0	237.0	163.0	256.0	179.0	183.0	198.0	154.0	197.0	194.0	203.0	165.0	224.0	171.0	267.0	176.0	258.0	250.0	260.0	204.0	288.0	219.0	301.0	218.0	369.0	183.0	17
60.0	200.0	55.0	216.0	79.0	197.0	149.0	158.0	129.0	173.0	169.0	214.0	163.0	239.0	155.0	259.0	173.0	181.0	196.0	151.0	194.0	195.0	200.0	164.0	222.0	169.0	269.0	175.0	259.0	255.0	265.0	207.0	291.0	223.0	305.0	223.0	380.0	184.0	17
70.0	202.0	65.0	218.0	90.0	199.0	151.0	160.0	134.0	177.0	172.0	213.0	169.0	237.0	160.0	256.0	180.0	183.0	197.0	152.0	198.0	195.0	203.0	165.0	226.0	171.0	264.0	174.0	259.0	253.0	264.0	205.0	289.0	221.0	302.0	221.0	370.0	182.0	17
78.0	202.0	74.0	217.0	95.0	199.0	158.0	163.0	140.0	178.0	177.0	213.0	172.0	236.0	165.0	254.0	180.0	184.0	199.0	157.0	200.0	196.0	203.0	168.0	224.0	174.0	263.0	176.0	256.0	249.0	260.0	205.0	286.0	220.0	297.0	220.0	364.0	183.0	17
59.0	202.0	56.0	220.0	81.0	198.0	148.0	157.0	129.0	176.0	170.0	215.0	167.0	241.0	157.0	260.0	176.0	183.0	195.0	149.0	194.0	195.0	201.0	164.0	224.0	169.0	264.0	172.0	261.0	257.0	267.0	206.0	295.0	222.0	309.0	222.0	385.0	182.0	17
70.0	201.0	65.0	216.0	91.0	198.0	155.0	161.0	136.0	177.0	174.0	213.0	169.0	236.0	160.0	254.0	178.0	182.0	198.0	153.0	198.0	196.0	203.0	166.0	222.0	170.0	265.0	175.0	259.0	251.0	265.0	206.0	289.0	221.0	302.0	220.0	371.0	182.0	17
73.0	201.0	68.0	217.0	92.0	199.0	154.0	160.0	138.0	177.0	174.0	213.0	170.0	237.0	162.0	256.0	181.0	184.0	196.0	153.0	198.0	196.0	201.0	166.0	222.0	171.0	263.0	174.0	259.0	251.0	263.0	205.0	288.0	220.0	302.0	220.0	373.0	184.0	17
76.0	200.0	71.0	216.0	95.0	197.0	159.0	159.0	138.0	176.0	174.0	212.0	170.0	235.0	162.0	254.0	182.0	184.0	199.0	153.0	198.0	195.0	206.0	166.0	225.0	171.0	262.0	174.0	255.0	252.0	263.0	206.0	287.0	221.0	300.0	221.0	367.0	184.0	17
65.0	202.0	60.0	218.0	85.0	199.0	150.0	159.0	133.0	176.0	172.0	214.0	168.0	238.0	159.0	258.0	179.0	182.0	196.0	150.0	196.0	195.0	203.0	164.0	225.0	170.0	264.0	174.0	259.0	254.0	264.0	206.0	289.0	221.0	305.0	222.0	375.0	183.0	17
68.0	201.0	64.0	218.0	88.0	198.0	155.0	160.0	134.0	177.0	173.0	214.0	170.0	238.0	162.0	257.0	180.0	183.0	197.0	152.0	198.0	196.0	203.0	166.0	222.0	170.0	265.0	175.0	259.0	251.0	261.0	205.0	289.0	220.0	302.0	220.0	370.0	183.0	17
77.0	201.0	73.0	213.0	99.0	199.0	160.0	164.0	143.0	179.0	180.0	214.0	177.0	237.0	169.0	255.0	184.0	185.0	204.0	155.0	202.0	197.0	208.0	168.0	228.0	171.0	264.0	174.0	260.0	250.0	266.0	205.0	289.0	218.0	301.0	217.0	365.0	181.0	17
80.0	201.0	74.0	216.0	95.0	199.0	158.0	161.0	139.0	177.0	176.0	213.0	173.0	237.0	164.0	254.0	180.0	184.0	202.0	155.0	199.0	196.0	205.0	167.0	225.0	173.0	260.0	176.0	256.0	249.0	258.0	204.0	286.0	221.0	297.0	220.0	366.0	188.0	17
74.0	201.0	68.0	217.0	91.0	198.0	155.0	162.0	138.0	177.0	175.0	213.0	172.0	236.0	163.0	255.0	182.0	184.0	198.0	155.0	200.0	198.0	203.0	167.0	227.0	173.0	266.0	176.0	257.0	249.0	263.0	206.0	286.0	220.0	301.0	220.0	370.0	185.0	17
74.0	201.0	69.0	217.0	95.0	198.0	157.0	161.0	136.0	178.0	175.0	213.0	172.0	235.0	163.0	255.0	180.0	183.0	197.0	154.0	198.0	196.0	202.0	166.0	221.0	171.0	264.0	174.0	260.0	251.0	264.0	206.0	287.0	219.0	301.0	219.0	367.0	184.0	17
80.0	200.0	76.0	217.0	97.0	199.0	158.0	161.0	140.0	177.0	176.0	213.0	172.0	236.0	164.0	254.0	180.0	183.0	198.0	154.0	196.0	196.0	202.0	166.0	222.0	171.0	258.0	174.0	254.0	249.0	258.0	205.0	284.0	220.0	294.0	220.0	361.0	184.0	17
61.0	201.0	56.0	218.0	81.0	199.0	151.0	156.0	133.0	174.0	171.0	214.0	166.0	240.0	156.0	260.0	181.0	181.0	199.0	148.0	200.0	196.0	205.0	163.0	228.0	169.0	269.0	174.0	262.0	258.0	269.0	208.0	295.0	223.0	308.0	223.0	382.0	183.0	17
79.0	200.0	75.0	212.0	100.0	196.0	157.0	163.0	143.0	176.0	178.0	212.0	175.0	233.0	171.0	250.0	184.0	184.0	201.0	155.0	199.0	196.0	206.0	167.0	224.0	171.0	261.0	175.0	256.0	249.0	260.0	204.0	285.0	219.0	296.0	218.0	359.0	181.0	17
64.0	199.0	60.0	215.0	84.0	196.0	150.0	160.0	131.0	176.0	168.0	214.0	166.0	238.0	156.0	256.0	177.0	184.0	194.0	154.0	192.0	195.0	200.0	167.0	222.0	174.0	263.0	177.0	251.0	254.0	255.0	206.0	283.0	223.0	296.0	223.0	364.0	183.0	17
77.0	198.0	73.0	214.0	96.0	196.0	157.0	161.0	139.0	176.0	176.0	212.0	170.0	234.0	161.0	251.0	182.0	182.0	200.0	154.0	199.0	195.0	206.0	166.0	223.0	171.0	262.0	175.0	256.0	250.0	262.0	206.0	289.0	222.0	299.0	221.0	369.0	189.0	17
75.0	198.0	71.0	215.0	93.0	196.0	157.0	160.0	140.0	175.0	171.0	212.0	167.0	236.0	160.0	255.0	181.0	183.0	199.0	154.0	196.0	194.0	204.0	165.0	225.0	170.0	268.0	175.0	253.0	251.0	261.0	206.0	286.0	222.0	299.0	221.0	363.0	185.0	17
68.0	202.0	64.0	219.0	91.0	199.0	149.0	161.0	132.0	178.0	173.0	216.0	168.0	238.0	161.0	258.0	176.0	183.0	193.0	152.0	195.0	196.0	200.0	166.0	222.0	171.0	265.0	173.0	260.0	253.0	266.0	205.0	291.0	221.0	307.0	221.0	378.0	182.0	17
70.0	201.0	65.0	217.0	92.0	199.0	153.0	162.0	136.0	178.0	174.0	213.0	171.0	236.0	162.0	256.0	179.0	183.0	197.0	154.0	201.0	197.0	202.0	166.0	223.0	171.0	264.0	174.0	259.0	252.0	266.0	206.0	291.0	221.0	303.0	220.0	370.0	183.0	17
78.0	201.0	75.0	216.0	96.0	199.0	160.0	163.0	142.0	178.0	176.0	213.0	172.0	235.0	165.0	253.0	183.0	185.0	199.0	157.0	200.0	197.0	204.0	168.0	225.0	173.0	263.0	176.0	255.0	248.0	263.0	206.0	284.0	220.0	296.0	219.0	365.0	186.0	17
67.0	201.0	64.0	217.0	85.0	199.0	154.0	160.0	134.0	176.0	173.0	213.0	167.0	237.0	157.0	256.0	180.0	183.0	199.0	153.0	197.0	196.0	204.0	166.0	227.0	172.0	264.0	176.0	255.0	252.0	263.0	207.0	289.0	222.0	302.0	221.0	373.0	185.0	17
71.0	201.0	66.0	218.0	90.0	199.0	155.0	161.0	137.0	177.0	175.0	214.0	171.0	237.0	162.0	256.0	181.0	183.0	198.0	153.0	197.0	195.0	204.0	166.0	226.0	172.0	267.0	176.0	256.0	251.0	263.0	207.0	288.0	222.0	300.0	221.0	368.0	185.0	17
50.0	201.0	31.0	249.0	67.0	164.0	113.0	130.0	96.0	138.0	124.0	219.0	120.0	255.0	106.0	279.0	139.0	176.0	159.0	130.0	157.0	191.0	170.0	150.0	202.0	159.0	262.0	163.0	245.0	276.0	251.0	206.0	292.0	231.0	311.0	229.0	376.0	176.0	17
71.0	201.0	66.0	218.0	90.0	199.0	154.0	161.0	136.0	177.0	175.0	214.0	171.0	237.0	162.0	255.0	181.0	183.0	198.0	153.0	197.0	195.0	203.0	166.0	225.0	172.0	267.0	176.0	256.0	250.0	263.0	207.0	288.0	221.0	300.0	221.0	368.0	184.0	17
38.0	197.0	17.0	239.0	69.0	161.0	114.0	128.0	97.0	138.0	123.0	216.0	119.0	252.0	105.0	277.0	139.0	174.0	161.0	129.0	157.0	190.0	171.0	149.0	202.0	159.0	262.0	165.0	243.0	276.0	250.0	206.0	290.0	232.0	309.0	232.0	368.0	178.0	17
79.0	200.0	75.0	214.0	96.0	198.0	159.0	161.0	141.0	177.0	176.0	211.0	171.0	234.0	162.0	251.0	183.0	183.0	200.0	156.0	199.0	196.0	206.0	168.0	226.0	174.0	260.0	177.0	252.0	248.0	259.0	206.0	283.0	219.0	295.0	219.0	361.0	186.0	17
77.0	202.0	72.0	217.0	95.0	199.0	156.0	162.0	137.0	178.0	176.0	213.0	172.0	236.0	164.0	254.0	182.0	183.0	202.0	154.0	199.0	195.0	205.0	167.0	225.0	172.0	263.0	176.0	255.0	249.0	264.0	206.0	286.0	220.0	297.0	220.0	362.0	185.0	17
78.0	201.0	73.0	216.0	96.0	199.0	156.0	162.0	138.0	178.0	176.0	213.0	172.0	236.0	164.0	254.0	182.0	183.0	202.0	155.0	199.0	195.0	206.0	168.0	225.0	172.0	263.0	177.0	254.0	250.0	264.0	207.0	286.0	221.0	297.0	221.0	362.0	186.0	17
68.0	203.0	63.0	220.0	90.0	201.0	151.0	159.0	134.0	176.0	175.0	215.0	170.0	239.0	163.0	259.0	178.0	182.0	197.0	151.0	197.0	195.0	202.0	164.0	225.0	170.0	268.0	174.0	262.0	253.0	266.0	206.0	291.0	220.0	304.0	220.0	376.0	182.0	17
76.0	201.0	73.0	217.0	94.0	199.0	159.0	161.0	139.0	177.0	178.0	214.0	173.0	235.0	165.0	254.0	180.0	182.0	200.0	154.0	199.0	196.0	203.0	166.0	224.0	171.0	263.0	174.0	258.0	250.0	261.0	206.0	285.0	220.0	297.0	220.0	364.0	185.0	17
73.0	200.0	68.0	216.0	93.0	197.0	154.0	160.0	138.0	176.0	173.0	213.0	169.0	235.0	161.0	254.0	181.0	183.0	198.0	153.0	198.0	195.0	203.0	166.0	225.0	171.0	268.0	176.0	256.0	251.0	261.0	205.0	286.0	221.0	299.0	220.0	367.0	183.0	17
71.0	201.0	66.0	216.0	92.0	199.0	155.0	161.0	138.0	177.0	176.0	215.0	172.0	238.0	162.0	257.0	180.0	183.0	198.0	154.0	199.0	197.0	203.0	166.0	223.0	171.0	264.0	174.0	260.0	253.0	265.0	207.0	288.0	220.0	301.0	220.0	373.0	184.0	17
79.0	200.0	74.0	215.0	98.0	198.0	155.0	161.0	137.0	178.0	175.0	214.0	173.0	237.0	164.0	254.0	181.0	184.0	200.0	155.0	199.0	196.0	203.0	168.0	223.0	173.0	259.0	176.0	255.0	251.0	258.0	206.0	285.0	221.0	297.0	220.0	360.0	184.0	17
70.0	202.0	66.0	219.0	88.0	199.0	155.0	161.0	135.0	177.0	174.0	214.0	170.0	237.0	162.0	257.0	178.0	183.0	197.0	153.0	198.0	196.0	201.0	165.0	221.0	170.0	261.0	174.0	259.0	252.0	263.0	206.0	287.0	220.0	301.0	220.0	366.0	184.0	17
74.0	201.0	68.0	216.0	92.0	199.0	155.0	162.0	137.0	178.0	175.0	213.0	171.0	235.0	163.0	255.0	178.0	184.0	196.0	155.0	199.0	167.0	200.0	197.0	221.0	173.0	261.0	175.0	258.0	250.0	261.0	205.0	284.0	219.0	298.0	219.0	367.0	183.0	17
61.0	198.0	57.0	217.0	81.0	197.0	149.0	158.0	131.0	175.0	170.0	215.0	164.0	239.0	155.0	259.0	181.0	184.0	197.0	153.0	196.0	196.0	204.0	166.0	227.0	172.0	267.0	177.0	261.0	257.0	264.0	208.0	292.0	176.0	301.0	224.0	375.0	184.0	18
73.0	201.0	68.0	218.0	93.0	198.0	157.0	159.0	135.0	177.0	174.0	214.0	170.0	237.0	160.0	257.0	181.0	183.0	202.0	152.0	198.0	195.0	208.0	166.0	230.0	172.0	268.0	176.0	258.0	252.0	264.0	206.0	290.0	222.0	302.0	222.0	373.0	187.0	18
77.0	201.0	74.0	216.0	97.0	199.0	156.0	164.0	140.0	178.0	176.0	213.0	172.0	234.0	164.0	253.0	182.0	185.0	199.0	157.0	200.0	198.0	203.0	169.0	224.0	174.0	261.0	177.0	259.0	248.0	260.0	205.0	286.0	220.0	297.0	219.0	362.0	184.0	18
78.0	201.0	74.0	217.0	98.0	199.0	156.0	162.0	137.0	179.0	176.0	215.0	173.0	237.0	165.0	255.0	185.0	185.0	198.0	155.0	199.0	196.0	203.0	168.0	223.0	172.0	262.0	175.0	257.0	250.0	259.0	206.0	287.0	221.0	299.0	220.0	364.0	183.0	18
77.0	202.0	71.0	217.0	98.0	200.0	155.0	163.0	138.0	178.0	177.0	214.0	174.0	237.0	167.0	256.0	181.0	184.0	200.0	155.0	199.0	197.0	203.0	167.0	222.0	172.0	260.0	175.0	257.0	249.0	261.0	206.0	286.0	221.0	298.0	221.0	363.0	183.0	18
71.0	200.0	65.0	217.0	93.0	199.0	152.0	162.0	134.0	178.0	174.0	215.0	171.0	237.0	161.0	256.0	180.0	184.0	197.0	155.0	196.0	195.0	201.0	166.0	227.0	172.0	267.0	176.0	260.0	251.0	263.0	206.0	288.0	221.0	302.0	220.0	370.0	181.0	18
75.0	200.0	71.0	216.0	96.0	199.0	158.0	161.0	141.0	177.0	179.0	216.0	173.0	238.0	165.0	256.0	184.0	183.0	203.0	153.0	202.0	197.0	207.0	165.0	231.0	171.0	267.0	175.0	262.0	253.0	267.0	206.0	293.0	222.0	306.0	221.0	375.0	183.0	18
72.0	202.0	69.0	219.0	95.0	199.0	153.0	161.0	136.0	179.0	175.0	215.0	172.0	237.0	163.0	256.0	180.0	183.0	197.0	153.0	199.0	197.0	204.0	166.0	226.0	171.0	267.0	176.0	257.0	252.0	265.0	206.0	291.0	222.0	305.0	222.0	369.0	183.0	18
77.0	201.0	73.0	216.0	100.0	198.0	155.0	164.0	140.0	178.0	176.0	214.0	172.0	235.0	164.0	252.0	180.0	185.0	198.0	158.0	197.0	197.0	201.0	169.0	223.0	174.0	261.0	177.0	258.0	251.0	260.0	207.0	283.0	220.0	296.0	219.0	362.0	182.0	18
80.0	202.0	74.0	217.0	100.0	200.0	157.0	164.0	140.0	179.0	178.0	214.0	176.0	236.0	168.0	255.0	182.0	185.0	199.0	156.0	198.0	197.0	203.0	168.0	222.0	172.0	260.0	176.0	258.0	248.0	261.0	206.0	288.0	222.0	298.0	220.0	363.0	183.0	18
78.0	202.0	75.0	218.0	96.0	199.0	154.0	164.0	139.0	179.0	175.0	213.0	173.0	235.0	165.0	253.0	181.0	186.0	199.0	157.0	198.0	197.0	204.0	170.0	224.0	174.0	267.0	178.0	258.0	249.0	261.0	207.0	285.0	220.0	297.0	219.0	359.0	183.0	18
76.0	201.0	72.0	217.0	96.0	199.0	159.0	162.0	140.0	178.0	178.0	213.0	173.0	236.0	165.0	253.0	183.0	185.0	201.0	156.0	201.0	197.0	203.0	168.0	222.0	172.0	262.0	175.0	263.0	249.0	264.0	207.0	291.0	221.0	301.0	220.0	367.0	184.0	18
83.0	201.0	77.0	217.0	101.0	199.0	159.0	164.0	140.0	179.0	176.0	213.0	170.0	234.0	163.0	252.0	183.0	186.0	201.0	157.0	199.0	198.0	203.0	169.0	222.0	173.0	263.0	178.0	257.0	248.0	260.0	206.0	287.0	221.0	297.0	220.0	363.0	186.0	18
70.0	201.0	65.0	217.0	90.0	199.0	155.0	159.0	137.0	176.0	174.0	215.0	170.0	239.0	160.0	258.0	180.0	183.0	199.0	153.0	199.0	197.0	204.0	165.0	224.0	170.0	263.0	175.0	258.0	254.0	264.0	205.0	294.0	223.0	306.0	223.0	377.0	185.0	18
72.0	201.0	68.0	218.0	92.0	199.0	155.0	161.0	136.0	178.0	174.0	213.0	169.0	237.0	161.0	255.0	182.0	184.0	197.0	153.0	199.0	197.0	203.0	166.0	224.0	171.0	264.0	176.0	259.0	252.0	262.0	206.0	290.0	222.0	302.0	221.0	368.0	184.0	18
68.0	201.0	62.0	217.0	88.0	199.0	152.0	160.0	133.0	176.0	174.0	216.0	169.0	240.0	160.0	258.0	180.0	183.0	198.0	152.0	198.0	197.0	203.0	164.0	225.0	171.0	266.0	175.0	261.0	255.0	265.0	206.0	292.0	222.0	305.0	222.0	376.0	182.0	18
78.0	201.0	73.0	217.0	98.0	198.0	157.0	162.0	137.0	180.0	174.0	214.0	171.0	235.0	163.0	254.0	183.0	185.0	198.0	156.0	199.0	198.0	205.0	169.0	224.0	174.0	262.0	177.0	256.0	250.0	261.0	207.0	286.0	222.0	299.0	221.0	365.0	184.0	18
68.0	202.0	64.0	218.0	90.0	200.0	152.0	161.0	135.0	178.0	174.0	215.0	170.0	237.0	162.0	256.0	179.0	184.0	196.0	154.0	197.0	196.0	201.0	166.0	225.0	170.0	265.0	174.0	263.0	252.0	269.0	207.0	293.0	222.0	305.0	221.0	371.0	182.0	18
65.0	202.0	61.0	219.0	85.0	200.0	152.0	159.0	134.0	177.0	174.0	215.0	170.0	239.0	162.0	258.0	180.0	184.0	199.0	152.0	198.0	196.0	204.0	164.0	227.0	169.0	267.0	174.0	262.0	254.0	267.0	206.0	294.0	222.0	307.0	221.0	377.0	183.0	18
76.0	199.0	70.0	215.0	96.0	198.0	158.0	163.0	138.0	178.0	177.0	215.0	172.0	237.0	164.0	256.0	184.0	185.0	202.0	156.0	200.0	197.0	206.0	168.0	227.0	175.0	261.0	178.0	259.0	251.0	263.0	207.0	287.0	220.0	299.0	219.0	367.0	185.0	18
73.0	201.0	70.0	217.0	91.0	198.0	156.0	162.0	142.0	177.0	176.0	213.0	170.0	236.0	163.0	254.0	181.0	184.0	199.0	156.0	201.0	197.0	204.0	167.0	227.0	172.0	266.0	177.0	261.0	250.0	264.0	205.0	289.0	220.0	301.0	219.0	365.0	184.0	18
77.0	201.0	72.0	215.0	99.0	199.0	158.0	165.0	143.0	178.0	175.0	212.0	171.0	234.0	162.0	252.0	182.0	184.0	200.0	158.0	197.0	196.0	204.0	169.0	225.0	174.0	261.0	177.0	257.0	249.0	261.0	205.0	286.0	220.0	299.0	219.0	367.0	184.0	18
73.0	201.0	67.0	216.0	93.0	199.0	152.0	164.0	137.0	179.0	173.0	213.0	170.0	235.0	162.0	253.0	182.0	185.0	195.0	157.0	198.0	196.0	201.0	169.0	224.0	174.0	259.0	177.0	255.0	248.0	257.0	204.0	282.0	219.0	299.0	220.0	359.0	177.0	18
75.0	201.0	71.0	218.0	93.0	200.0	154.0	161.0	134.0	179.0	176.0	213.0	173.0	237.0	164.0	256.0	182.0	184.0	197.0	154.0	202.0	197.0	204.0	168.0	223.0	172.0	262.0	175.0	260.0	251.0	262.0	205.0	290.0	221.0	304.0	221.0	372.0	182.0	18
71.0	198.0	68.0	216.0	92.0	199.0	156.0	161.0	140.0	177.0	178.0	213.0	175.0	236.0	166.0	254.0	184.0	183.0	202.0	156.0	198.0	194.0	207.0	167.0	232.0	172.0	266.0	176.0	264.0	251.0	268.0	207.0	292.0	221.0	306.0	220.0	372.0	184.0	18
46.0	205.0	40.0	223.0	69.0	201.0	147.0	153.0	127.0	172.0	171.0	220.0	164.0	247.0	153.0	272.0	180.0	181.0	201.0	145.0	203.0	199.0	207.0	160.0	236.0	168.0	281.0	171.0	278.0	267.0	282.0	209.0	315.0	230.0	331.0	228.0	362.0	179.0	18
76.0	200.0	71.0	217.0	96.0	198.0	160.0	161.0	143.0	177.0	174.0	214.0	170.0	236.0	161.0	254.0	183.0	184.0	200.0	155.0	199.0	197.0	205.0	168.0	226.0	173.0	263.0	176.0	257.0	253.0	261.0	206.0	289.0	223.0	301.0	223.0	366.0	184.0	18
67.0	203.0	63.0	217.0	89.0	200.0	147.0	161.0	130.0	178.0	173.0	214.0	169.0	238.0	159.0	257.0	180.0	184.0	196.0	153.0	199.0	197.0	201.0	165.0	225.0	171.0	265.0	173.0	265.0	254.0	269.0	206.0	296.0	221.0	307.0	220.0	376.0	181.0	18
77.0	200.0	71.0	216.0	97.0	198.0	158.0	162.0	141.0	178.0	176.0	214.0	171.0	236.0	163.0	254.0	184.0	185.0	201.0	155.0	200.0	198.0	206.0	168.0	228.0	174.0	262.0	177.0	257.0	252.0	262.0	207.0	288.0	221.0	299.0	220.0	365.0	184.0	18
76.0	200.0	72.0	217.0	96.0	198.0	156.0	163.0	139.0	177.0	176.0	214.0	171.0	237.0	162.0	255.0	182.0	184.0	198.0	155.0	199.0	196.0	202.0	168.0	223.0	173.0	263.0	176.0	256.0	252.0	263.0	207.0	289.0	221.0	301.0	220.0	364.0	183.0	18
79.0	202.0	74.0	216.0	99.0	199.0	158.0	163.0	140.0	178.0	175.0	214.0	172.0	235.0	164.0	252.0	181.0	185.0	201.0	156.0	202.0	199.0	205.0	168.0	226.0	173.0	261.0	177.0	255.0	250.0	259.0	206.0	284.0	222.0	295.0	221.0	360.0	184.0	18
76.0	202.0	73.0	219.0	95.0	200.0	154.0	163.0	137.0	179.0	179.0	214.0	174.0	237.0	166.0	255.0	182.0	185.0	199.0	156.0	199.0	197.0	205.0	168.0	227.0	174.0	264.0	178.0	263.0	250.0	263.0	205.0	289.0	220.0	300.0	219.0	362.0	183.0	18
78.0	201.0	72.0	216.0	98.0	199.0	156.0	163.0	139.0	178.0	176.0	213.0	172.0	236.0	163.0	256.0	182.0	184.0	198.0	156.0	196.0	195.0	202.0	167.0	223.0	173.0	262.0	176.0	258.0	251.0	260.0	206.0	287.0	221.0	299.0	220.0	363.0	184.0	18
80.0	201.0	75.0	216.0	101.0	199.0	159.0	165.0	144.0	178.0	177.0	213.0	172.0	234.0	165.0	251.0	183.0	185.0	200.0	158.0	198.0	196.0	203.0	169.0	225.0	175.0	262.0	178.0	257.0	248.0	260.0	205.0	285.0	220.0	297.0	219.0	363.0	184.0	18
71.0	201.0	66.0	216.0	94.0	198.0	153.0	163.0	138.0	178.0	175.0	213.0	171.0	236.0	163.0	255.0	183.0	184.0	199.0	155.0	200.0	197.0	206.0	168.0	229.0	174.0	266.0	177.0	257.0	249.0	263.0	205.0	289.0	221.0	303.0	220.0	366.0	183.0	18
73.0	200.0	67.0	216.0	93.0	199.0	156.0	162.0	137.0	177.0	176.0	215.0	172.0	238.0	164.0	256.0	185.0	186.0	200.0	155.0	198.0	197.0	204.0	168.0	226.0	172.0	261.0	176.0	259.0	251.0	261.0	205.0	289.0	221.0	300.0	220.0	368.0	184.0	18
76.0	199.0	71.0	215.0	95.0	198.0	160.0	162.0	141.0	177.0	176.0	214.0	173.0	238.0	164.0	256.0	183.0	184.0	202.0	156.0	202.0	197.0	205.0	167.0	225.0	172.0	260.0	175.0	258.0	253.0	263.0	206.0	291.0	221.0	302.0	221.0	369.0	183.0	18
74.0	201.0	69.0	216.0	96.0	199.0	157.0	162.0	140.0	178.0	176.0	215.0	171.0	236.0	163.0	255.0	183.0	185.0	198.0	156.0	199.0	197.0	204.0	168.0	226.0	174.0	261.0	177.0	258.0	252.0	262.0	205.0	290.0	221.0	302.0	220.0	365.0	183.0	18
40.0	192.0	41.0	209.0	73.0	200.0	159.0	157.0	141.0	173.0	181.0	215.0	69.0	218.0	168.0	259.0	89.0	197.0	187.0	181.0	176.0	239.0	210.0	157.0	207.0	196.0	237.0	170.0	276.0	206.0	273.0	257.0	278.0	173.0	312.0	223.0	389.0	181.0	18
66.0	202.0	60.0	218.0	88.0	199.0	152.0	158.0	133.0	176.0	174.0	215.0	169.0	238.0	159.0	259.0	180.0	182.0	197.0	151.0	197.0	195.0	204.0	164.0	226.0	169.0	269.0	174.0	264.0	254.0	270.0	207.0	298.0	223.0	310.0	221.0	380.0	182.0	18
79.0	202.0	73.0	217.0	100.0	198.0	156.0	162.0	139.0	178.0	176.0	214.0	172.0	236.0	163.0	254.0	181.0	184.0	199.0	155.0	200.0	198.0	204.0	168.0	224.0	173.0	261.0	176.0	258.0	251.0	261.0	207.0	287.0	221.0	299.0	221.0	364.0	184.0	18
67.0	199.0	64.0	217.0	89.0	197.0	154.0	160.0	136.0	176.0	174.0	214.0	168.0	237.0	159.0	257.0	182.0	183.0	199.0	153.0	201.0	196.0	205.0	166.0	229.0	173.0	265.0	176.0	261.0	254.0	266.0	207.0	292.0	223.0	305.0	222.0	372.0	182.0	18
74.0	202.0	70.0	218.0	94.0	201.0	152.0	162.0	137.0	178.0	175.0	214.0	171.0	237.0	163.0	258.0	182.0	183.0	197.0	153.0	199.0	196.0	204.0	166.0	226.0	171.0	264.0	174.0	261.0	252.0	264.0	206.0	292.0	222.0	304.0	221.0	368.0	183.0	18
72.0	200.0	68.0	217.0	92.0	198.0	153.0	161.0	136.0	177.0	173.0	214.0	169.0	236.0	161.0	255.0	180.0	184.0	194.0	154.0	194.0	195.0	202.0	167.0	223.0	172.0	259.0	176.0	258.0	251.0	261.0	205.0	287.0	221.0	301.0	220.0	365.0	180.0	18
69.0	201.0	65.0	217.0	91.0	199.0	156.0	159.0	138.0	175.0	173.0	214.0	169.0	238.0	161.0	256.0	182.0	183.0	197.0	154.0	199.0	197.0	205.0	167.0	227.0	172.0	263.0	176.0	259.0	253.0	263.0	206.0	289.0	222.0	302.0	221.0	372.0	183.0	18
78.0	201.0	72.0	217.0	100.0	199.0	156.0	161.0	139.0	177.0	175.0	213.0	172.0	235.0	163.0	253.0	181.0	184.0	198.0	154.0	200.0	197.0	204.0	167.0	224.0	172.0	261.0	175.0	258.0	250.0	261.0	206.0	286.0	221.0	299.0	220.0	364.0	183.0	18
80.0	199.0	76.0	214.0	96.0	197.0	157.0	162.0	139.0	178.0	174.0	212.0	169.0	234.0	161.0	251.0	181.0	183.0	199.0	156.0	199.0	196.0	205.0	168.0	227.0	174.0	262.0	177.0	255.0	248.0	260.0	206.0	284.0	220.0	295.0	219.0	359.0	185.0	18
69.0	201.0	65.0	218.0	91.0	197.0	152.0	158.0	133.0	175.0	172.0	213.0	168.0	237.0	159.0	255.0	178.0	182.0	196.0	151.0	199.0	196.0	203.0	164.0	226.0	170.0	264.0	173.0	261.0	251.0	263.0	205.0	291.0	222.0	303.0	221.0	373.0	181.0	18
72.0	201.0	68.0	218.0	93.0	199.0	157.0	158.0	134.0	178.0	174.0	214.0	170.0	237.0	160.0	257.0	181.0	182.0	200.0	152.0	197.0	194.0	207.0	165.0	230.0	171.0	266.0	175.0	257.0	251.0	264.0	205.0	289.0	221.0	301.0	221.0	372.0	185.0	18
72.0	200.0	69.0	217.0	96.0	197.0	152.0	160.0	136.0	178.0	174.0	213.0	171.0	237.0	164.0	256.0	179.0	183.0	195.0	153.0	199.0	196.0	202.0	167.0	225.0	172.0	261.0	175.0	260.0	251.0	263.0	205.0	289.0	220.0	300.0	220.0	368.0	180.0	18
75.0	199.0	69.0	215.0	95.0	198.0	158.0	162.0	139.0	178.0	175.0	215.0	171.0	237.0	161.0	255.0	183.0	185.0	198.0	156.0	201.0	198.0	203.0	168.0	225.0	174.0	257.0	176.0	255.0	250.0	260.0	206.0	285.0	220.0	297.0	219.0	364.0	182.0	18
73.0	201.0	68.0	217.0	95.0	198.0	156.0	161.0	139.0	177.0	175.0	215.0	170.0	236.0	162.0	255.0	183.0	185.0	197.0	155.0	199.0	196.0	204.0	168.0	225.0	173.0	261.0	176.0	258.0	252.0	262.0	205.0	289.0	221.0	302.0	220.0	366.0	181.0	18
74.0	203.0	69.0	218.0	94.0	200.0	155.0	161.0	137.0	176.0	176.0	214.0	172.0	237.0	165.0	255.0	180.0	183.0	199.0	152.0	200.0	197.0	203.0	165.0	226.0	171.0	261.0	174.0	260.0	250.0	261.0	204.0	291.0	222.0	302.0	221.0	367.0	182.0	18
66.0	200.0	62.0	217.0	90.0	198.0	152.0	161.0	136.0	178.0	174.0	215.0	171.0	238.0	161.0	257.0	180.0	184.0	198.0	153.0	193.0	195.0	204.0	166.0	225.0	171.0	268.0	176.0	258.0	252.0	264.0	205.0	290.0	221.0	303.0	221.0	371.0	183.0	18
69.0	202.0	66.0	219.0	93.0	199.0	151.0	160.0	134.0	178.0	173.0	214.0	171.0	237.0	162.0	257.0	179.0	183.0	196.0	152.0	198.0	196.0	203.0	165.0	225.0	170.0	267.0	175.0	257.0	251.0	265.0	206.0	292.0	221.0	305.0	221.0	370.0	182.0	18
66.0	201.0	63.0	218.0	86.0	198.0	152.0	159.0	134.0	176.0	173.0	214.0	167.0	238.0	158.0	257.0	183.0	184.0	196.0	153.0	198.0	195.0	205.0	166.0	227.0	171.0	266.0	175.0	262.0	253.0	265.0	206.0	294.0	221.0	306.0	221.0	371.0	180.0	18
73.0	200.0	70.0	217.0	93.0	198.0	154.0	161.0	134.0	177.0	173.0	214.0	167.0	236.0	160.0	255.0	179.0	184.0	197.0	153.0	196.0	196.0	201.0	165.0	220.0	170.0	266.0	175.0	257.0	250.0	262.0	206.0	289.0	221.0	301.0	220.0	369.0	181.0	18
75.0	201.0	72.0	217.0	94.0	198.0	155.0	159.0	136.0	176.0	175.0	214.0	172.0	237.0	162.0	255.0	182.0	182.0	200.0	152.0	200.0	196.0	207.0	166.0	228.0	171.0	268.0	176.0	256.0	252.0	263.0	206.0	287.0	221.0	301.0	221.0	370.0	184.0	18
75.0	199.0	71.0	215.0	98.0	198.0	157.0	164.0	142.0	178.0	176.0	213.0	172.0	235.0	163.0	254.0	182.0	184.0	199.0	157.0	199.0	197.0	202.0	168.0	223.0	174.0	258.0	176.0	258.0	249.0	259.0	205.0	286.0	220.0	297.0	219.0	362.0	181.0	18
74.0	200.0	69.0	216.0	97.0	198.0	156.0	162.0	139.0	178.0	174.0	214.0	172.0	236.0	163.0	254.0	182.0	184.0	200.0	155.0	197.0	196.0	207.0	168.0	230.0	173.0	264.0	177.0	254.0	250.0	262.0	207.0	285.0	221.0	299.0	220.0	365.0	185.0	18
78.0	199.0	75.0	216.0	96.0	197.0	155.0	161.0	139.0	177.0	175.0	212.0	172.0	234.0	164.0	251.0	181.0	184.0	199.0	156.0	198.0	196.0	204.0	169.0	224.0	173.0	266.0	178.0	256.0	249.0	261.0	206.0	284.0	220.0	296.0	218.0	358.0	184.0	18
77.0	200.0	71.0	216.0	98.0	198.0	156.0	160.0	138.0	176.0	176.0	213.0	174.0	236.0	167.0	254.0	181.0	183.0	199.0	154.0	199.0	195.0	203.0	165.0	222.0	170.0	259.0	174.0	256.0	248.0	261.0	205.0	286.0	220.0	298.0	219.0	363.0	182.0	18
79.0	201.0	73.0	216.0	99.0	198.0	157.0	161.0	137.0	178.0	176.0	214.0	174.0	236.0	163.0	254.0	182.0	184.0	200.0	155.0	199.0	196.0	205.0	167.0	227.0	173.0	264.0	176.0	257.0	250.0	262.0	206.0	288.0	221.0	300.0	221.0	367.0	184.0	18
75.0	202.0	73.0	217.0	95.0	199.0	155.0	162.0	137.0	179.0	176.0	212.0	170.0	234.0	163.0	252.0	185.0	185.0	198.0	156.0	198.0	196.0	205.0	168.0	231.0	174.0	268.0	177.0	257.0	248.0	263.0	206.0	285.0	220.0	297.0	220.0	365.0	183.0	18
74.0	201.0	69.0	216.0	96.0	198.0	156.0	161.0	139.0	176.0	174.0	213.0	170.0	236.0	160.0	253.0	185.0	185.0	198.0	156.0	199.0	197.0	204.0	168.0	225.0	173.0	261.0	176.0	255.0	250.0	262.0	206.0	287.0	220.0	298.0	219.0	362.0	182.0	18
73.0	202.0	68.0	217.0	93.0	199.0	155.0	161.0	138.0	177.0	174.0	214.0	170.0	237.0	162.0	255.0	185.0	185.0	197.0	154.0	200.0	196.0	204.0	167.0	223.0	171.0	262.0	175.0	259.0	251.0	260.0	205.0	287.0	221.0	300.0	221.0	369.0	182.0	18
75.0	202.0	72.0	219.0	94.0	200.0	154.0	161.0	137.0	178.0	178.0	214.0	173.0	237.0	165.0	256.0	181.0	184.0	199.0	155.0	198.0	196.0	204.0	168.0	226.0	173.0	263.0	178.0	262.0	250.0	262.0	205.0	288.0	220.0	300.0	219.0	362.0	183.0	18
71.0	202.0	67.0	218.0	91.0	199.0	154.0	161.0	137.0	178.0	176.0	213.0	173.0	237.0	164.0	257.0	181.0	183.0	194.0	154.0	199.0	196.0	202.0	167.0	223.0	171.0	258.0	174.0	261.0	250.0	267.0	206.0	291.0	221.0	303.0	220.0	368.0	182.0	18
73.0	201.0	69.0	217.0	93.0	199.0	153.0	162.0	135.0	178.0	177.0	213.0	173.0	235.0	166.0	253.0	183.0	184.0	198.0	155.0	199.0	196.0	204.0	167.0	225.0	172.0	262.0	176.0	260.0	249.0	262.0	205.0	290.0	220.0	302.0	219.0	365.0	181.0	18
47.0	198.0	44.0	212.0	75.0	195.0	145.0	153.0	123.0	171.0	166.0	212.0	162.0	237.0	152.0	258.0	176.0	179.0	193.0	147.0	194.0	193.0	200.0	159.0	224.0	164.0	270.0	169.0	262.0	256.0	271.0	204.0	299.0	222.0	311.0	221.0	387.0	178.0	18
74.0	200.0	69.0	216.0	95.0	198.0	157.0	161.0	139.0	177.0	175.0	214.0	170.0	236.0	161.0	254.0	183.0	185.0	199.0	154.0	199.0	197.0	205.0	167.0	227.0	173.0	261.0	176.0	257.0	252.0	262.0	207.0	288.0	221.0	298.0	220.0	366.0	183.0	18
66.0	202.0	63.0	218.0	87.0	200.0	152.0	159.0	135.0	176.0	171.0	215.0	168.0	239.0	159.0	258.0	181.0	183.0	197.0	152.0	196.0	194.0	203.0	165.0	227.0	171.0	266.0	175.0	261.0	255.0	266.0	207.0	293.0	223.0	306.0	222.0	372.0	181.0	18
69.0	201.0	64.0	217.0	93.0	198.0	151.0	162.0	137.0	178.0	173.0	213.0	170.0	236.0	162.0	255.0	182.0	185.0	197.0	155.0	198.0	197.0	205.0	168.0	227.0	173.0	265.0	177.0	256.0	249.0	262.0	205.0	288.0	221.0	302.0	220.0	365.0	182.0	18
69.0	203.0	64.0	219.0	89.0	200.0	150.0	162.0	135.0	178.0	175.0	215.0	172.0	239.0	165.0	257.0	180.0	183.0	194.0	153.0	199.0	196.0	202.0	166.0	225.0	171.0	261.0	174.0	264.0	252.0	268.0	206.0	293.0	220.0	304.0	220.0	374.0	181.0	18
61.0	201.0	58.0	220.0	78.0	199.0	147.0	157.0	128.0	175.0	170.0	216.0	165.0	239.0	157.0	260.0	175.0	182.0	194.0	150.0	194.0	195.0	200.0	164.0	224.0	170.0	266.0	173.0	262.0	257.0	265.0	206.0	293.0	222.0	305.0	222.0	376.0	179.0	18
73.0	202.0	69.0	217.0	91.0	198.0	157.0	161.0	141.0	177.0	175.0	213.0	170.0	236.0	162.0	254.0	181.0	184.0	199.0	156.0	201.0	197.0	204.0	167.0	227.0	172.0	266.0	177.0	261.0	250.0	263.0	205.0	289.0	220.0	301.0	219.0	365.0	184.0	18
68.0	202.0	62.0	218.0	90.0	199.0	152.0	159.0	133.0	177.0	173.0	215.0	168.0	237.0	159.0	257.0	178.0	183.0	195.0	152.0	195.0	195.0	202.0	165.0	224.0	171.0	264.0	174.0	261.0	253.0	266.0	207.0	292.0	222.0	305.0	221.0	373.0	181.0	18
74.0	202.0	69.0	218.0	95.0	199.0	154.0	162.0	137.0	179.0	176.0	214.0	173.0	237.0	165.0	255.0	182.0	185.0	197.0	155.0	197.0	196.0	203.0	167.0	223.0	172.0	266.0	176.0	259.0	248.0	263.0	205.0	290.0	221.0	301.0	220.0	365.0	182.0	18
75.0	200.0	71.0	217.0	94.0	198.0	156.0	160.0	139.0	175.0	176.0	213.0	173.0	237.0	164.0	256.0	179.0	182.0	197.0	153.0	197.0	195.0	200.0	165.0	222.0	172.0	258.0	175.0	259.0	250.0	262.0	206.0	287.0	221.0	298.0	220.0	364.0	181.0	18
71.0	202.0	67.0	218.0	93.0	199.0	152.0	161.0	136.0	177.0	177.0	214.0	173.0	237.0	165.0	255.0	180.0	183.0	198.0	153.0	199.0	195.0	202.0	166.0	226.0	172.0	262.0	175.0	261.0	251.0	262.0	205.0	289.0	220.0	299.0	220.0	364.0	182.0	18
72.0	202.0	69.0	218.0	94.0	199.0	154.0	162.0	136.0	179.0	174.0	213.0	169.0	236.0	162.0	253.0	180.0	184.0	196.0	155.0	198.0	196.0	200.0	167.0	221.0	171.0	261.0	175.0	261.0	249.0	263.0	207.0	290.0	221.0	301.0	220.0	366.0	182.0	18
68.0	202.0	64.0	217.0	89.0	199.0	152.0	162.0	134.0	180.0	174.0	215.0	172.0	238.0	163.0	255.0	182.0	185.0	196.0	154.0	197.0	196.0	203.0	168.0	225.0	173.0	262.0	176.0	259.0	249.0	264.0	206.0	291.0	220.0	303.0	219.0	369.0	181.0	18
75.0	200.0	70.0	216.0	95.0	199.0	155.0	161.0	137.0	178.0	175.0	214.0	171.0	236.0	162.0	253.0	183.0	184.0	199.0	155.0	200.0	198.0	204.0	167.0	226.0	172.0	264.0	175.0	260.0	251.0	264.0	206.0	288.0	221.0	301.0	220.0	367.0	182.0	18
70.0	202.0	65.0	218.0	89.0	200.0	152.0	160.0	134.0	177.0	175.0	216.0	170.0	240.0	162.0	258.0	180.0	184.0	197.0	152.0	198.0	196.0	203.0	165.0	225.0	171.0	264.0	174.0	261.0	254.0	265.0	206.0	291.0	221.0	304.0	221.0	375.0	180.0	18
79.0	199.0	73.0	214.0	100.0	198.0	157.0	163.0	139.0	178.0	175.0	213.0	172.0	235.0	164.0	253.0	183.0	185.0	199.0	156.0	197.0	197.0	204.0	169.0	227.0	175.0	259.0	178.0	253.0	249.0	259.0	207.0	283.0	221.0	293.0	221.0	357.0	183.0	18
79.0	200.0	73.0	216.0	95.0	198.0	159.0	162.0	140.0	177.0	174.0	213.0	170.0	235.0	162.0	253.0	182.0	183.0	199.0	156.0	198.0	196.0	205.0	168.0	227.0	173.0	262.0	177.0	257.0	248.0	260.0	205.0	286.0	220.0	297.0	219.0	362.0	184.0	18
75.0	200.0	71.0	216.0	95.0	198.0	158.0	161.0	137.0	178.0	176.0	214.0	170.0	235.0	162.0	252.0	182.0	184.0	199.0	155.0	199.0	197.0	203.0	167.0	225.0	173.0	261.0	175.0	257.0	249.0	264.0	206.0	287.0	220.0	299.0	219.0	365.0	182.0	18
72.0	202.0	70.0	219.0	92.0	199.0	154.0	162.0	138.0	178.0	176.0	213.0	173.0	238.0	164.0	256.0	183.0	184.0	197.0	154.0	199.0	196.0	203.0	166.0	224.0	171.0	261.0	175.0	261.0	250.0	265.0	206.0	290.0	221.0	303.0	221.0	365.0	182.0	18
64.0	201.0	60.0	218.0	89.0	198.0	151.0	160.0	135.0	177.0	175.0	215.0	171.0	239.0	161.0	258.0	180.0	184.0	199.0	152.0	194.0	195.0	204.0	165.0	226.0	170.0	270.0	175.0	261.0	253.0	267.0	205.0	293.0	221.0	307.0	220.0	377.0	182.0	18
70.0	201.0	66.0	218.0	90.0	199.0	153.0	161.0	135.0	177.0	173.0	214.0	169.0	238.0	161.0	258.0	179.0	184.0	195.0	153.0	196.0	196.0	201.0	166.0	221.0	171.0	263.0	175.0	260.0	254.0	263.0	206.0	292.0	223.0	303.0	222.0	370.0	182.0	18
65.0	201.0	62.0	218.0	84.0	198.0	148.0	160.0	132.0	176.0	172.0	214.0	169.0	237.0	160.0	256.0	177.0	183.0	194.0	153.0	193.0	196.0	199.0	166.0	224.0	172.0	261.0	176.0	260.0	252.0	262.0	205.0	289.0	220.0	300.0	219.0	366.0	181.0	18
64.0	201.0	61.0	219.0	87.0	198.0	152.0	159.0	134.0	176.0	173.0	216.0	168.0	239.0	159.0	259.0	183.0	185.0	195.0	152.0	196.0	195.0	204.0	166.0	225.0	171.0	266.0	174.0	262.0	255.0	267.0	207.0	295.0	223.0	308.0	222.0	376.0	179.0	18
75.0	200.0	70.0	217.0	95.0	198.0	160.0	160.0	142.0	176.0	174.0	213.0	169.0	236.0	160.0	254.0	183.0	184.0	199.0	153.0	199.0	196.0	205.0	167.0	226.0	171.0	262.0	175.0	257.0	251.0	261.0	205.0	288.0	222.0	300.0	221.0	365.0	182.0	18
81.0	200.0	77.0	215.0	100.0	198.0	158.0	162.0	140.0	179.0	174.0	213.0	170.0	234.0	163.0	253.0	183.0	185.0	200.0	156.0	199.0	197.0	205.0	169.0	224.0	174.0	259.0	177.0	256.0	249.0	257.0	206.0	283.0	220.0	296.0	219.0	363.0	183.0	18
68.0	203.0	65.0	219.0	88.0	200.0	153.0	160.0	135.0	177.0	175.0	215.0	171.0	238.0	163.0	257.0	180.0	184.0	198.0	153.0	198.0	196.0	203.0	165.0	226.0	170.0	264.0	175.0	261.0	252.0	265.0	206.0	291.0	221.0	305.0	220.0	372.0	183.0	18
58.0	199.0	53.0	216.0	83.0	197.0	146.0	159.0	127.0	176.0	165.0	215.0	160.0	237.0	151.0	257.0	175.0	184.0	190.0	153.0	190.0	196.0	197.0	167.0	220.0	173.0	260.0	177.0	252.0	255.0	258.0	207.0	292.0	223.0	368.0	183.0	396.0	186.0	18
70.0	199.0	67.0	215.0	92.0	198.0	155.0	162.0	137.0	177.0	175.0	214.0	170.0	236.0	162.0	255.0	181.0	185.0	197.0	155.0	198.0	197.0	202.0	168.0	223.0	173.0	263.0	176.0	259.0	250.0	261.0	205.0	288.0	220.0	301.0	219.0	368.0	181.0	18
73.0	199.0	68.0	215.0	93.0	198.0	153.0	161.0	134.0	178.0	176.0	215.0	170.0	237.0	161.0	255.0	182.0	184.0	201.0	155.0	200.0	199.0	206.0	167.0	228.0	173.0	266.0	176.0	263.0	254.0	268.0	210.0	292.0	224.0	305.0	224.0	374.0	186.0	18
70.0	201.0	67.0	216.0	89.0	199.0	156.0	160.0	136.0	178.0	173.0	214.0	170.0	236.0	163.0	255.0	178.0	184.0	199.0	154.0	194.0	196.0	204.0	167.0	228.0	173.0	265.0	177.0	261.0	251.0	263.0	206.0	290.0	222.0	300.0	221.0	369.0	180.0	18
76.0	200.0	71.0	216.0	96.0	198.0	158.0	162.0	139.0	178.0	176.0	214.0	172.0	236.0	164.0	253.0	184.0	185.0	197.0	156.0	199.0	198.0	203.0	168.0	224.0	174.0	258.0	176.0	258.0	249.0	260.0	205.0	287.0	220.0	298.0	219.0	363.0	183.0	18
70.0	201.0	66.0	218.0	91.0	199.0	155.0	160.0	135.0	178.0	173.0	214.0	168.0	236.0	160.0	255.0	181.0	184.0	196.0	153.0	198.0	197.0	202.0	166.0	223.0	171.0	263.0	175.0	259.0	253.0	262.0	207.0	290.0	222.0	303.0	222.0	369.0	183.0	18
75.0	202.0	71.0	218.0	94.0	200.0	152.0	161.0	137.0	177.0	174.0	213.0	171.0	236.0	163.0	256.0	181.0	183.0	195.0	153.0	198.0	195.0	202.0	166.0	224.0	171.0	262.0	174.0	259.0	251.0	262.0	205.0	289.0	221.0	301.0	220.0	365.0	182.0	18
73.0	201.0	69.0	217.0	94.0	198.0	154.0	160.0	137.0	177.0	174.0	214.0	169.0	237.0	161.0	257.0	183.0	184.0	196.0	152.0	199.0	196.0	204.0	166.0	226.0	171.0	265.0	175.0	260.0	253.0	261.0	205.0	290.0	222.0	302.0	221.0	368.0	181.0	18
74.0	201.0	70.0	218.0	92.0	199.0	153.0	161.0	133.0	179.0	175.0	213.0	172.0	236.0	163.0	256.0	181.0	183.0	196.0	153.0	200.0	197.0	203.0	167.0	222.0	171.0	261.0	175.0	259.0	251.0	261.0	205.0	289.0	221.0	302.0	220.0	370.0	182.0	18
71.0	199.0	68.0	214.0	92.0	197.0	152.0	160.0	133.0	178.0	169.0	212.0	165.0	235.0	158.0	252.0	178.0	183.0	195.0	155.0	194.0	195.0	200.0	167.0	221.0	173.0	259.0	176.0	250.0	250.0	261.0	209.0	288.0	221.0	348.0	168.0	360.0	186.0	18
76.0	199.0	70.0	215.0	96.0	197.0	158.0	161.0	138.0	178.0	176.0	214.0	172.0	236.0	164.0	255.0	183.0	185.0	201.0	155.0	199.0	196.0	205.0	168.0	226.0	174.0	260.0	177.0	258.0	250.0	262.0	206.0	286.0	218.0	297.0	217.0	366.0	183.0	18
78.0	201.0	74.0	216.0	97.0	198.0	158.0	163.0	140.0	178.0	176.0	213.0	172.0	234.0	164.0	252.0	183.0	184.0	200.0	157.0	201.0	197.0	204.0	169.0	225.0	175.0	257.0	176.0	258.0	248.0	262.0	206.0	285.0	219.0	296.0	219.0	360.0	182.0	18
79.0	201.0	75.0	217.0	98.0	198.0	155.0	162.0	137.0	179.0	175.0	214.0	172.0	236.0	164.0	254.0	184.0	185.0	196.0	155.0	197.0	196.0	201.0	168.0	220.0	172.0	259.0	176.0	255.0	249.0	257.0	206.0	283.0	221.0	295.0	220.0	360.0	182.0	18
68.0	199.0	65.0	216.0	92.0	197.0	153.0	161.0	137.0	176.0	171.0	213.0	166.0	236.0	158.0	256.0	183.0	184.0	198.0	154.0	196.0	196.0	204.0	167.0	225.0	172.0	261.0	175.0	260.0	255.0	264.0	206.0	291.0	221.0	302.0	221.0	372.0	180.0	18
75.0	201.0	71.0	218.0	96.0	198.0	154.0	160.0	138.0	177.0	174.0	213.0	170.0	236.0	163.0	255.0	182.0	183.0	198.0	153.0	199.0	196.0	204.0	167.0	227.0	172.0	259.0	174.0	258.0	251.0	263.0	206.0	290.0	221.0	301.0	221.0	365.0	182.0	18
74.0	200.0	69.0	215.0	94.0	198.0	157.0	162.0	138.0	177.0	175.0	214.0	172.0	237.0	163.0	254.0	184.0	185.0	199.0	154.0	198.0	196.0	204.0	167.0	225.0	172.0	260.0	176.0	258.0	250.0	260.0	205.0	287.0	219.0	297.0	219.0	365.0	184.0	18
71.0	200.0	69.0	217.0	93.0	198.0	155.0	161.0	137.0	178.0	175.0	215.0	170.0	237.0	161.0	257.0	180.0	184.0	200.0	153.0	198.0	197.0	204.0	166.0	222.0	171.0	260.0	175.0	257.0	254.0	263.0	207.0	289.0	222.0	300.0	221.0	369.0	180.0	18
72.0	200.0	67.0	216.0	93.0	199.0	156.0	160.0	138.0	176.0	177.0	216.0	170.0	239.0	163.0	257.0	181.0	183.0	201.0	153.0	200.0	196.0	205.0	165.0	229.0	171.0	265.0	174.0	261.0	253.0	265.0	206.0	292.0	221.0	304.0	221.0	374.0	182.0	18
72.0	202.0	69.0	218.0	92.0	199.0	155.0	162.0	137.0	177.0	175.0	213.0	172.0	236.0	165.0	254.0	181.0	183.0	196.0	154.0	195.0	194.0	203.0	167.0	228.0	172.0	261.0	176.0	261.0	249.0	263.0	206.0	288.0	220.0	302.0	219.0	368.0	182.0	18
77.0	201.0	73.0	217.0	94.0	199.0	156.0	161.0	138.0	177.0	175.0	213.0	174.0	237.0	167.0	255.0	181.0	184.0	198.0	155.0	195.0	196.0	202.0	167.0	225.0	173.0	259.0	176.0	256.0	250.0	261.0	206.0	287.0	221.0	298.0	220.0	364.0	182.0	18
75.0	200.0	73.0	216.0	96.0	198.0	156.0	162.0	140.0	177.0	176.0	213.0	172.0	234.0	164.0	253.0	183.0	185.0	200.0	156.0	200.0	197.0	204.0	168.0	225.0	173.0	263.0	176.0	260.0	249.0	261.0	205.0	288.0	220.0	299.0	219.0	365.0	184.0	18
73.0	201.0	68.0	217.0	94.0	199.0	153.0	161.0	134.0	179.0	175.0	215.0	172.0	236.0	163.0	255.0	181.0	185.0	197.0	154.0	196.0	195.0	202.0	166.0	226.0	172.0	266.0	176.0	260.0	250.0	264.0	206.0	287.0	220.0	301.0	219.0	368.0	180.0	18
79.0	200.0	74.0	215.0	101.0	198.0	159.0	164.0	144.0	178.0	176.0	212.0	171.0	233.0	163.0	250.0	182.0	184.0	200.0	158.0	196.0	195.0	203.0	169.0	224.0	174.0	260.0	177.0	256.0	248.0	260.0	205.0	284.0	219.0	297.0	219.0	364.0	184.0	18
78.0	200.0	74.0	216.0	97.0	198.0	155.0	161.0	138.0	177.0	173.0	214.0	168.0	236.0	160.0	254.0	177.0	183.0	197.0	155.0	196.0	196.0	201.0	168.0	223.0	174.0	263.0	177.0	257.0	250.0	261.0	206.0	287.0	220.0	299.0	219.0	363.0	182.0	18
62.0	200.0	58.0	217.0	82.0	199.0	150.0	160.0	133.0	176.0	172.0	214.0	169.0	239.0	162.0	258.0	179.0	183.0	196.0	153.0	197.0	195.0	203.0	165.0	226.0	170.0	265.0	175.0	260.0	253.0	265.0	206.0	293.0	223.0	306.0	222.0	376.0	181.0	18
76.0	200.0	72.0	216.0	99.0	198.0	155.0	162.0	140.0	178.0	175.0	214.0	172.0	236.0	164.0	253.0	181.0	185.0	198.0	158.0	197.0	197.0	202.0	169.0	223.0	175.0	263.0	177.0	259.0	252.0	261.0	207.0	285.0	221.0	298.0	221.0	365.0	182.0	18
70.0	202.0	64.0	216.0	91.0	199.0	151.0	162.0	135.0	178.0	171.0	213.0	168.0	235.0	161.0	254.0	181.0	184.0	194.0	155.0	197.0	196.0	201.0	168.0	223.0	173.0	258.0	175.0	255.0	248.0	257.0	203.0	282.0	217.0	301.0	221.0	360.0	176.0	18
65.0	200.0	62.0	216.0	88.0	198.0	151.0	160.0	134.0	176.0	173.0	215.0	170.0	240.0	162.0	257.0	180.0	183.0	197.0	152.0	197.0	196.0	204.0	166.0	227.0	171.0	266.0	175.0	262.0	253.0	267.0	207.0	292.0	221.0	306.0	220.0	375.0	179.0	18
80.0	201.0	74.0	217.0	100.0	199.0	157.0	162.0	140.0	178.0	176.0	213.0	173.0	235.0	163.0	253.0	182.0	184.0	198.0	156.0	196.0	194.0	202.0	167.0	223.0	172.0	261.0	175.0	258.0	249.0	259.0	205.0	286.0	220.0	297.0	219.0	361.0	183.0	18
77.0	199.0	72.0	214.0	97.0	197.0	158.0	163.0	140.0	177.0	177.0	214.0	173.0	236.0	164.0	253.0	185.0	185.0	201.0	156.0	200.0	197.0	205.0	168.0	226.0	174.0	260.0	177.0	257.0	249.0	261.0	205.0	286.0	220.0	298.0	219.0	363.0	183.0	18
77.0	199.0	72.0	215.0	98.0	196.0	159.0	160.0	138.0	178.0	175.0	214.0	172.0	236.0	163.0	254.0	185.0	185.0	201.0	156.0	201.0	198.0	207.0	169.0	227.0	174.0	265.0	179.0	258.0	253.0	264.0	210.0	289.0	225.0	302.0	225.0	370.0	189.0	18
78.0	202.0	73.0	216.0	98.0	199.0	157.0	162.0	139.0	178.0	175.0	214.0	171.0	235.0	163.0	252.0	181.0	184.0	201.0	155.0	202.0	198.0	205.0	167.0	227.0	173.0	262.0	177.0	256.0	250.0	260.0	206.0	285.0	221.0	296.0	221.0	362.0	184.0	18
80.0	201.0	75.0	216.0	100.0	198.0	156.0	162.0	141.0	178.0	175.0	213.0	172.0	235.0	165.0	253.0	182.0	184.0	199.0	156.0	197.0	195.0	204.0	168.0	225.0	173.0	263.0	177.0	259.0	248.0	260.0	205.0	286.0	220.0	299.0	219.0	366.0	182.0	18
72.0	203.0	69.0	219.0	94.0	199.0	155.0	161.0	136.0	179.0	173.0	216.0	170.0	238.0	161.0	256.0	182.0	185.0	196.0	153.0	196.0	194.0	204.0	167.0	226.0	172.0	262.0	176.0	260.0	253.0	266.0	208.0	290.0	222.0	301.0	221.0	367.0	181.0	18
74.0	202.0	68.0	217.0	95.0	199.0	156.0	162.0	139.0	178.0	175.0	214.0	172.0	237.0	166.0	256.0	182.0	184.0	198.0	154.0	197.0	196.0	204.0	167.0	224.0	172.0	259.0	175.0	260.0	252.0	262.0	206.0	290.0	221.0	301.0	220.0	364.0	182.0	18
77.0	200.0	74.0	215.0	95.0	198.0	157.0	163.0	140.0	178.0	177.0	213.0	175.0	234.0	168.0	252.0	180.0	185.0	197.0	156.0	195.0	195.0	202.0	169.0	224.0	173.0	259.0	176.0	258.0	247.0	263.0	205.0	287.0	219.0	298.0	218.0	361.0	181.0	18
74.0	201.0	70.0	216.0	94.0	198.0	152.0	163.0	138.0	177.0	174.0	215.0	169.0	236.0	160.0	254.0	181.0	184.0	199.0	155.0	198.0	198.0	204.0	169.0	226.0	174.0	260.0	176.0	256.0	253.0	262.0	207.0	285.0	222.0	299.0	222.0	367.0	182.0	18
80.0	200.0	75.0	215.0	101.0	198.0	159.0	164.0	144.0	178.0	176.0	212.0	171.0	233.0	163.0	250.0	182.0	185.0	200.0	159.0	197.0	196.0	203.0	169.0	224.0	175.0	260.0	178.0	255.0	247.0	259.0	205.0	283.0	220.0	295.0	219.0	360.0	185.0	18
70.0	200.0	66.0	217.0	91.0	197.0	155.0	160.0	137.0	176.0	174.0	214.0	168.0	236.0	159.0	256.0	182.0	184.0	197.0	153.0	200.0	196.0	205.0	167.0	227.0	173.0	263.0	175.0	259.0	252.0	264.0	206.0	290.0	222.0	302.0	221.0	368.0	182.0	18
73.0	202.0	68.0	218.0	95.0	199.0	156.0	162.0	138.0	178.0	175.0	214.0	173.0	238.0	166.0	257.0	182.0	184.0	198.0	154.0	197.0	197.0	204.0	167.0	224.0	171.0	260.0	175.0	261.0	252.0	263.0	206.0	291.0	221.0	303.0	220.0	366.0	182.0	18
67.0	201.0	62.0	217.0	89.0	199.0	155.0	160.0	137.0	177.0	175.0	214.0	171.0	237.0	163.0	256.0	184.0	184.0	200.0	153.0	199.0	196.0	206.0	167.0	229.0	172.0	275.0	177.0	263.0	252.0	266.0	206.0	291.0	220.0	303.0	219.0	367.0	180.0	18
75.0	202.0	72.0	216.0	98.0	199.0	157.0	163.0	139.0	180.0	174.0	213.0	170.0	234.0	160.0	251.0	178.0	185.0	201.0	157.0	197.0	198.0	205.0	169.0	224.0	174.0	273.0	178.0	256.0	250.0	263.0	205.0	288.0	221.0	302.0	221.0	367.0	185.0	19
76.0	201.0	73.0	217.0	98.0	198.0	162.0	162.0	142.0	180.0	175.0	213.0	173.0	236.0	163.0	254.0	178.0	184.0	200.0	156.0	197.0	198.0	204.0	168.0	225.0	174.0	268.0	178.0	257.0	253.0	263.0	206.0	289.0	222.0	300.0	221.0	368.0	183.0	19
79.0	200.0	75.0	216.0	98.0	198.0	161.0	163.0	145.0	180.0	176.0	213.0	172.0	234.0	163.0	250.0	181.0	186.0	199.0	158.0	197.0	197.0	205.0	170.0	225.0	175.0	268.0	179.0	255.0	247.0	260.0	204.0	286.0	220.0	298.0	219.0	364.0	186.0	19
83.0	201.0	77.0	216.0	104.0	198.0	162.0	164.0	146.0	180.0	177.0	213.0	172.0	233.0	162.0	249.0	183.0	186.0	199.0	158.0	200.0	198.0	204.0	170.0	223.0	176.0	262.0	178.0	255.0	245.0	259.0	204.0	282.0	218.0	295.0	218.0	361.0	186.0	19
75.0	201.0	72.0	215.0	97.0	199.0	157.0	165.0	142.0	180.0	176.0	212.0	174.0	233.0	166.0	250.0	181.0	186.0	201.0	159.0	198.0	198.0	205.0	171.0	227.0	176.0	263.0	178.0	254.0	247.0	261.0	205.0	284.0	220.0	298.0	220.0	363.0	184.0	19
79.0	200.0	75.0	216.0	100.0	198.0	161.0	163.0	143.0	180.0	176.0	213.0	173.0	234.0	164.0	251.0	180.0	186.0	197.0	157.0	198.0	197.0	204.0	169.0	226.0	176.0	264.0	179.0	253.0	247.0	260.0	205.0	283.0	219.0	296.0	220.0	358.0	184.0	19
77.0	202.0	73.0	217.0	98.0	198.0	159.0	162.0	142.0	179.0	175.0	214.0	171.0	235.0	162.0	252.0	180.0	185.0	201.0	157.0	199.0	198.0	205.0	169.0	224.0	174.0	264.0	178.0	253.0	248.0	262.0	207.0	284.0	221.0	296.0	221.0	363.0	186.0	19
71.0	201.0	67.0	217.0	92.0	198.0	155.0	160.0	137.0	179.0	172.0	214.0	169.0	237.0	161.0	254.0	176.0	185.0	196.0	153.0	196.0	198.0	202.0	167.0	223.0	172.0	266.0	175.0	259.0	254.0	265.0	206.0	293.0	223.0	307.0	222.0	374.0	179.0	19
76.0	200.0	73.0	217.0	96.0	197.0	159.0	162.0	140.0	179.0	175.0	214.0	174.0	236.0	163.0	253.0	179.0	185.0	199.0	156.0	196.0	197.0	205.0	170.0	223.0	175.0	264.0	178.0	257.0	250.0	260.0	205.0	286.0	221.0	299.0	220.0	365.0	183.0	19
75.0	201.0	72.0	217.0	95.0	198.0	158.0	161.0	139.0	180.0	174.0	214.0	171.0	236.0	163.0	254.0	177.0	185.0	200.0	155.0	197.0	198.0	206.0	169.0	226.0	174.0	265.0	177.0	254.0	248.0	261.0	206.0	283.0	220.0	296.0	219.0	365.0	185.0	19
77.0	200.0	72.0	217.0	97.0	198.0	160.0	161.0	140.0	179.0	175.0	214.0	171.0	237.0	164.0	255.0	178.0	185.0	200.0	155.0	198.0	198.0	205.0	167.0	226.0	174.0	269.0	177.0	256.0	251.0	264.0	207.0	287.0	222.0	301.0	222.0	367.0	184.0	19
76.0	200.0	71.0	213.0	97.0	198.0	164.0	160.0	145.0	178.0	173.0	213.0	169.0	235.0	159.0	252.0	184.0	185.0	203.0	155.0	200.0	198.0	207.0	169.0	226.0	175.0	264.0	179.0	251.0	252.0	260.0	207.0	281.0	222.0	294.0	222.0	361.0	185.0	19
77.0	199.0	75.0	216.0	96.0	197.0	161.0	163.0	143.0	179.0	177.0	214.0	172.0	234.0	161.0	251.0	181.0	185.0	198.0	157.0	200.0	199.0	205.0	171.0	226.0	176.0	263.0	178.0	256.0	249.0	261.0	206.0	284.0	221.0	299.0	220.0	362.0	181.0	19
80.0	201.0	77.0	217.0	98.0	199.0	161.0	162.0	143.0	180.0	175.0	213.0	172.0	234.0	161.0	251.0	182.0	186.0	197.0	156.0	197.0	197.0	202.0	169.0	224.0	174.0	264.0	176.0	254.0	248.0	260.0	204.0	285.0	220.0	296.0	219.0	364.0	186.0	19
81.0	201.0	77.0	215.0	101.0	198.0	160.0	163.0	142.0	180.0	176.0	213.0	173.0	234.0	164.0	251.0	180.0	186.0	198.0	157.0	198.0	199.0	204.0	170.0	224.0	176.0	264.0	179.0	253.0	248.0	258.0	204.0	283.0	220.0	296.0	219.0	361.0	185.0	19
76.0	201.0	71.0	216.0	95.0	198.0	157.0	162.0	140.0	179.0	175.0	214.0	169.0	235.0	160.0	253.0	179.0	185.0	196.0	156.0	197.0	198.0	203.0	169.0	223.0	174.0	262.0	176.0	257.0	249.0	262.0	205.0	287.0	221.0	300.0	220.0	367.0	184.0	19
69.0	200.0	67.0	215.0	91.0	198.0	157.0	163.0	140.0	179.0	176.0	212.0	172.0	234.0	162.0	252.0	183.0	185.0	202.0	157.0	197.0	197.0	207.0	170.0	229.0	176.0	265.0	178.0	255.0	249.0	261.0	205.0	285.0	220.0	298.0	220.0	369.0	184.0	19
82.0	201.0	80.0	216.0	102.0	198.0	159.0	165.0	144.0	180.0	176.0	212.0	173.0	233.0	164.0	250.0	182.0	186.0	201.0	158.0	198.0	197.0	206.0	171.0	226.0	177.0	265.0	179.0	254.0	248.0	257.0	203.0	282.0	220.0	297.0	220.0	363.0	184.0	19
64.0	199.0	60.0	216.0	87.0	197.0	155.0	160.0	138.0	177.0	174.0	215.0	170.0	239.0	158.0	257.0	183.0	185.0	198.0	154.0	198.0	196.0	206.0	168.0	230.0	174.0	272.0	177.0	262.0	255.0	268.0	206.0	294.0	221.0	309.0	221.0	378.0	182.0	19
78.0	200.0	74.0	216.0	99.0	197.0	161.0	163.0	144.0	179.0	177.0	213.0	172.0	235.0	161.0	253.0	180.0	185.0	200.0	157.0	197.0	197.0	205.0	171.0	227.0	177.0	263.0	179.0	258.0	249.0	259.0	204.0	286.0	222.0	298.0	221.0	363.0	184.0	19
81.0	201.0	76.0	215.0	101.0	198.0	164.0	163.0	144.0	180.0	176.0	214.0	173.0	234.0	162.0	250.0	180.0	185.0	201.0	157.0	199.0	198.0	204.0	170.0	225.0	176.0	264.0	179.0	252.0	249.0	260.0	205.0	283.0	221.0	294.0	220.0	362.0	185.0	19
67.0	201.0	63.0	218.0	91.0	198.0	155.0	160.0	137.0	179.0	172.0	214.0	168.0	236.0	158.0	255.0	176.0	184.0	198.0	153.0	196.0	197.0	204.0	167.0	226.0	174.0	272.0	178.0	258.0	252.0	261.0	205.0	290.0	222.0	302.0	221.0	379.0	184.0	19
79.0	201.0	74.0	216.0	100.0	198.0	160.0	163.0	141.0	181.0	174.0	213.0	172.0	234.0	162.0	252.0	181.0	186.0	200.0	157.0	196.0	197.0	204.0	170.0	226.0	176.0	264.0	179.0	254.0	247.0	260.0	205.0	282.0	220.0	296.0	221.0	363.0	186.0	19
80.0	201.0	76.0	216.0	101.0	198.0	159.0	163.0	143.0	180.0	176.0	214.0	173.0	234.0	163.0	250.0	180.0	186.0	199.0	158.0	199.0	198.0	204.0	170.0	225.0	176.0	264.0	178.0	254.0	248.0	261.0	206.0	283.0	220.0	294.0	218.0	361.0	183.0	19
71.0	202.0	68.0	218.0	93.0	198.0	155.0	161.0	136.0	178.0	173.0	213.0	168.0	236.0	157.0	255.0	176.0	184.0	200.0	153.0	199.0	198.0	206.0	167.0	226.0	173.0	273.0	177.0	257.0	254.0	266.0	207.0	290.0	223.0	305.0	223.0	370.0	183.0	19
72.0	201.0	71.0	217.0	97.0	198.0	156.0	163.0	139.0	179.0	175.0	214.0	170.0	235.0	162.0	252.0	178.0	184.0	199.0	156.0	199.0	198.0	204.0	168.0	225.0	174.0	265.0	176.0	256.0	249.0	263.0	206.0	287.0	221.0	300.0	221.0	366.0	183.0	19
74.0	201.0	71.0	216.0	99.0	198.0	158.0	163.0	141.0	179.0	176.0	213.0	171.0	234.0	162.0	252.0	181.0	185.0	200.0	157.0	201.0	198.0	205.0	169.0	225.0	174.0	264.0	177.0	256.0	249.0	264.0	205.0	288.0	220.0	300.0	219.0	365.0	185.0	19
73.0	201.0	69.0	217.0	96.0	198.0	154.0	161.0	135.0	179.0	173.0	213.0	170.0	235.0	161.0	253.0	181.0	185.0	198.0	154.0	196.0	197.0	203.0	168.0	227.0	175.0	269.0	178.0	257.0	249.0	259.0	204.0	285.0	220.0	296.0	219.0	363.0	186.0	19
79.0	200.0	76.0	216.0	98.0	198.0	162.0	163.0	143.0	180.0	176.0	213.0	174.0	234.0	164.0	249.0	181.0	186.0	199.0	158.0	198.0	197.0	206.0	172.0	224.0	176.0	263.0	179.0	253.0	246.0	258.0	205.0	282.0	219.0	295.0	218.0	359.0	185.0	19
76.0	199.0	70.0	216.0	97.0	197.0	157.0	162.0	140.0	178.0	175.0	213.0	171.0	236.0	160.0	252.0	179.0	184.0	198.0	155.0	198.0	198.0	203.0	169.0	223.0	175.0	259.0	178.0	253.0	249.0	257.0	204.0	284.0	221.0	297.0	221.0	361.0	184.0	19
81.0	201.0	79.0	217.0	99.0	199.0	161.0	162.0	141.0	180.0	175.0	214.0	172.0	234.0	162.0	250.0	178.0	186.0	199.0	157.0	195.0	198.0	204.0	170.0	222.0	175.0	265.0	179.0	252.0	248.0	258.0	205.0	283.0	221.0	298.0	220.0	360.0	185.0	19
73.0	202.0	71.0	216.0	95.0	199.0	159.0	161.0	138.0	179.0	174.0	214.0	169.0	237.0	159.0	254.0	183.0	186.0	199.0	155.0	198.0	198.0	205.0	168.0	226.0	174.0	265.0	178.0	255.0	251.0	262.0	205.0	288.0	221.0	298.0	220.0	368.0	186.0	19
79.0	203.0	76.0	218.0	100.0	200.0	159.0	164.0	139.0	182.0	177.0	214.0	173.0	236.0	165.0	253.0	183.0	187.0	201.0	157.0	198.0	198.0	207.0	170.0	227.0	175.0	268.0	178.0	257.0	247.0	262.0	205.0	286.0	220.0	297.0	219.0	364.0	185.0	19
68.0	199.0	63.0	216.0	90.0	197.0	156.0	162.0	139.0	178.0	173.0	214.0	170.0	237.0	158.0	255.0	182.0	185.0	197.0	155.0	197.0	196.0	205.0	168.0	228.0	174.0	268.0	177.0	258.0	252.0	264.0	205.0	290.0	220.0	304.0	220.0	370.0	182.0	19
70.0	198.0	68.0	215.0	90.0	196.0	158.0	161.0	139.0	177.0	174.0	214.0	169.0	235.0	157.0	253.0	178.0	185.0	195.0	155.0	198.0	198.0	203.0	170.0	225.0	176.0	264.0	178.0	256.0	252.0	260.0	206.0	284.0	222.0	300.0	221.0	365.0	181.0	19
80.0	201.0	75.0	215.0	100.0	199.0	160.0	164.0	144.0	180.0	176.0	213.0	172.0	232.0	161.0	249.0	181.0	186.0	200.0	158.0	196.0	197.0	204.0	169.0	224.0	175.0	262.0	178.0	252.0	247.0	259.0	206.0	283.0	220.0	295.0	220.0	359.0	186.0	19
75.0	201.0	73.0	217.0	97.0	198.0	157.0	164.0	142.0	179.0	174.0	213.0	171.0	235.0	163.0	252.0	179.0	185.0	199.0	157.0	197.0	197.0	205.0	169.0	226.0	175.0	266.0	178.0	256.0	249.0	261.0	205.0	285.0	220.0	298.0	219.0	365.0	185.0	19
80.0	200.0	75.0	217.0	102.0	198.0	160.0	163.0	143.0	179.0	177.0	213.0	174.0	235.0	163.0	252.0	181.0	185.0	199.0	156.0	200.0	198.0	204.0	169.0	224.0	176.0	259.0	178.0	255.0	248.0	258.0	204.0	284.0	221.0	297.0	220.0	359.0	184.0	19
83.0	200.0	79.0	214.0	100.0	198.0	162.0	163.0	141.0	181.0	175.0	212.0	172.0	233.0	162.0	249.0	181.0	186.0	199.0	159.0	195.0	197.0	205.0	171.0	225.0	176.0	263.0	179.0	254.0	246.0	257.0	204.0	284.0	221.0	296.0	220.0	358.0	183.0	19
76.0	199.0	73.0	216.0	97.0	197.0	161.0	164.0	143.0	180.0	176.0	213.0	172.0	236.0	162.0	253.0	180.0	187.0	199.0	158.0	198.0	198.0	204.0	170.0	225.0	175.0	269.0	178.0	255.0	249.0	262.0	206.0	285.0	221.0	300.0	221.0	362.0	182.0	19
51.0	173.0	82.0	205.0	80.0	220.0	163.0	165.0	145.0	182.0	178.0	235.0	182.0	214.0	167.0	252.0	102.0	202.0	206.0	163.0	184.0	186.0	203.0	198.0	230.0	175.0	268.0	176.0	262.0	248.0	266.0	204.0	291.0	219.0	305.0	220.0	368.0	182.0	19
73.0	201.0	71.0	216.0	97.0	198.0	158.0	164.0	140.0	180.0	177.0	213.0	172.0	234.0	162.0	250.0	181.0	185.0	199.0	158.0	201.0	198.0	204.0	169.0	224.0	175.0	260.0	177.0	253.0	247.0	261.0	205.0	283.0	219.0	297.0	219.0	362.0	185.0	19
81.0	200.0	79.0	215.0	101.0	198.0	158.0	164.0	144.0	179.0	175.0	212.0	172.0	233.0	162.0	250.0	181.0	185.0	200.0	157.0	197.0	197.0	205.0	171.0	225.0	176.0	264.0	179.0	253.0	249.0	256.0	203.0	282.0	220.0	297.0	221.0	362.0	185.0	19
82.0	201.0	79.0	215.0	100.0	198.0	160.0	164.0	143.0	181.0	176.0	213.0	170.0	233.0	162.0	250.0	179.0	187.0	198.0	158.0	197.0	198.0	202.0	170.0	223.0	176.0	264.0	178.0	252.0	247.0	261.0	206.0	283.0	219.0	294.0	219.0	363.0	184.0	19
83.0	201.0	81.0	216.0	101.0	198.0	161.0	164.0	143.0	180.0	177.0	211.0	172.0	231.0	162.0	248.0	181.0	186.0	199.0	159.0	197.0	197.0	204.0	171.0	226.0	177.0	266.0	180.0	254.0	245.0	256.0	203.0	282.0	218.0	295.0	217.0	359.0	186.0	19
78.0	200.0	75.0	215.0	100.0	198.0	160.0	164.0	143.0	181.0	175.0	213.0	170.0	235.0	163.0	251.0	179.0	186.0	202.0	158.0	196.0	198.0	207.0	171.0	227.0	176.0	264.0	178.0	254.0	248.0	261.0	207.0	283.0	221.0	294.0	221.0	359.0	185.0	19
76.0	200.0	70.0	215.0	98.0	198.0	159.0	163.0	142.0	180.0	175.0	214.0	173.0	236.0	162.0	252.0	183.0	186.0	198.0	157.0	198.0	198.0	205.0	171.0	228.0	176.0	268.0	179.0	257.0	250.0	262.0	206.0	285.0	220.0	300.0	221.0	363.0	183.0	19
78.0	201.0	75.0	217.0	98.0	198.0	159.0	163.0	142.0	180.0	175.0	214.0	173.0	236.0	164.0	252.0	179.0	185.0	198.0	156.0	198.0	198.0	203.0	169.0	221.0	174.0	264.0	177.0	257.0	250.0	258.0	203.0	288.0	220.0	299.0	220.0	365.0	183.0	19
80.0	201.0	76.0	215.0	100.0	199.0	160.0	164.0	142.0	181.0	177.0	212.0	173.0	233.0	163.0	249.0	181.0	186.0	200.0	158.0	195.0	197.0	206.0	171.0	227.0	176.0	267.0	179.0	255.0	247.0	261.0	205.0	286.0	220.0	297.0	219.0	362.0	185.0	19
75.0	202.0	73.0	217.0	98.0	199.0	159.0	163.0	140.0	180.0	176.0	214.0	171.0	235.0	162.0	252.0	182.0	185.0	201.0	157.0	200.0	198.0	205.0	169.0	226.0	174.0	265.0	176.0	256.0	248.0	264.0	206.0	286.0	220.0	297.0	220.0	364.0	185.0	19
76.0	201.0	73.0	215.0	96.0	199.0	159.0	163.0	139.0	181.0	174.0	214.0	169.0	236.0	162.0	251.0	178.0	186.0	201.0	158.0	197.0	199.0	206.0	170.0	228.0	176.0	267.0	178.0	256.0	247.0	265.0	207.0	285.0	220.0	298.0	220.0	367.0	184.0	19
75.0	199.0	72.0	216.0	96.0	197.0	159.0	162.0	143.0	178.0	176.0	213.0	173.0	235.0	162.0	252.0	182.0	185.0	197.0	156.0	200.0	198.0	204.0	170.0	225.0	175.0	267.0	178.0	258.0	249.0	261.0	205.0	288.0	221.0	301.0	220.0	363.0	180.0	19
69.0	200.0	64.0	217.0	92.0	197.0	152.0	159.0	136.0	176.0	171.0	215.0	169.0	238.0	158.0	258.0	178.0	183.0	195.0	153.0	196.0	197.0	202.0	166.0	223.0	171.0	259.0	175.0	257.0	256.0	265.0	207.0	290.0	222.0	301.0	222.0	371.0	180.0	20
74.0	200.0	69.0	217.0	97.0	198.0	153.0	163.0	139.0	177.0	175.0	214.0	173.0	238.0	163.0	256.0	184.0	186.0	196.0	157.0	198.0	197.0	202.0	170.0	225.0	175.0	263.0	178.0	256.0	253.0	262.0	207.0	289.0	221.0	299.0	220.0	363.0	182.0	20
80.0	201.0	73.0	216.0	98.0	198.0	155.0	164.0	139.0	178.0	177.0	215.0	172.0	236.0	164.0	254.0	182.0	186.0	197.0	158.0	199.0	198.0	201.0	170.0	225.0	174.0	263.0	177.0	258.0	250.0	263.0	206.0	289.0	221.0	300.0	220.0	362.0	182.0	20
71.0	199.0	64.0	214.0	94.0	197.0	155.0	161.0	139.0	175.0	173.0	214.0	170.0	237.0	161.0	257.0	180.0	185.0	198.0	157.0	195.0	196.0	202.0	168.0	224.0	173.0	264.0	175.0	261.0	253.0	265.0	206.0	293.0	221.0	305.0	220.0	371.0	181.0	20
78.0	199.0	49.0	210.0	74.0	217.0	158.0	160.0	141.0	176.0	179.0	239.0	182.0	215.0	171.0	258.0	96.0	197.0	202.0	154.0	185.0	183.0	205.0	197.0	207.0	166.0	229.0	171.0	266.0	175.0	266.0	249.0	269.0	204.0	302.0	220.0	375.0	183.0	20
76.0	202.0	72.0	218.0	96.0	198.0	156.0	163.0	139.0	179.0	176.0	214.0	173.0	236.0	165.0	254.0	184.0	185.0	198.0	156.0	198.0	196.0	203.0	168.0	224.0	173.0	258.0	176.0	257.0	250.0	262.0	205.0	286.0	220.0	298.0	219.0	364.0	183.0	20
75.0	201.0	72.0	216.0	97.0	198.0	155.0	162.0	139.0	177.0	176.0	214.0	171.0	237.0	163.0	255.0	185.0	185.0	199.0	155.0	200.0	197.0	204.0	168.0	226.0	173.0	266.0	178.0	255.0	250.0	263.0	206.0	289.0	222.0	299.0	221.0	364.0	184.0	20
69.0	199.0	64.0	217.0	92.0	197.0	152.0	162.0	135.0	177.0	172.0	215.0	170.0	240.0	162.0	258.0	179.0	184.0	198.0	155.0	196.0	197.0	202.0	167.0	225.0	172.0	268.0	176.0	263.0	256.0	264.0	206.0	294.0	222.0	308.0	220.0	377.0	178.0	20
70.0	199.0	64.0	217.0	92.0	198.0	154.0	160.0	137.0	176.0	176.0	216.0	172.0	239.0	164.0	259.0	180.0	184.0	200.0	154.0	200.0	198.0	204.0	165.0	226.0	171.0	266.0	174.0	265.0	255.0	268.0	207.0	296.0	223.0	307.0	221.0	373.0	179.0	20
71.0	200.0	65.0	216.0	90.0	198.0	152.0	160.0	136.0	174.0	173.0	213.0	171.0	236.0	163.0	256.0	182.0	182.0	197.0	154.0	197.0	194.0	203.0	166.0	226.0	171.0	264.0	175.0	261.0	252.0	265.0	205.0	292.0	221.0	303.0	220.0	371.0	181.0	20
73.0	200.0	69.0	216.0	91.0	199.0	154.0	161.0	140.0	174.0	175.0	215.0	171.0	238.0	162.0	257.0	185.0	185.0	200.0	155.0	199.0	198.0	205.0	168.0	228.0	174.0	266.0	177.0	260.0	253.0	264.0	207.0	292.0	222.0	302.0	221.0	367.0	180.0	20
79.0	200.0	75.0	216.0	99.0	197.0	156.0	164.0	138.0	179.0	176.0	214.0	173.0	236.0	166.0	254.0	183.0	186.0	199.0	158.0	198.0	197.0	203.0	170.0	220.0	173.0	262.0	177.0	259.0	250.0	262.0	206.0	287.0	220.0	299.0	219.0	362.0	182.0	20
71.0	202.0	67.0	218.0	89.0	200.0	151.0	161.0	135.0	176.0	174.0	214.0	171.0	237.0	163.0	256.0	179.0	183.0	196.0	154.0	197.0	195.0	202.0	166.0	224.0	171.0	265.0	175.0	263.0	254.0	264.0	205.0	294.0	222.0	306.0	221.0	375.0	182.0	20
70.0	199.0	66.0	218.0	91.0	197.0	152.0	160.0	135.0	176.0	174.0	216.0	172.0	240.0	164.0	259.0	184.0	185.0	197.0	154.0	195.0	195.0	202.0	166.0	226.0	172.0	269.0	176.0	261.0	253.0	263.0	205.0	293.0	222.0	306.0	221.0	372.0	179.0	20
76.0	199.0	72.0	216.0	97.0	197.0	156.0	162.0	140.0	176.0	176.0	214.0	174.0	237.0	165.0	256.0	187.0	185.0	200.0	156.0	198.0	195.0	206.0	168.0	227.0	173.0	267.0	177.0	257.0	252.0	259.0	204.0	289.0	221.0	303.0	221.0	370.0	182.0	20
76.0	201.0	73.0	217.0	94.0	199.0	153.0	163.0	137.0	177.0	176.0	215.0	173.0	237.0	166.0	255.0	183.0	184.0	200.0	156.0	201.0	198.0	204.0	168.0	224.0	172.0	265.0	176.0	260.0	250.0	264.0	205.0	291.0	220.0	303.0	219.0	367.0	182.0	20
72.0	201.0	67.0	217.0	92.0	199.0	157.0	161.0	138.0	177.0	174.0	215.0	170.0	237.0	164.0	256.0	181.0	183.0	199.0	154.0	198.0	196.0	203.0	166.0	223.0	171.0	261.0	174.0	262.0	252.0	264.0	204.0	292.0	221.0	306.0	220.0	373.0	181.0	20
79.0	201.0	74.0	216.0	98.0	199.0	157.0	162.0	139.0	178.0	175.0	215.0	170.0	236.0	164.0	254.0	181.0	184.0	198.0	156.0	197.0	196.0	202.0	168.0	221.0	173.0	260.0	176.0	259.0	251.0	264.0	206.0	289.0	221.0	299.0	219.0	364.0	183.0	20
79.0	198.0	45.0	223.0	74.0	213.0	160.0	162.0	142.0	177.0	174.0	235.0	179.0	214.0	166.0	252.0	101.0	196.0	202.0	157.0	187.0	184.0	202.0	197.0	206.0	168.0	230.0	173.0	267.0	207.0	262.0	250.0	270.0	178.0	299.0	221.0	367.0	183.0	20
75.0	199.0	71.0	216.0	96.0	197.0	155.0	163.0	139.0	177.0	176.0	214.0	171.0	237.0	164.0	256.0	181.0	184.0	200.0	157.0	197.0	197.0	203.0	168.0	223.0	173.0	262.0	176.0	260.0	251.0	268.0	206.0	291.0	220.0	303.0	219.0	370.0	179.0	20
74.0	200.0	70.0	217.0	96.0	198.0	156.0	162.0	138.0	177.0	174.0	215.0	171.0	237.0	165.0	255.0	183.0	185.0	199.0	156.0	198.0	197.0	204.0	168.0	225.0	173.0	262.0	176.0	259.0	254.0	263.0	206.0	291.0	222.0	301.0	220.0	369.0	181.0	20
73.0	200.0	68.0	217.0	94.0	198.0	154.0	161.0	139.0	176.0	175.0	214.0	172.0	237.0	162.0	256.0	184.0	184.0	200.0	155.0	199.0	196.0	204.0	167.0	226.0	172.0	264.0	176.0	261.0	252.0	265.0	207.0	291.0	221.0	303.0	220.0	372.0	182.0	20
73.0	199.0	68.0	216.0	97.0	198.0	154.0	163.0	138.0	177.0	173.0	213.0	172.0	236.0	164.0	254.0	182.0	185.0	197.0	157.0	196.0	197.0	202.0	169.0	226.0	174.0	266.0	177.0	259.0	251.0	264.0	205.0	289.0	220.0	302.0	219.0	368.0	181.0	20
66.0	202.0	62.0	219.0	87.0	200.0	151.0	160.0	133.0	175.0	173.0	215.0	170.0	239.0	161.0	259.0	181.0	183.0	196.0	152.0	196.0	195.0	203.0	166.0	224.0	170.0	263.0	173.0	265.0	255.0	268.0	206.0	295.0	222.0	308.0	221.0	377.0	181.0	20
74.0	201.0	71.0	217.0	93.0	199.0	154.0	161.0	138.0	176.0	175.0	214.0	171.0	237.0	163.0	256.0	182.0	183.0	198.0	154.0	198.0	195.0	202.0	166.0	224.0	171.0	261.0	175.0	261.0	252.0	264.0	205.0	292.0	221.0	303.0	221.0	368.0	183.0	20
79.0	202.0	75.0	216.0	99.0	198.0	155.0	165.0	139.0	180.0	177.0	213.0	174.0	234.0	165.0	253.0	182.0	185.0	196.0	158.0	197.0	195.0	202.0	169.0	223.0	174.0	258.0	176.0	258.0	246.0	263.0	205.0	287.0	219.0	299.0	218.0	365.0	183.0	20
76.0	200.0	71.0	216.0	97.0	198.0	154.0	164.0	136.0	179.0	177.0	215.0	175.0	237.0	166.0	255.0	184.0	186.0	199.0	158.0	199.0	197.0	203.0	169.0	222.0	173.0	260.0	176.0	261.0	251.0	264.0	205.0	291.0	220.0	301.0	219.0	365.0	180.0	20
76.0	200.0	72.0	215.0	97.0	198.0	155.0	164.0	139.0	177.0	176.0	214.0	173.0	237.0	165.0	255.0	182.0	185.0	200.0	157.0	196.0	196.0	203.0	169.0	225.0	174.0	264.0	177.0	261.0	250.0	264.0	205.0	290.0	220.0	300.0	219.0	366.0	182.0	20
70.0	200.0	63.0	217.0	89.0	198.0	153.0	159.0	134.0	176.0	173.0	215.0	169.0	238.0	160.0	257.0	181.0	184.0	199.0	153.0	197.0	197.0	204.0	166.0	225.0	171.0	269.0	176.0	263.0	253.0	266.0	207.0	293.0	222.0	307.0	220.0	376.0	180.0	20
74.0	203.0	68.0	218.0	92.0	200.0	154.0	161.0	136.0	176.0	174.0	214.0	171.0	237.0	164.0	256.0	181.0	183.0	197.0	155.0	199.0	195.0	202.0	166.0	224.0	171.0	261.0	174.0	261.0	251.0	263.0	205.0	292.0	221.0	303.0	220.0	371.0	184.0	20
75.0	198.0	71.0	215.0	97.0	196.0	155.0	163.0	140.0	177.0	176.0	214.0	172.0	237.0	164.0	256.0	184.0	185.0	200.0	158.0	199.0	197.0	204.0	168.0	224.0	173.0	262.0	176.0	260.0	251.0	265.0	207.0	290.0	221.0	301.0	219.0	369.0	180.0	20
32.0	189.0	65.0	193.0	70.0	218.0	155.0	164.0	142.0	177.0	176.0	239.0	178.0	216.0	168.0	259.0	99.0	195.0	200.0	157.0	186.0	186.0	200.0	198.0	205.0	170.0	225.0	173.0	260.0	176.0	259.0	251.0	262.0	205.0	293.0	218.0	362.0	179.0	20
76.0	202.0	71.0	217.0	97.0	200.0	154.0	163.0	138.0	177.0	177.0	215.0	174.0	237.0	166.0	256.0	182.0	184.0	199.0	156.0	196.0	195.0	203.0	168.0	224.0	172.0	263.0	175.0	261.0	251.0	263.0	205.0	291.0	221.0	303.0	220.0	367.0	184.0	20
72.0	199.0	65.0	215.0	95.0	197.0	156.0	161.0	138.0	177.0	175.0	214.0	172.0	237.0	163.0	256.0	182.0	184.0	200.0	155.0	199.0	196.0	204.0	167.0	229.0	174.0	265.0	177.0	258.0	253.0	263.0	206.0	288.0	221.0	302.0	221.0	367.0	181.0	20
82.0	174.0	3.0	225.0	118.0	190.0	125.0	138.0	193.0	199.0	196.0	248.0	164.0	228.0	191.0	234.0	124.0	225.0	225.0	152.0	212.0	214.0	221.0	178.0	235.0	131.0	265.0	222.0	253.0	301.0	248.0	239.0	316.0	195.0	343.0	174.0	338.0	193.0	20
74.0	201.0	71.0	217.0	95.0	199.0	156.0	162.0	138.0	178.0	176.0	214.0	172.0	237.0	163.0	255.0	183.0	185.0	198.0	155.0	199.0	197.0	202.0	167.0	225.0	173.0	262.0	176.0	261.0	251.0	264.0	206.0	290.0	221.0	301.0	220.0	367.0	183.0	20
70.0	200.0	67.0	217.0	90.0	198.0	153.0	160.0	135.0	176.0	176.0	214.0	172.0	239.0	164.0	258.0	183.0	183.0	198.0	153.0	199.0	195.0	203.0	165.0	227.0	171.0	264.0	175.0	260.0	251.0	266.0	204.0	294.0	221.0	305.0	220.0	372.0	184.0	20
74.0	200.0	69.0	216.0	95.0	197.0	156.0	162.0	139.0	177.0	176.0	215.0	173.0	238.0	163.0	256.0	184.0	185.0	196.0	156.0	200.0	197.0	202.0	168.0	227.0	173.0	264.0	176.0	260.0	253.0	266.0	206.0	293.0	222.0	305.0	220.0	370.0	178.0	20
77.0	200.0	71.0	215.0	98.0	197.0	158.0	163.0	139.0	178.0	175.0	214.0	171.0	237.0	162.0	255.0	186.0	187.0	197.0	157.0	198.0	197.0	202.0	169.0	225.0	174.0	262.0	177.0	256.0	251.0	262.0	206.0	289.0	221.0	299.0	220.0	364.0	181.0	20
74.0	202.0	69.0	218.0	95.0	200.0	154.0	161.0	138.0	176.0	175.0	214.0	172.0	238.0	164.0	257.0	181.0	183.0	198.0	155.0	198.0	195.0	203.0	167.0	224.0	172.0	260.0	175.0	260.0	252.0	262.0	205.0	290.0	221.0	302.0	221.0	368.0	184.0	20
70.0	199.0	66.0	217.0	89.0	197.0	152.0	160.0	135.0	175.0	175.0	215.0	170.0	238.0	161.0	258.0	182.0	184.0	197.0	154.0	200.0	197.0	202.0	166.0	224.0	171.0	266.0	175.0	262.0	255.0	261.0	204.0	292.0	222.0	305.0	221.0	373.0	180.0	20
75.0	200.0	70.0	216.0	95.0	199.0	154.0	162.0	138.0	177.0	175.0	215.0	170.0	237.0	160.0	255.0	183.0	184.0	199.0	156.0	197.0	196.0	203.0	168.0	223.0	172.0	260.0	176.0	260.0	252.0	265.0	207.0	290.0	222.0	302.0	221.0	367.0	181.0	20
80.0	200.0	76.0	216.0	98.0	198.0	157.0	163.0	140.0	177.0	177.0	214.0	174.0	236.0	166.0	255.0	186.0	186.0	200.0	157.0	198.0	197.0	204.0	169.0	225.0	174.0	261.0	176.0	258.0	251.0	263.0	207.0	286.0	220.0	298.0	220.0	361.0	181.0	20
75.0	201.0	71.0	216.0	95.0	199.0	154.0	164.0	136.0	179.0	177.0	214.0	174.0	236.0	165.0	254.0	183.0	186.0	195.0	158.0	197.0	197.0	201.0	169.0	222.0	174.0	259.0	176.0	258.0	248.0	264.0	205.0	290.0	220.0	301.0	219.0	368.0	182.0	20
69.0	199.0	63.0	216.0	91.0	197.0	154.0	158.0	139.0	174.0	174.0	215.0	170.0	239.0	161.0	259.0	185.0	184.0	200.0	153.0	196.0	195.0	206.0	165.0	227.0	171.0	270.0	176.0	260.0	256.0	265.0	206.0	296.0	223.0	306.0	222.0	375.0	180.0	20
68.0	201.0	63.0	217.0	91.0	198.0	153.0	160.0	136.0	176.0	173.0	215.0	170.0	238.0	162.0	258.0	183.0	184.0	197.0	154.0	198.0	196.0	203.0	166.0	227.0	172.0	265.0	175.0	261.0	254.0	267.0	206.0	294.0	223.0	307.0	221.0	376.0	181.0	20
77.0	200.0	73.0	217.0	96.0	198.0	157.0	162.0	141.0	177.0	175.0	213.0	173.0	236.0	164.0	254.0	183.0	184.0	201.0	156.0	201.0	197.0	204.0	168.0	227.0	173.0	262.0	176.0	259.0	251.0	264.0	206.0	292.0	222.0	303.0	221.0	367.0	183.0	20
81.0	201.0	74.0	217.0	100.0	199.0	156.0	163.0	137.0	178.0	178.0	214.0	173.0	236.0	166.0	255.0	181.0	184.0	197.0	156.0	201.0	197.0	202.0	169.0	223.0	174.0	265.0	177.0	256.0	250.0	261.0	205.0	286.0	221.0	298.0	220.0	360.0	182.0	20
79.0	200.0	77.0	216.0	95.0	198.0	158.0	163.0	142.0	178.0	177.0	214.0	174.0	236.0	166.0	253.0	183.0	185.0	200.0	158.0	199.0	197.0	205.0	170.0	226.0	175.0	262.0	178.0	256.0	251.0	260.0	206.0	285.0	221.0	296.0	221.0	362.0	183.0	20
70.0	200.0	66.0	218.0	88.0	198.0	153.0	158.0	135.0	174.0	175.0	214.0	170.0	238.0	161.0	259.0	178.0	181.0	196.0	151.0	197.0	194.0	200.0	163.0	223.0	169.0	262.0	171.0	264.0	249.0	266.0	203.0	294.0	219.0	304.0	218.0	374.0	180.0	20
63.0	198.0	56.0	214.0	85.0	196.0	151.0	159.0	133.0	175.0	169.0	216.0	167.0	240.0	158.0	259.0	180.0	185.0	198.0	161.0	195.0	197.0	225.0	174.0	262.0	178.0	263.0	208.0	257.0	255.0	291.0	225.0	304.0	158.0	305.0	224.0	377.0	185.0	20
100.0	177.0	21.0	221.0	130.0	191.0	138.0	144.0	202.0	202.0	203.0	246.0	173.0	227.0	197.0	234.0	133.0	224.0	233.0	158.0	219.0	215.0	229.0	182.0	241.0	137.0	317.0	198.0	251.0	239.0	266.0	224.0	338.0	178.0	336.0	196.0	363.0	282.0	20
77.0	201.0	71.0	216.0	97.0	199.0	157.0	163.0	142.0	177.0	176.0	213.0	171.0	235.0	161.0	254.0	185.0	185.0	200.0	157.0	199.0	196.0	204.0	169.0	224.0	173.0	257.0	176.0	255.0	250.0	261.0	205.0	287.0	222.0	299.0	221.0	362.0	182.0	20
76.0	200.0	72.0	216.0	95.0	198.0	156.0	163.0	142.0	177.0	177.0	214.0	174.0	237.0	165.0	256.0	185.0	185.0	199.0	156.0	197.0	196.0	204.0	168.0	226.0	174.0	259.0	176.0	259.0	251.0	259.0	206.0	286.0	221.0	297.0	220.0	359.0	181.0	20
74.0	200.0	68.0	216.0	95.0	198.0	154.0	162.0	138.0	178.0	173.0	214.0	170.0	237.0	161.0	255.0	183.0	185.0	197.0	156.0	198.0	197.0	202.0	168.0	224.0	173.0	261.0	176.0	257.0	253.0	263.0	207.0	287.0	222.0	299.0	221.0	364.0	182.0	20
69.0	199.0	65.0	217.0	88.0	197.0	152.0	159.0	135.0	174.0	174.0	215.0	169.0	238.0	160.0	258.0	182.0	183.0	196.0	153.0	199.0	196.0	201.0	165.0	223.0	171.0	266.0	175.0	262.0	254.0	262.0	204.0	292.0	222.0	305.0	221.0	374.0	180.0	20
49.0	200.0	46.0	217.0	55.0	185.0	73.0	169.0	189.0	190.0	175.0	191.0	170.0	201.0	118.0	232.0	223.0	179.0	236.0	168.0	233.0	237.0	246.0	208.0	242.0	225.0	268.0	172.0	254.0	187.0	285.0	181.0	303.0	240.0	327.0	220.0	383.0	199.0	20
86.0	198.0	80.0	213.0	106.0	197.0	168.0	162.0	151.0	176.0	185.0	213.0	179.0	236.0	169.0	254.0	195.0	185.0	210.0	156.0	209.0	197.0	215.0	170.0	235.0	175.0	269.0	178.0	265.0	253.0	271.0	208.0	288.0	215.0	296.0	226.0	375.0	187.0	20
74.0	201.0	70.0	217.0	94.0	197.0	156.0	161.0	137.0	178.0	174.0	213.0	171.0	236.0	163.0	254.0	183.0	185.0	196.0	155.0	196.0	195.0	202.0	167.0	223.0	172.0	258.0	176.0	257.0	250.0	262.0	206.0	285.0	220.0	297.0	220.0	365.0	182.0	20
64.0	202.0	60.0	219.0	85.0	201.0	150.0	159.0	131.0	176.0	171.0	216.0	168.0	240.0	159.0	259.0	178.0	183.0	194.0	151.0	194.0	195.0	201.0	165.0	222.0	170.0	261.0	173.0	262.0	256.0	266.0	207.0	293.0	222.0	305.0	221.0	376.0	181.0	20
72.0	200.0	69.0	217.0	93.0	197.0	152.0	163.0	136.0	177.0	174.0	214.0	169.0	237.0	162.0	256.0	179.0	185.0	197.0	156.0	195.0	197.0	202.0	168.0	222.0	173.0	260.0	176.0	259.0	252.0	267.0	207.0	290.0	220.0	302.0	219.0	369.0	179.0	20
72.0	200.0	67.0	215.0	96.0	197.0	154.0	161.0	137.0	177.0	172.0	212.0	171.0	235.0	163.0	253.0	181.0	184.0	195.0	156.0	195.0	195.0	201.0	168.0	224.0	173.0	265.0	176.0	258.0	250.0	261.0	204.0	288.0	219.0	301.0	218.0	367.0	178.0	20
64.0	199.0	60.0	217.0	83.0	197.0	153.0	156.0	135.0	172.0	171.0	216.0	165.0	240.0	157.0	260.0	181.0	182.0	198.0	151.0	197.0	195.0	204.0	164.0	228.0	172.0	268.0	176.0	261.0	258.0	270.0	209.0	293.0	223.0	307.0	223.0	381.0	184.0	20
76.0	202.0	73.0	217.0	94.0	199.0	152.0	162.0	136.0	177.0	175.0	215.0	171.0	236.0	164.0	254.0	181.0	185.0	196.0	156.0	199.0	198.0	202.0	168.0	221.0	173.0	261.0	176.0	257.0	249.0	261.0	205.0	287.0	219.0	299.0	218.0	362.0	180.0	20
46.0	202.0	42.0	218.0	55.0	188.0	69.0	171.0	218.0	181.0	220.0	260.0	169.0	199.0	113.0	237.0	185.0	194.0	231.0	171.0	233.0	242.0	244.0	211.0	240.0	228.0	265.0	174.0	256.0	196.0	283.0	183.0	324.0	222.0	336.0	223.0	385.0	197.0	20
75.0	203.0	70.0	218.0	96.0	201.0	154.0	161.0	138.0	176.0	175.0	214.0	173.0	237.0	165.0	256.0	181.0	183.0	195.0	154.0	197.0	195.0	202.0	167.0	223.0	172.0	259.0	175.0	260.0	250.0	262.0	204.0	289.0	220.0	301.0	219.0	366.0	181.0	20
74.0	198.0	69.0	215.0	96.0	196.0	154.0	160.0	136.0	176.0	172.0	213.0	170.0	236.0	163.0	255.0	179.0	184.0	195.0	156.0	195.0	195.0	201.0	167.0	222.0	172.0	263.0	175.0	259.0	251.0	260.0	204.0	289.0	219.0	301.0	218.0	368.0	177.0	20
61.0	202.0	57.0	219.0	85.0	198.0	150.0	159.0	130.0	176.0	171.0	216.0	167.0	239.0	159.0	259.0	181.0	183.0	194.0	151.0	197.0	197.0	201.0	165.0	226.0	170.0	271.0	174.0	265.0	254.0	269.0	206.0	297.0	222.0	308.0	221.0	378.0	177.0	20
58.0	205.0	54.0	223.0	79.0	203.0	131.0	154.0	155.0	154.0	168.0	244.0	173.0	220.0	159.0	266.0	131.0	175.0	196.0	149.0	182.0	184.0	200.0	198.0	202.0	163.0	228.0	170.0	268.0	172.0	267.0	258.0	275.0	208.0	309.0	223.0	389.0	173.0	20
70.0	199.0	66.0	216.0	91.0	197.0	156.0	159.0	136.0	175.0	174.0	213.0	170.0	236.0	162.0	255.0	181.0	182.0	198.0	152.0	199.0	195.0	205.0	165.0	226.0	170.0	263.0	172.0	263.0	251.0	267.0	204.0	296.0	220.0	308.0	218.0	375.0	176.0	20
99.0	181.0	28.0	227.0	134.0	147.0	130.0	193.0	203.0	201.0	135.0	225.0	177.0	227.0	203.0	236.0	223.0	180.0	225.0	157.0	220.0	212.0	233.0	138.0	247.0	234.0	309.0	193.0	265.0	217.0	280.0	213.0	305.0	268.0	331.0	172.0	330.0	189.0	20
71.0	196.0	65.0	212.0	92.0	194.0	156.0	155.0	135.0	174.0	172.0	211.0	168.0	234.0	160.0	253.0	184.0	183.0	195.0	152.0	196.0	193.0	202.0	164.0	225.0	170.0	262.0	172.0	257.0	249.0	264.0	203.0	290.0	219.0	302.0	218.0	370.0	176.0	20
73.0	200.0	71.0	216.0	89.0	197.0	156.0	159.0	137.0	176.0	173.0	213.0	170.0	236.0	162.0	253.0	180.0	183.0	197.0	155.0	196.0	195.0	202.0	168.0	225.0	173.0	261.0	176.0	256.0	251.0	260.0	205.0	285.0	220.0	297.0	220.0	365.0	181.0	20
68.0	203.0	64.0	219.0	88.0	200.0	153.0	160.0	134.0	177.0	171.0	215.0	167.0	237.0	161.0	256.0	179.0	182.0	195.0	154.0	196.0	195.0	200.0	165.0	220.0	170.0	258.0	173.0	262.0	251.0	263.0	204.0	289.0	218.0	304.0	219.0	372.0	177.0	20
67.0	201.0	62.0	217.0	88.0	199.0	151.0	159.0	133.0	177.0	170.0	215.0	169.0	238.0	161.0	257.0	179.0	184.0	192.0	154.0	193.0	195.0	198.0	167.0	222.0	172.0	258.0	175.0	256.0	250.0	260.0	204.0	287.0	219.0	300.0	219.0	369.0	178.0	20
84.0	192.0	20.0	249.0	114.0	152.0	191.0	194.0	123.0	200.0	174.0	225.0	201.0	230.0	133.0	231.0	215.0	124.0	212.0	145.0	213.0	170.0	217.0	202.0	248.0	220.0	321.0	141.0	262.0	200.0	302.0	165.0	320.0	159.0	324.0	300.0	340.0	302.0	20
75.0	202.0	71.0	218.0	96.0	200.0	154.0	161.0	137.0	177.0	176.0	214.0	173.0	236.0	165.0	255.0	181.0	184.0	195.0	155.0	195.0	195.0	202.0	167.0	222.0	172.0	261.0	176.0	260.0	250.0	262.0	205.0	289.0	220.0	301.0	219.0	365.0	183.0	20
76.0	200.0	71.0	217.0	97.0	197.0	154.0	163.0	136.0	178.0	175.0	214.0	172.0	236.0	165.0	255.0	182.0	185.0	197.0	156.0	197.0	195.0	202.0	167.0	220.0	171.0	263.0	175.0	260.0	250.0	263.0	204.0	288.0	219.0	301.0	218.0	365.0	179.0	20
71.0	200.0	64.0	216.0	93.0	198.0	155.0	161.0	137.0	176.0	172.0	214.0	169.0	237.0	161.0	256.0	178.0	185.0	194.0	156.0	194.0	196.0	200.0	168.0	221.0	173.0	261.0	175.0	260.0	251.0	263.0	205.0	292.0	220.0	303.0	218.0	369.0	179.0	20
72.0	199.0	68.0	216.0	93.0	197.0	154.0	159.0	139.0	175.0	176.0	214.0	172.0	236.0	164.0	255.0	184.0	184.0	197.0	154.0	196.0	195.0	204.0	166.0	226.0	172.0	260.0	174.0	259.0	251.0	261.0	205.0	288.0	220.0	299.0	219.0	363.0	180.0	20
66.0	200.0	62.0	216.0	87.0	197.0	153.0	158.0	136.0	174.0	173.0	216.0	167.0	239.0	158.0	259.0	181.0	183.0	196.0	153.0	199.0	198.0	201.0	166.0	224.0	171.0	263.0	175.0	262.0	256.0	266.0	207.0	292.0	222.0	304.0	221.0	374.0	175.0	20
71.0	202.0	68.0	219.0	90.0	200.0	150.0	161.0	134.0	176.0	173.0	214.0	170.0	236.0	162.0	255.0	178.0	183.0	193.0	154.0	190.0	206.0	200.0	166.0	195.0	194.0	221.0	171.0	262.0	204.0	261.0	251.0	262.0	174.0	296.0	220.0	370.0	181.0	20
74.0	201.0	70.0	216.0	95.0	198.0	152.0	162.0	137.0	177.0	173.0	213.0	171.0	237.0	164.0	254.0	180.0	185.0	196.0	156.0	194.0	195.0	201.0	168.0	222.0	173.0	262.0	176.0	259.0	249.0	262.0	204.0	287.0	219.0	298.0	217.0	364.0	180.0	20
68.0	200.0	65.0	218.0	90.0	197.0	151.0	160.0	131.0	176.0	171.0	215.0	170.0	238.0	162.0	258.0	182.0	185.0	194.0	153.0	193.0	194.0	200.0	166.0	223.0	171.0	266.0	175.0	258.0	252.0	260.0	204.0	289.0	220.0	302.0	220.0	368.0	177.0	20
60.0	199.0	55.0	216.0	81.0	197.0	148.0	156.0	130.0	172.0	169.0	216.0	164.0	240.0	156.0	261.0	178.0	183.0	193.0	150.0	192.0	195.0	199.0	164.0	221.0	169.0	258.0	173.0	257.0	255.0	264.0	207.0	298.0	223.0	374.0	180.0	392.0	179.0	20
75.0	201.0	70.0	217.0	95.0	199.0	154.0	161.0	137.0	177.0	174.0	215.0	169.0	236.0	161.0	255.0	182.0	184.0	196.0	154.0	196.0	195.0	202.0	167.0	222.0	171.0	259.0	174.0	260.0	251.0	265.0	206.0	290.0	220.0	302.0	219.0	367.0	178.0	20
78.0	198.0	71.0	214.0	96.0	196.0	158.0	157.0	138.0	175.0	176.0	214.0	171.0	234.0	162.0	252.0	181.0	184.0	196.0	155.0	199.0	196.0	201.0	167.0	225.0	172.0	264.0	176.0	258.0	250.0	263.0	206.0	289.0	221.0	300.0	220.0	363.0	182.0	20
72.0	200.0	68.0	217.0	94.0	197.0	155.0	159.0	136.0	176.0	173.0	214.0	171.0	237.0	162.0	255.0	184.0	185.0	194.0	154.0	195.0	194.0	202.0	168.0	224.0	173.0	264.0	176.0	256.0	252.0	258.0	204.0	287.0	221.0	301.0	221.0	368.0	181.0	20
72.0	199.0	67.0	215.0	95.0	196.0	152.0	159.0	137.0	175.0	174.0	212.0	172.0	236.0	162.0	254.0	183.0	184.0	195.0	155.0	197.0	195.0	201.0	167.0	225.0	172.0	263.0	175.0	257.0	251.0	264.0	204.0	289.0	219.0	300.0	219.0	366.0	178.0	20
74.0	203.0	67.0	219.0	93.0	200.0	156.0	162.0	141.0	176.0	176.0	240.0	178.0	217.0	168.0	261.0	123.0	180.0	202.0	154.0	187.0	185.0	202.0	197.0	208.0	168.0	227.0	172.0	263.0	175.0	263.0	253.0	266.0	205.0	298.0	219.0	371.0	178.0	20
74.0	202.0	68.0	217.0	93.0	200.0	152.0	162.0	137.0	176.0	173.0	213.0	171.0	236.0	163.0	255.0	182.0	184.0	194.0	155.0	196.0	195.0	201.0	167.0	224.0	172.0	261.0	175.0	260.0	250.0	263.0	205.0	289.0	219.0	300.0	219.0	365.0	180.0	20
77.0	200.0	70.0	215.0	97.0	197.0	155.0	160.0	135.0	176.0	176.0	213.0	172.0	236.0	165.0	255.0	180.0	183.0	196.0	154.0	200.0	196.0	202.0	167.0	223.0	172.0	264.0	176.0	256.0	250.0	262.0	205.0	287.0	220.0	299.0	219.0	362.0	181.0	20
68.0	199.0	62.0	215.0	87.0	196.0	150.0	158.0	131.0	175.0	170.0	214.0	166.0	237.0	157.0	256.0	178.0	183.0	195.0	153.0	193.0	195.0	201.0	166.0	221.0	171.0	264.0	175.0	258.0	252.0	261.0	207.0	288.0	221.0	302.0	220.0	370.0	180.0	20
76.0	200.0	72.0	214.0	94.0	198.0	157.0	161.0	139.0	179.0	174.0	213.0	170.0	234.0	164.0	251.0	178.0	184.0	196.0	157.0	196.0	196.0	202.0	169.0	220.0	173.0	262.0	176.0	257.0	246.0	262.0	204.0	286.0	218.0	300.0	219.0	365.0	184.0	21
74.0	201.0	71.0	214.0	95.0	199.0	160.0	157.0	136.0	178.0	173.0	215.0	168.0	237.0	160.0	255.0	178.0	184.0	199.0	153.0	195.0	194.0	204.0	165.0	221.0	169.0	261.0	174.0	252.0	251.0	261.0	205.0	286.0	220.0	296.0	220.0	368.0	187.0	21
75.0	199.0	70.0	216.0	94.0	197.0	157.0	161.0	138.0	177.0	171.0	214.0	167.0	235.0	159.0	253.0	180.0	186.0	196.0	155.0	192.0	196.0	203.0	168.0	224.0	173.0	273.0	177.0	254.0	249.0	262.0	206.0	287.0	221.0	300.0	220.0	368.0	183.0	21
75.0	198.0	70.0	212.0	96.0	196.0	162.0	158.0	141.0	176.0	173.0	211.0	168.0	233.0	161.0	250.0	181.0	183.0	197.0	155.0	194.0	192.0	204.0	166.0	222.0	171.0	262.0	175.0	253.0	247.0	261.0	205.0	284.0	219.0	296.0	219.0	364.0	183.0	21
77.0	198.0	72.0	212.0	96.0	196.0	161.0	158.0	141.0	177.0	174.0	212.0	170.0	233.0	162.0	250.0	178.0	183.0	199.0	156.0	194.0	194.0	205.0	167.0	223.0	172.0	265.0	176.0	253.0	247.0	259.0	204.0	282.0	218.0	296.0	218.0	359.0	184.0	21
77.0	201.0	72.0	216.0	98.0	198.0	161.0	160.0	140.0	178.0	175.0	214.0	170.0	236.0	162.0	254.0	179.0	184.0	197.0	154.0	196.0	195.0	204.0	166.0	221.0	170.0	265.0	175.0	254.0	250.0	263.0	206.0	287.0	220.0	299.0	221.0	365.0	184.0	21
78.0	201.0	73.0	215.0	97.0	198.0	160.0	162.0	140.0	178.0	175.0	213.0	172.0	236.0	163.0	253.0	183.0	186.0	195.0	157.0	198.0	197.0	201.0	169.0	221.0	173.0	261.0	175.0	256.0	251.0	261.0	205.0	288.0	221.0	303.0	221.0	366.0	179.0	21
75.0	200.0	68.0	214.0	96.0	197.0	159.0	160.0	140.0	177.0	174.0	213.0	169.0	235.0	162.0	252.0	184.0	186.0	197.0	156.0	194.0	194.0	204.0	169.0	225.0	174.0	263.0	176.0	258.0	249.0	261.0	204.0	289.0	220.0	301.0	219.0	367.0	180.0	21
65.0	200.0	62.0	210.0	89.0	196.0	155.0	158.0	130.0	177.0	171.0	213.0	165.0	235.0	157.0	253.0	175.0	184.0	194.0	154.0	193.0	196.0	202.0	165.0	222.0	171.0	267.0	174.0	258.0	251.0	263.0	205.0	288.0	219.0	301.0	217.0	370.0	178.0	21
73.0	200.0	68.0	215.0	97.0	197.0	160.0	161.0	140.0	177.0	173.0	213.0	168.0	236.0	160.0	253.0	179.0	185.0	200.0	156.0	194.0	196.0	207.0	169.0	229.0	174.0	272.0	178.0	254.0	251.0	263.0	207.0	287.0	221.0	300.0	221.0	371.0	185.0	21
79.0	200.0	74.0	215.0	102.0	198.0	162.0	162.0	141.0	178.0	174.0	214.0	170.0	237.0	160.0	253.0	182.0	186.0	200.0	155.0	196.0	197.0	205.0	169.0	224.0	174.0	267.0	178.0	255.0	252.0	262.0	207.0	286.0	221.0	297.0	220.0	365.0	184.0	21
74.0	200.0	70.0	216.0	96.0	198.0	160.0	160.0	140.0	177.0	173.0	214.0	169.0	236.0	160.0	253.0	180.0	184.0	198.0	154.0	195.0	195.0	206.0	167.0	226.0	173.0	266.0	177.0	252.0	250.0	261.0	205.0	285.0	220.0	297.0	220.0	364.0	186.0	21
69.0	200.0	64.0	216.0	92.0	197.0	157.0	158.0	135.0	176.0	174.0	214.0	167.0	237.0	158.0	253.0	179.0	183.0	195.0	153.0	198.0	195.0	202.0	166.0	223.0	171.0	270.0	176.0	262.0	250.0	261.0	203.0	291.0	220.0	303.0	220.0	371.0	183.0	21
72.0	200.0	67.0	215.0	95.0	198.0	160.0	161.0	141.0	178.0	174.0	213.0	171.0	235.0	163.0	254.0	180.0	185.0	197.0	155.0	194.0	195.0	207.0	168.0	227.0	173.0	266.0	177.0	254.0	250.0	261.0	205.0	286.0	220.0	299.0	221.0	372.0	186.0	21
79.0	199.0	73.0	214.0	98.0	197.0	159.0	160.0	141.0	178.0	175.0	211.0	171.0	233.0	164.0	250.0	180.0	185.0	196.0	156.0	193.0	194.0	203.0	167.0	217.0	170.0	259.0	175.0	253.0	245.0	259.0	203.0	284.0	218.0	296.0	217.0	359.0	184.0	21
76.0	201.0	71.0	217.0	98.0	199.0	160.0	161.0	138.0	178.0	176.0	214.0	171.0	237.0	165.0	254.0	182.0	186.0	199.0	156.0	196.0	197.0	205.0	168.0	224.0	172.0	270.0	176.0	257.0	251.0	265.0	207.0	287.0	220.0	301.0	220.0	367.0	185.0	21
78.0	202.0	69.0	216.0	93.0	200.0	159.0	161.0	137.0	178.0	174.0	215.0	169.0	236.0	161.0	254.0	178.0	184.0	200.0	155.0	194.0	196.0	204.0	167.0	221.0	171.0	263.0	176.0	256.0	250.0	261.0	206.0	284.0	220.0	298.0	220.0	368.0	188.0	21
76.0	198.0	72.0	213.0	96.0	197.0	158.0	157.0	139.0	175.0	173.0	211.0	168.0	233.0	161.0	250.0	178.0	182.0	196.0	154.0	191.0	193.0	203.0	165.0	222.0	170.0	267.0	175.0	254.0	246.0	261.0	205.0	286.0	219.0	297.0	218.0	365.0	182.0	21
73.0	198.0	66.0	213.0	93.0	196.0	160.0	157.0	140.0	175.0	174.0	212.0	170.0	234.0	161.0	254.0	180.0	182.0	196.0	153.0	195.0	192.0	204.0	166.0	221.0	171.0	263.0	175.0	253.0	250.0	263.0	205.0	286.0	218.0	298.0	218.0	367.0	186.0	21
74.0	201.0	69.0	216.0	97.0	198.0	160.0	160.0	139.0	178.0	175.0	214.0	170.0	236.0	161.0	254.0	180.0	184.0	197.0	154.0	196.0	197.0	203.0	167.0	222.0	172.0	263.0	175.0	255.0	250.0	261.0	205.0	285.0	220.0	298.0	220.0	370.0	184.0	21
69.0	201.0	63.0	216.0	94.0	199.0	156.0	162.0	137.0	178.0	173.0	214.0	171.0	237.0	165.0	256.0	178.0	184.0	195.0	155.0	195.0	196.0	202.0	167.0	224.0	172.0	268.0	175.0	259.0	251.0	265.0	205.0	289.0	220.0	301.0	220.0	373.0	181.0	21
74.0	198.0	68.0	213.0	95.0	196.0	158.0	154.0	138.0	174.0	171.0	210.0	168.0	234.0	160.0	252.0	177.0	180.0	196.0	150.0	191.0	190.0	203.0	162.0	218.0	166.0	262.0	171.0	254.0	247.0	262.0	202.0	287.0	217.0	299.0	217.0	368.0	183.0	21
75.0	201.0	70.0	217.0	96.0	199.0	161.0	157.0	137.0	177.0	173.0	213.0	169.0	237.0	161.0	255.0	179.0	183.0	198.0	152.0	193.0	193.0	204.0	165.0	219.0	169.0	262.0	174.0	254.0	250.0	260.0	205.0	285.0	220.0	297.0	220.0	367.0	185.0	21
78.0	201.0	74.0	217.0	98.0	198.0	160.0	161.0	140.0	179.0	174.0	215.0	170.0	236.0	163.0	254.0	181.0	186.0	196.0	156.0	196.0	197.0	204.0	169.0	226.0	174.0	271.0	177.0	259.0	250.0	262.0	206.0	287.0	220.0	299.0	219.0	368.0	180.0	21
80.0	201.0	75.0	217.0	102.0	199.0	162.0	161.0	142.0	179.0	176.0	214.0	172.0	235.0	164.0	252.0	181.0	185.0	198.0	156.0	198.0	198.0	206.0	169.0	223.0	173.0	262.0	176.0	253.0	247.0	258.0	205.0	281.0	220.0	294.0	219.0	363.0	189.0	21
58.0	200.0	51.0	216.0	85.0	197.0	153.0	156.0	134.0	174.0	174.0	215.0	169.0	240.0	160.0	259.0	180.0	182.0	197.0	149.0	196.0	194.0	206.0	164.0	228.0	169.0	276.0	173.0	263.0	256.0	273.0	205.0	300.0	222.0	314.0	221.0	392.0	180.0	21
72.0	200.0	66.0	213.0	92.0	197.0	157.0	158.0	138.0	176.0	174.0	212.0	168.0	234.0	162.0	251.0	177.0	183.0	195.0	154.0	197.0	194.0	201.0	165.0	220.0	170.0	266.0	175.0	255.0	246.0	262.0	203.0	283.0	216.0	296.0	216.0	368.0	186.0	21
73.0	202.0	68.0	216.0	96.0	198.0	160.0	159.0	138.0	177.0	174.0	212.0	169.0	235.0	162.0	252.0	181.0	184.0	197.0	155.0	196.0	194.0	203.0	166.0	219.0	170.0	261.0	174.0	259.0	248.0	263.0	203.0	288.0	218.0	299.0	217.0	366.0	184.0	21
76.0	200.0	70.0	214.0	100.0	198.0	159.0	163.0	142.0	179.0	175.0	214.0	172.0	234.0	163.0	251.0	181.0	186.0	195.0	157.0	195.0	195.0	204.0	169.0	223.0	174.0	263.0	177.0	253.0	248.0	261.0	206.0	283.0	220.0	296.0	219.0	363.0	183.0	21
76.0	199.0	70.0	213.0	97.0	197.0	162.0	159.0	139.0	177.0	173.0	212.0	169.0	233.0	163.0	249.0	177.0	183.0	197.0	155.0	194.0	195.0	203.0	167.0	218.0	171.0	265.0	175.0	256.0	246.0	259.0	203.0	284.0	219.0	298.0	218.0	365.0	185.0	21
77.0	199.0	72.0	215.0	97.0	196.0	160.0	159.0	140.0	177.0	173.0	213.0	168.0	235.0	159.0	252.0	180.0	184.0	199.0	155.0	195.0	195.0	204.0	167.0	223.0	172.0	263.0	175.0	253.0	251.0	262.0	207.0	283.0	220.0	296.0	220.0	363.0	183.0	21
71.0	199.0	65.0	214.0	93.0	198.0	155.0	162.0	138.0	177.0	171.0	214.0	167.0	236.0	159.0	253.0	178.0	184.0	198.0	155.0	195.0	195.0	204.0	168.0	226.0	173.0	274.0	177.0	257.0	252.0	269.0	209.0	290.0	222.0	303.0	221.0	369.0	180.0	21
75.0	200.0	70.0	214.0	96.0	197.0	159.0	160.0	138.0	178.0	174.0	212.0	169.0	235.0	160.0	252.0	180.0	185.0	195.0	156.0	194.0	195.0	204.0	168.0	223.0	173.0	263.0	175.0	255.0	249.0	263.0	207.0	286.0	219.0	298.0	219.0	366.0	179.0	21
77.0	199.0	73.0	216.0	97.0	197.0	159.0	159.0	140.0	177.0	174.0	213.0	168.0	234.0	159.0	252.0	182.0	184.0	199.0	155.0	194.0	194.0	204.0	166.0	225.0	171.0	271.0	176.0	255.0	249.0	264.0	205.0	290.0	221.0	302.0	221.0	370.0	184.0	21
72.0	200.0	66.0	215.0	98.0	198.0	159.0	159.0	138.0	177.0	175.0	213.0	173.0	237.0	164.0	256.0	180.0	184.0	197.0	153.0	195.0	196.0	206.0	167.0	226.0	172.0	265.0	176.0	254.0	252.0	261.0	205.0	285.0	220.0	297.0	220.0	368.0	182.0	21
76.0	199.0	71.0	212.0	97.0	195.0	160.0	160.0	138.0	178.0	175.0	210.0	169.0	233.0	162.0	250.0	180.0	185.0	195.0	155.0	194.0	195.0	203.0	167.0	221.0	171.0	268.0	177.0	257.0	246.0	260.0	203.0	284.0	218.0	296.0	219.0	365.0	184.0	21
79.0	198.0	74.0	212.0	100.0	195.0	161.0	159.0	141.0	176.0	175.0	212.0	170.0	232.0	163.0	250.0	179.0	183.0	198.0	156.0	196.0	195.0	204.0	167.0	223.0	172.0	262.0	176.0	253.0	246.0	261.0	205.0	283.0	219.0	297.0	219.0	364.0	183.0	21
70.0	200.0	65.0	217.0	93.0	198.0	157.0	158.0	136.0	176.0	175.0	214.0	168.0	236.0	159.0	253.0	180.0	183.0	196.0	154.0	199.0	195.0	203.0	165.0	223.0	171.0	271.0	175.0	262.0	249.0	263.0	204.0	291.0	220.0	304.0	219.0	372.0	181.0	21
76.0	199.0	70.0	214.0	94.0	196.0	161.0	158.0	140.0	175.0	173.0	212.0	168.0	233.0	159.0	252.0	181.0	183.0	198.0	154.0	196.0	194.0	205.0	166.0	223.0	171.0	269.0	175.0	255.0	250.0	265.0	206.0	288.0	221.0	302.0	220.0	368.0	185.0	21
81.0	200.0	75.0	214.0	100.0	197.0	162.0	162.0	142.0	179.0	177.0	213.0	173.0	235.0	165.0	251.0	183.0	186.0	199.0	157.0	197.0	196.0	206.0	170.0	223.0	174.0	264.0	177.0	258.0	250.0	262.0	205.0	286.0	219.0	298.0	218.0	363.0	180.0	21
75.0	198.0	70.0	213.0	96.0	196.0	158.0	161.0	138.0	177.0	172.0	212.0	167.0	234.0	159.0	251.0	179.0	185.0	195.0	155.0	192.0	195.0	203.0	168.0	220.0	172.0	260.0	175.0	254.0	249.0	256.0	204.0	283.0	219.0	296.0	219.0	361.0	178.0	21
78.0	197.0	73.0	209.0	98.0	194.0	141.0	175.0	182.0	183.0	176.0	211.0	170.0	232.0	163.0	249.0	199.0	156.0	206.0	168.0	197.0	194.0	224.0	172.0	261.0	205.0	264.0	177.0	256.0	248.0	278.0	215.0	280.0	227.0	297.0	219.0	364.0	189.0	21
76.0	199.0	70.0	215.0	99.0	197.0	161.0	160.0	141.0	177.0	174.0	214.0	171.0	237.0	162.0	255.0	180.0	185.0	202.0	154.0	194.0	195.0	207.0	168.0	226.0	173.0	265.0	177.0	253.0	251.0	260.0	205.0	284.0	220.0	297.0	220.0	368.0	185.0	21
73.0	202.0	67.0	216.0	94.0	200.0	160.0	159.0	137.0	177.0	172.0	214.0	167.0	236.0	158.0	253.0	179.0	184.0	196.0	154.0	196.0	196.0	203.0	167.0	222.0	172.0	264.0	175.0	256.0	250.0	259.0	201.0	288.0	219.0	300.0	219.0	373.0	191.0	21
81.0	198.0	77.0	212.0	103.0	196.0	164.0	159.0	143.0	177.0	178.0	211.0	172.0	231.0	166.0	248.0	183.0	184.0	200.0	156.0	201.0	196.0	206.0	168.0	224.0	173.0	265.0	178.0	258.0	245.0	262.0	205.0	284.0	219.0	296.0	218.0	363.0	190.0	21
77.0	199.0	70.0	214.0	98.0	196.0	158.0	160.0	140.0	176.0	175.0	212.0	171.0	235.0	165.0	254.0	181.0	184.0	199.0	154.0	197.0	196.0	205.0	167.0	225.0	172.0	267.0	176.0	256.0	246.0	260.0	203.0	287.0	220.0	301.0	220.0	371.0	186.0	22
76.0	200.0	67.0	215.0	97.0	197.0	158.0	160.0	139.0	177.0	175.0	213.0	171.0	236.0	165.0	254.0	178.0	184.0	200.0	155.0	195.0	195.0	207.0	167.0	225.0	173.0	265.0	176.0	257.0	249.0	261.0	204.0	286.0	219.0	298.0	219.0	372.0	182.0	22
64.0	198.0	57.0	215.0	89.0	197.0	154.0	160.0	136.0	176.0	174.0	215.0	168.0	237.0	158.0	257.0	178.0	185.0	196.0	153.0	194.0	196.0	204.0	166.0	222.0	171.0	270.0	174.0	260.0	253.0	267.0	205.0	294.0	220.0	305.0	219.0	382.0	179.0	22
72.0	199.0	67.0	216.0	93.0	197.0	159.0	158.0	138.0	176.0	175.0	215.0	168.0	238.0	160.0	257.0	182.0	183.0	197.0	152.0	198.0	197.0	205.0	165.0	228.0	171.0	265.0	175.0	258.0	255.0	267.0	208.0	288.0	220.0	302.0	220.0	374.0	180.0	22
71.0	200.0	64.0	216.0	94.0	197.0	156.0	160.0	134.0	178.0	172.0	213.0	168.0	235.0	161.0	254.0	173.0	182.0	195.0	153.0	194.0	195.0	201.0	165.0	223.0	171.0	265.0	174.0	257.0	250.0	263.0	205.0	281.0	218.0	300.0	219.0	374.0	177.0	22
77.0	200.0	71.0	215.0	100.0	198.0	160.0	160.0	140.0	177.0	173.0	214.0	168.0	236.0	161.0	255.0	178.0	185.0	196.0	154.0	191.0	195.0	203.0	167.0	223.0	172.0	266.0	175.0	254.0	251.0	262.0	205.0	286.0	221.0	299.0	221.0	368.0	184.0	22
75.0	200.0	68.0	217.0	96.0	198.0	157.0	161.0	139.0	177.0	174.0	214.0	169.0	236.0	161.0	254.0	178.0	184.0	195.0	154.0	196.0	196.0	203.0	167.0	221.0	172.0	267.0	175.0	256.0	251.0	264.0	206.0	289.0	220.0	303.0	220.0	371.0	181.0	22
81.0	200.0	74.0	214.0	103.0	197.0	163.0	163.0	143.0	179.0	177.0	214.0	172.0	234.0	163.0	251.0	183.0	186.0	200.0	158.0	199.0	199.0	206.0	169.0	227.0	175.0	263.0	178.0	254.0	249.0	260.0	207.0	282.0	222.0	295.0	221.0	364.0	185.0	22
72.0	198.0	65.0	213.0	95.0	196.0	160.0	158.0	137.0	177.0	173.0	213.0	169.0	235.0	159.0	253.0	181.0	185.0	195.0	154.0	194.0	195.0	203.0	168.0	227.0	174.0	266.0	177.0	256.0	250.0	263.0	205.0	285.0	219.0	298.0	220.0	369.0	183.0	22
64.0	199.0	56.0	215.0	89.0	197.0	154.0	156.0	132.0	176.0	168.0	216.0	162.0	240.0	151.0	259.0	177.0	184.0	195.0	152.0	192.0	196.0	201.0	166.0	226.0	173.0	270.0	175.0	257.0	259.0	267.0	204.0	290.0	223.0	306.0	224.0	382.0	181.0	22
71.0	200.0	64.0	215.0	93.0	198.0	155.0	161.0	136.0	177.0	175.0	214.0	171.0	237.0	163.0	255.0	177.0	184.0	196.0	155.0	195.0	196.0	203.0	167.0	224.0	172.0	267.0	175.0	259.0	250.0	264.0	205.0	290.0	220.0	302.0	219.0	372.0	181.0	22
71.0	199.0	66.0	217.0	93.0	197.0	158.0	158.0	137.0	176.0	175.0	216.0	168.0	239.0	159.0	257.0	182.0	184.0	197.0	153.0	197.0	197.0	204.0	165.0	227.0	171.0	265.0	175.0	257.0	256.0	266.0	208.0	287.0	221.0	301.0	220.0	373.0	181.0	22
80.0	199.0	76.0	214.0	101.0	197.0	162.0	161.0	142.0	177.0	175.0	212.0	170.0	234.0	162.0	251.0	182.0	186.0	199.0	156.0	197.0	196.0	205.0	169.0	227.0	175.0	260.0	177.0	253.0	248.0	260.0	206.0	281.0	220.0	292.0	219.0	364.0	184.0	22
71.0	202.0	66.0	219.0	94.0	198.0	155.0	161.0	133.0	179.0	174.0	214.0	169.0	236.0	160.0	254.0	175.0	184.0	195.0	153.0	194.0	196.0	200.0	166.0	221.0	172.0	265.0	173.0	257.0	251.0	265.0	206.0	288.0	221.0	305.0	221.0	375.0	180.0	22
36.0	189.0	54.0	194.0	99.0	260.0	202.0	172.0	180.0	178.0	139.0	182.0	145.0	208.0	114.0	225.0	211.0	160.0	208.0	202.0	214.0	213.0	228.0	189.0	231.0	219.0	248.0	162.0	235.0	241.0	266.0	180.0	308.0	201.0	333.0	203.0	339.0	218.0	22
71.0	199.0	63.0	215.0	95.0	198.0	156.0	161.0	138.0	177.0	172.0	216.0	168.0	237.0	159.0	256.0	181.0	185.0	199.0	153.0	193.0	196.0	204.0	166.0	226.0	172.0	266.0	175.0	257.0	252.0	264.0	206.0	289.0	222.0	303.0	222.0	375.0	182.0	22
71.0	201.0	63.0	215.0	92.0	199.0	154.0	159.0	135.0	177.0	175.0	215.0	168.0	237.0	157.0	255.0	179.0	184.0	196.0	152.0	199.0	197.0	202.0	166.0	225.0	172.0	271.0	176.0	259.0	254.0	266.0	205.0	292.0	222.0	306.0	221.0	377.0	180.0	22
60.0	202.0	54.0	219.0	86.0	199.0	153.0	157.0	131.0	177.0	172.0	217.0	169.0	241.0	158.0	261.0	174.0	184.0	194.0	151.0	195.0	197.0	201.0	164.0	227.0	171.0	270.0	174.0	266.0	257.0	268.0	205.0	296.0	222.0	311.0	220.0	392.0	179.0	22
75.0	200.0	69.0	216.0	94.0	198.0	160.0	161.0	138.0	177.0	174.0	215.0	170.0	236.0	160.0	255.0	180.0	184.0	197.0	154.0	194.0	194.0	203.0	167.0	226.0	172.0	267.0	176.0	256.0	250.0	262.0	205.0	287.0	221.0	300.0	221.0	368.0	184.0	22
81.0	197.0	73.0	213.0	103.0	196.0	159.0	160.0	140.0	177.0	177.0	213.0	174.0	236.0	164.0	254.0	179.0	183.0	196.0	154.0	198.0	196.0	203.0	167.0	224.0	172.0	264.0	176.0	257.0	250.0	263.0	205.0	285.0	219.0	298.0	219.0	365.0	179.0	22
80.0	197.0	76.0	213.0	103.0	195.0	161.0	160.0	143.0	176.0	175.0	212.0	171.0	235.0	162.0	252.0	181.0	184.0	197.0	155.0	197.0	195.0	205.0	169.0	225.0	174.0	261.0	176.0	254.0	250.0	260.0	205.0	285.0	220.0	296.0	219.0	363.0	182.0	22
73.0	201.0	68.0	216.0	94.0	198.0	158.0	160.0	139.0	176.0	176.0	214.0	172.0	236.0	164.0	253.0	180.0	184.0	196.0	154.0	197.0	196.0	204.0	166.0	223.0	171.0	264.0	176.0	255.0	249.0	262.0	204.0	286.0	220.0	298.0	219.0	371.0	183.0	22
74.0	200.0	66.0	214.0	96.0	198.0	157.0	162.0	139.0	177.0	175.0	214.0	170.0	236.0	160.0	254.0	177.0	184.0	195.0	154.0	194.0	196.0	203.0	167.0	225.0	172.0	262.0	175.0	256.0	252.0	263.0	205.0	287.0	221.0	299.0	221.0	369.0	182.0	22
74.0	199.0	66.0	213.0	98.0	196.0	156.0	161.0	140.0	177.0	172.0	214.0	168.0	235.0	158.0	254.0	179.0	185.0	197.0	154.0	194.0	196.0	203.0	168.0	222.0	173.0	265.0	176.0	256.0	252.0	261.0	206.0	287.0	220.0	299.0	220.0	372.0	179.0	22
75.0	199.0	69.0	216.0	96.0	197.0	157.0	160.0	138.0	177.0	173.0	215.0	168.0	237.0	160.0	256.0	178.0	184.0	202.0	152.0	194.0	195.0	207.0	166.0	226.0	172.0	266.0	176.0	256.0	251.0	263.0	205.0	289.0	221.0	300.0	221.0	373.0	184.0	22
81.0	199.0	76.0	215.0	103.0	197.0	161.0	163.0	142.0	180.0	176.0	212.0	173.0	233.0	165.0	250.0	180.0	184.0	199.0	157.0	196.0	195.0	203.0	169.0	225.0	174.0	264.0	178.0	255.0	246.0	259.0	203.0	284.0	218.0	295.0	218.0	363.0	185.0	22
79.0	200.0	72.0	214.0	99.0	198.0	158.0	162.0	139.0	179.0	175.0	214.0	172.0	235.0	164.0	252.0	178.0	185.0	197.0	157.0	194.0	197.0	203.0	169.0	225.0	174.0	270.0	178.0	253.0	250.0	261.0	205.0	286.0	220.0	302.0	220.0	368.0	182.0	22
76.0	199.0	69.0	213.0	99.0	196.0	157.0	161.0	139.0	177.0	175.0	213.0	172.0	234.0	165.0	251.0	179.0	185.0	199.0	155.0	192.0	193.0	205.0	168.0	224.0	173.0	264.0	176.0	255.0	247.0	261.0	203.0	285.0	218.0	297.0	218.0	370.0	182.0	22
78.0	199.0	73.0	214.0	98.0	197.0	160.0	161.0	140.0	177.0	177.0	215.0	172.0	238.0	162.0	255.0	181.0	185.0	198.0	156.0	200.0	196.0	204.0	168.0	226.0	174.0	262.0	176.0	254.0	251.0	259.0	204.0	285.0	220.0	299.0	220.0	370.0	184.0	22
71.0	198.0	64.0	213.0	92.0	195.0	156.0	159.0	134.0	176.0	172.0	213.0	168.0	235.0	161.0	254.0	178.0	184.0	197.0	154.0	193.0	195.0	205.0	167.0	224.0	171.0	272.0	175.0	254.0	249.0	262.0	203.0	288.0	218.0	301.0	218.0	377.0	182.0	22
67.0	198.0	60.0	214.0	92.0	196.0	157.0	159.0	137.0	176.0	173.0	215.0	168.0	238.0	157.0	255.0	178.0	184.0	196.0	152.0	195.0	196.0	204.0	166.0	227.0	172.0	270.0	176.0	256.0	256.0	266.0	208.0	291.0	223.0	303.0	223.0	373.0	178.0	22
70.0	199.0	64.0	216.0	91.0	197.0	159.0	160.0	137.0	176.0	172.0	213.0	167.0	236.0	158.0	255.0	177.0	183.0	197.0	153.0	197.0	197.0	204.0	166.0	225.0	172.0	268.0	175.0	254.0	253.0	264.0	206.0	288.0	220.0	302.0	221.0	373.0	183.0	22
79.0	199.0	72.0	213.0	98.0	197.0	163.0	160.0	142.0	177.0	175.0	212.0	171.0	233.0	163.0	250.0	181.0	184.0	199.0	155.0	197.0	195.0	207.0	168.0	225.0	172.0	264.0	176.0	256.0	248.0	261.0	204.0	287.0	219.0	300.0	219.0	368.0	183.0	22
75.0	199.0	68.0	213.0	97.0	196.0	159.0	161.0	138.0	178.0	175.0	214.0	172.0	235.0	163.0	253.0	180.0	185.0	196.0	156.0	197.0	197.0	203.0	168.0	226.0	174.0	266.0	175.0	257.0	250.0	264.0	205.0	285.0	218.0	298.0	218.0	368.0	180.0	22
77.0	197.0	70.0	213.0	99.0	195.0	160.0	156.0	139.0	176.0	174.0	212.0	170.0	235.0	162.0	252.0	179.0	182.0	198.0	152.0	195.0	194.0	205.0	165.0	223.0	170.0	265.0	174.0	254.0	249.0	258.0	202.0	285.0	219.0	298.0	219.0	371.0	184.0	22
81.0	199.0	74.0	213.0	103.0	197.0	161.0	161.0	142.0	179.0	174.0	214.0	168.0	236.0	158.0	252.0	182.0	186.0	198.0	157.0	196.0	197.0	204.0	170.0	226.0	175.0	265.0	178.0	253.0	251.0	263.0	206.0	283.0	221.0	296.0	221.0	364.0	184.0	22
73.0	199.0	67.0	215.0	95.0	197.0	156.0	158.0	138.0	176.0	173.0	214.0	169.0	236.0	159.0	255.0	182.0	185.0	196.0	154.0	195.0	196.0	202.0	167.0	227.0	174.0	269.0	177.0	255.0	253.0	259.0	204.0	287.0	221.0	300.0	220.0	368.0	181.0	22
71.0	199.0	65.0	215.0	90.0	197.0	156.0	161.0	134.0	178.0	173.0	214.0	171.0	237.0	164.0	255.0	175.0	183.0	195.0	154.0	194.0	196.0	203.0	166.0	224.0	172.0	268.0	175.0	259.0	251.0	261.0	203.0	290.0	219.0	302.0	219.0	376.0	180.0	22
71.0	197.0	64.0	214.0	93.0	195.0	158.0	160.0	139.0	176.0	172.0	216.0	168.0	238.0	157.0	256.0	180.0	185.0	201.0	152.0	197.0	197.0	207.0	166.0	226.0	172.0	268.0	176.0	255.0	255.0	265.0	207.0	288.0	222.0	302.0	222.0	372.0	179.0	22
79.0	197.0	72.0	214.0	103.0	195.0	163.0	160.0	142.0	176.0	174.0	214.0	169.0	236.0	159.0	254.0	180.0	184.0	200.0	154.0	199.0	198.0	206.0	167.0	225.0	172.0	264.0	175.0	253.0	252.0	262.0	208.0	283.0	222.0	294.0	221.0	365.0	183.0	22
69.0	200.0	61.0	216.0	89.0	197.0	157.0	157.0	137.0	175.0	173.0	216.0	167.0	240.0	157.0	258.0	181.0	183.0	198.0	152.0	197.0	196.0	205.0	164.0	229.0	172.0	270.0	176.0	256.0	257.0	265.0	209.0	289.0	222.0	301.0	222.0	375.0	182.0	22
75.0	201.0	69.0	217.0	94.0	198.0	159.0	159.0	139.0	177.0	172.0	213.0	170.0	236.0	162.0	254.0	179.0	183.0	196.0	153.0	194.0	195.0	206.0	167.0	223.0	171.0	262.0	175.0	256.0	249.0	261.0	204.0	286.0	221.0	297.0	220.0	368.0	185.0	22
75.0	200.0	69.0	214.0	101.0	197.0	162.0	162.0	143.0	177.0	177.0	213.0	172.0	233.0	164.0	250.0	184.0	184.0	202.0	156.0	195.0	194.0	208.0	167.0	230.0	173.0	274.0	177.0	259.0	249.0	268.0	207.0	289.0	221.0	303.0	221.0	371.0	182.0	22
80.0	200.0	73.0	215.0	100.0	196.0	158.0	161.0	138.0	177.0	175.0	214.0	171.0	235.0	162.0	254.0	175.0	183.0	200.0	154.0	196.0	197.0	204.0	166.0	225.0	172.0	266.0	174.0	258.0	250.0	262.0	206.0	288.0	220.0	303.0	220.0	371.0	181.0	22
81.0	200.0	76.0	215.0	100.0	198.0	160.0	162.0	143.0	179.0	176.0	213.0	173.0	233.0	166.0	250.0	180.0	186.0	199.0	157.0	196.0	197.0	205.0	169.0	224.0	174.0	260.0	177.0	254.0	245.0	257.0	204.0	282.0	219.0	292.0	218.0	362.0	186.0	22
74.0	200.0	69.0	215.0	95.0	197.0	156.0	161.0	136.0	179.0	172.0	214.0	168.0	236.0	161.0	253.0	178.0	185.0	195.0	156.0	192.0	196.0	203.0	168.0	224.0	173.0	268.0	176.0	256.0	250.0	261.0	204.0	288.0	219.0	301.0	219.0	373.0	183.0	22
75.0	199.0	69.0	215.0	97.0	197.0	157.0	161.0	137.0	177.0	174.0	215.0	168.0	236.0	157.0	254.0	179.0	185.0	197.0	154.0	196.0	197.0	205.0	168.0	225.0	174.0	263.0	177.0	254.0	254.0	263.0	207.0	287.0	223.0	300.0	222.0	370.0	180.0	22
77.0	200.0	70.0	214.0	99.0	197.0	157.0	159.0	139.0	177.0	174.0	213.0	170.0	234.0	162.0	252.0	179.0	184.0	197.0	154.0	194.0	195.0	204.0	167.0	225.0	172.0	263.0	176.0	257.0	248.0	260.0	204.0	286.0	219.0	300.0	219.0	370.0	183.0	22
81.0	198.0	76.0	213.0	102.0	196.0	162.0	161.0	142.0	177.0	177.0	215.0	174.0	237.0	163.0	255.0	181.0	185.0	199.0	156.0	198.0	196.0	203.0	168.0	225.0	174.0	260.0	177.0	252.0	251.0	258.0	205.0	282.0	219.0	296.0	220.0	364.0	184.0	22
72.0	200.0	65.0	214.0	95.0	198.0	158.0	159.0	138.0	176.0	176.0	214.0	172.0	238.0	162.0	256.0	178.0	183.0	200.0	152.0	199.0	197.0	206.0	165.0	224.0	172.0	265.0	176.0	256.0	251.0	260.0	203.0	288.0	220.0	300.0	220.0	375.0	183.0	22
80.0	200.0	71.0	214.0	101.0	198.0	159.0	162.0	141.0	178.0	176.0	213.0	172.0	235.0	165.0	252.0	178.0	184.0	200.0	156.0	195.0	196.0	206.0	168.0	224.0	173.0	262.0	177.0	255.0	247.0	259.0	204.0	283.0	219.0	295.0	218.0	366.0	183.0	22
79.0	200.0	71.0	214.0	99.0	198.0	158.0	164.0	140.0	179.0	174.0	214.0	170.0	234.0	162.0	250.0	179.0	186.0	198.0	157.0	194.0	196.0	203.0	170.0	223.0	175.0	266.0	178.0	255.0	248.0	262.0	207.0	285.0	220.0	298.0	220.0	367.0	183.0	22
65.0	199.0	58.0	214.0	88.0	197.0	156.0	159.0	136.0	175.0	174.0	215.0	168.0	239.0	157.0	258.0	181.0	184.0	195.0	152.0	197.0	196.0	203.0	165.0	228.0	171.0	268.0	175.0	259.0	255.0	268.0	207.0	294.0	222.0	306.0	222.0	380.0	181.0	22
70.0	198.0	64.0	215.0	92.0	196.0	158.0	159.0	137.0	176.0	172.0	216.0	167.0	239.0	157.0	257.0	178.0	185.0	199.0	152.0	197.0	198.0	205.0	166.0	225.0	171.0	268.0	176.0	254.0	256.0	265.0	208.0	288.0	223.0	302.0	223.0	374.0	180.0	22
36.0	167.0	79.0	204.0	74.0	219.0	160.0	162.0	139.0	181.0	176.0	236.0	177.0	214.0	170.0	254.0	100.0	200.0	197.0	155.0	182.0	185.0	196.0	194.0	205.0	167.0	224.0	171.0	262.0	201.0	263.0	247.0	267.0	173.0	297.0	217.0	374.0	176.0	22
70.0	201.0	65.0	217.0	91.0	199.0	157.0	160.0	138.0	177.0	174.0	215.0	171.0	237.0	163.0	255.0	178.0	184.0	197.0	153.0	197.0	197.0	205.0	166.0	222.0	171.0	265.0	175.0	256.0	250.0	261.0	204.0	287.0	220.0	300.0	220.0	374.0	185.0	22
68.0	201.0	59.0	218.0	92.0	198.0	158.0	155.0	137.0	174.0	176.0	213.0	173.0	237.0	165.0	257.0	182.0	181.0	201.0	147.0	196.0	191.0	207.0	160.0	232.0	166.0	277.0	169.0	267.0	249.0	275.0	201.0	301.0	216.0	315.0	215.0	396.0	195.0	22
75.0	199.0	68.0	214.0	95.0	197.0	157.0	159.0	137.0	177.0	174.0	214.0	171.0	236.0	161.0	255.0	179.0	184.0	196.0	153.0	195.0	196.0	202.0	166.0	227.0	171.0	271.0	175.0	257.0	253.0	266.0	206.0	290.0	220.0	302.0	220.0	372.0	180.0	22
68.0	199.0	60.0	215.0	88.0	196.0	157.0	155.0	137.0	174.0	174.0	215.0	167.0	239.0	157.0	257.0	181.0	182.0	198.0	150.0	198.0	195.0	206.0	163.0	230.0	171.0	271.0	175.0	258.0	256.0	266.0	208.0	291.0	222.0	303.0	222.0	378.0	182.0	22
72.0	200.0	66.0	216.0	94.0	198.0	155.0	159.0	134.0	177.0	171.0	214.0	169.0	237.0	161.0	255.0	178.0	184.0	199.0	153.0	192.0	194.0	206.0	166.0	223.0	171.0	265.0	175.0	257.0	251.0	259.0	202.0	289.0	220.0	301.0	220.0	375.0	183.0	22
78.0	199.0	71.0	215.0	99.0	197.0	160.0	161.0	141.0	178.0	177.0	214.0	172.0	235.0	163.0	253.0	182.0	186.0	199.0	156.0	199.0	197.0	206.0	169.0	226.0	175.0	264.0	177.0	255.0	251.0	262.0	205.0	286.0	220.0	298.0	220.0	367.0	181.0	22
69.0	200.0	62.0	216.0	91.0	198.0	151.0	161.0	132.0	176.0	173.0	216.0	166.0	238.0	156.0	257.0	175.0	183.0	193.0	153.0	193.0	196.0	198.0	164.0	219.0	169.0	267.0	173.0	258.0	253.0	263.0	205.0	290.0	220.0	302.0	220.0	375.0	179.0	22
72.0	201.0	67.0	216.0	96.0	198.0	157.0	160.0	138.0	178.0	176.0	215.0	172.0	237.0	163.0	256.0	177.0	184.0	196.0	154.0	197.0	197.0	202.0	166.0	225.0	172.0	265.0	175.0	262.0	251.0	264.0	205.0	289.0	219.0	303.0	218.0	377.0	180.0	22
71.0	199.0	65.0	214.0	92.0	197.0	153.0	160.0	136.0	176.0	172.0	213.0	168.0	236.0	158.0	255.0	178.0	184.0	195.0	154.0	194.0	195.0	200.0	167.0	222.0	172.0	263.0	175.0	258.0	252.0	262.0	204.0	288.0	219.0	300.0	219.0	373.0	179.0	22
81.0	198.0	75.0	214.0	102.0	196.0	163.0	160.0	142.0	178.0	175.0	213.0	173.0	233.0	165.0	251.0	179.0	185.0	199.0	156.0	196.0	196.0	205.0	168.0	224.0	174.0	265.0	177.0	253.0	247.0	258.0	204.0	282.0	219.0	295.0	219.0	366.0	186.0	22
74.0	199.0	68.0	215.0	95.0	196.0	160.0	159.0	138.0	177.0	175.0	213.0	170.0	235.0	162.0	253.0	179.0	183.0	200.0	153.0	199.0	196.0	205.0	165.0	226.0	171.0	267.0	175.0	253.0	250.0	264.0	205.0	287.0	219.0	300.0	219.0	370.0	180.0	22
76.0	200.0	70.0	215.0	98.0	196.0	161.0	160.0	140.0	176.0	175.0	214.0	168.0	236.0	159.0	254.0	180.0	184.0	203.0	154.0	199.0	197.0	208.0	167.0	226.0	172.0	268.0	176.0	254.0	251.0	262.0	207.0	285.0	222.0	300.0	222.0	370.0	182.0	22
78.0	201.0	72.0	215.0	102.0	198.0	163.0	162.0	143.0	179.0	178.0	214.0	174.0	235.0	164.0	252.0	181.0	184.0	205.0	157.0	201.0	198.0	208.0	168.0	228.0	174.0	267.0	178.0	256.0	251.0	267.0	208.0	289.0	224.0	302.0	224.0	373.0	191.0	22
78.0	198.0	70.0	212.0	101.0	197.0	159.0	161.0	141.0	178.0	177.0	212.0	172.0	235.0	163.0	252.0	184.0	186.0	198.0	156.0	195.0	196.0	206.0	169.0	226.0	174.0	270.0	177.0	253.0	250.0	261.0	204.0	287.0	219.0	299.0	218.0	365.0	181.0	22
83.0	201.0	77.0	216.0	103.0	198.0	160.0	161.0	142.0	178.0	176.0	212.0	171.0	232.0	164.0	249.0	182.0	184.0	198.0	154.0	196.0	195.0	204.0	167.0	222.0	172.0	265.0	176.0	256.0	246.0	259.0	203.0	285.0	219.0	298.0	219.0	369.0	182.0	22
82.0	200.0	77.0	215.0	98.0	197.0	159.0	160.0	139.0	177.0	174.0	212.0	171.0	234.0	163.0	251.0	180.0	185.0	198.0	154.0	195.0	196.0	204.0	167.0	224.0	172.0	264.0	176.0	253.0	249.0	259.0	205.0	285.0	220.0	297.0	220.0	369.0	186.0	22
77.0	199.0	70.0	215.0	99.0	197.0	158.0	162.0	141.0	177.0	173.0	214.0	168.0	235.0	160.0	252.0	182.0	186.0	199.0	155.0	195.0	196.0	205.0	167.0	225.0	173.0	262.0	176.0	255.0	250.0	263.0	206.0	286.0	220.0	299.0	221.0	367.0	183.0	22
82.0	199.0	75.0	215.0	105.0	197.0	163.0	162.0	142.0	177.0	176.0	215.0	171.0	236.0	162.0	254.0	181.0	185.0	199.0	156.0	198.0	198.0	205.0	169.0	224.0	174.0	261.0	176.0	253.0	251.0	261.0	208.0	282.0	222.0	294.0	221.0	360.0	182.0	22
83.0	198.0	77.0	214.0	104.0	196.0	162.0	161.0	144.0	177.0	175.0	212.0	173.0	233.0	164.0	250.0	183.0	185.0	199.0	156.0	196.0	195.0	205.0	168.0	226.0	174.0	258.0	175.0	251.0	246.0	259.0	204.0	281.0	218.0	292.0	218.0	360.0	183.0	22
72.0	201.0	66.0	217.0	93.0	198.0	157.0	160.0	138.0	176.0	174.0	214.0	169.0	236.0	162.0	255.0	180.0	184.0	196.0	154.0	196.0	196.0	202.0	167.0	225.0	173.0	263.0	175.0	257.0	250.0	261.0	205.0	289.0	221.0	300.0	221.0	372.0	181.0	22
79.0	201.0	77.0	217.0	98.0	198.0	160.0	163.0	142.0	178.0	176.0	212.0	171.0	234.0	162.0	250.0	182.0	185.0	199.0	158.0	199.0	197.0	203.0	169.0	225.0	175.0	267.0	178.0	255.0	247.0	260.0	206.0	282.0	219.0	295.0	219.0	361.0	185.0	23
76.0	200.0	74.0	215.0	98.0	197.0	162.0	163.0	143.0	178.0	176.0	212.0	173.0	234.0	166.0	250.0	181.0	186.0	197.0	159.0	194.0	197.0	204.0	171.0	225.0	176.0	269.0	179.0	255.0	247.0	264.0	206.0	284.0	218.0	295.0	217.0	367.0	186.0	23
77.0	200.0	71.0	215.0	98.0	197.0	159.0	161.0	139.0	177.0	175.0	214.0	169.0	237.0	161.0	254.0	181.0	185.0	200.0	155.0	194.0	195.0	206.0	168.0	224.0	173.0	268.0	178.0	255.0	251.0	261.0	206.0	284.0	220.0	296.0	220.0	366.0	184.0	23
72.0	200.0	69.0	216.0	96.0	198.0	158.0	162.0	140.0	178.0	172.0	214.0	168.0	236.0	160.0	252.0	179.0	186.0	200.0	156.0	193.0	196.0	205.0	169.0	223.0	173.0	269.0	179.0	253.0	251.0	263.0	207.0	284.0	221.0	299.0	221.0	368.0	186.0	23
76.0	200.0	71.0	216.0	96.0	197.0	165.0	160.0	143.0	177.0	177.0	215.0	170.0	236.0	161.0	254.0	184.0	185.0	199.0	156.0	197.0	196.0	204.0	168.0	225.0	173.0	265.0	178.0	256.0	250.0	261.0	206.0	286.0	220.0	297.0	220.0	365.0	186.0	23
78.0	201.0	73.0	216.0	95.0	199.0	161.0	161.0	141.0	179.0	177.0	213.0	174.0	235.0	165.0	252.0	183.0	186.0	198.0	157.0	197.0	195.0	205.0	169.0	223.0	174.0	261.0	177.0	257.0	247.0	259.0	203.0	284.0	218.0	298.0	218.0	365.0	186.0	23
75.0	202.0	70.0	217.0	98.0	199.0	158.0	161.0	138.0	178.0	175.0	213.0	169.0	234.0	160.0	252.0	182.0	186.0	199.0	156.0	197.0	196.0	205.0	169.0	226.0	174.0	267.0	178.0	254.0	247.0	265.0	207.0	283.0	219.0	299.0	219.0	368.0	187.0	23
77.0	199.0	71.0	214.0	97.0	197.0	160.0	161.0	140.0	178.0	175.0	215.0	166.0	236.0	158.0	253.0	180.0	185.0	200.0	156.0	199.0	197.0	206.0	169.0	223.0	173.0	267.0	178.0	252.0	251.0	263.0	207.0	285.0	222.0	299.0	222.0	365.0	182.0	23
75.0	200.0	71.0	215.0	95.0	198.0	160.0	162.0	142.0	177.0	175.0	213.0	171.0	235.0	162.0	251.0	184.0	186.0	200.0	157.0	195.0	195.0	205.0	169.0	223.0	173.0	267.0	179.0	255.0	247.0	260.0	205.0	283.0	219.0	295.0	219.0	361.0	187.0	23
77.0	200.0	74.0	214.0	95.0	198.0	162.0	162.0	141.0	178.0	174.0	213.0	170.0	235.0	163.0	251.0	179.0	184.0	200.0	157.0	196.0	196.0	205.0	169.0	223.0	174.0	264.0	178.0	254.0	248.0	262.0	206.0	282.0	219.0	295.0	219.0	365.0	186.0	23
77.0	201.0	72.0	217.0	97.0	198.0	162.0	163.0	143.0	179.0	175.0	213.0	168.0	234.0	160.0	251.0	182.0	186.0	199.0	157.0	197.0	198.0	204.0	170.0	223.0	174.0	270.0	178.0	255.0	248.0	265.0	207.0	285.0	220.0	297.0	220.0	369.0	186.0	23
68.0	201.0	63.0	216.0	89.0	198.0	159.0	161.0	138.0	176.0	173.0	214.0	169.0	237.0	161.0	256.0	180.0	185.0	198.0	155.0	193.0	195.0	204.0	168.0	224.0	173.0	268.0	177.0	258.0	251.0	266.0	207.0	290.0	220.0	303.0	220.0	376.0	183.0	23
81.0	200.0	78.0	215.0	103.0	198.0	163.0	163.0	143.0	179.0	176.0	211.0	172.0	233.0	164.0	249.0	183.0	186.0	200.0	158.0	195.0	196.0	206.0	170.0	224.0	174.0	266.0	179.0	251.0	245.0	260.0	206.0	280.0	218.0	292.0	217.0	361.0	188.0	23
77.0	200.0	71.0	216.0	96.0	198.0	159.0	162.0	140.0	178.0	174.0	213.0	170.0	235.0	161.0	251.0	179.0	184.0	199.0	157.0	198.0	196.0	203.0	167.0	222.0	172.0	268.0	178.0	255.0	247.0	262.0	207.0	283.0	220.0	296.0	220.0	366.0	186.0	23
72.0	201.0	68.0	217.0	97.0	197.0	160.0	160.0	139.0	176.0	172.0	213.0	167.0	236.0	159.0	253.0	182.0	185.0	196.0	155.0	193.0	195.0	205.0	168.0	222.0	172.0	267.0	177.0	255.0	249.0	262.0	206.0	285.0	220.0	298.0	220.0	370.0	186.0	23
79.0	200.0	76.0	216.0	97.0	198.0	160.0	162.0	140.0	178.0	176.0	215.0	171.0	236.0	163.0	251.0	180.0	185.0	200.0	156.0	197.0	196.0	204.0	168.0	223.0	172.0	267.0	178.0	257.0	247.0	262.0	207.0	285.0	219.0	297.0	219.0	366.0	186.0	23
69.0	201.0	66.0	217.0	90.0	198.0	160.0	160.0	138.0	176.0	172.0	215.0	167.0	237.0	159.0	255.0	178.0	184.0	199.0	154.0	194.0	195.0	205.0	167.0	226.0	173.0	271.0	177.0	253.0	253.0	265.0	207.0	287.0	221.0	299.0	222.0	371.0	185.0	23
75.0	200.0	71.0	215.0	96.0	198.0	162.0	160.0	141.0	176.0	174.0	213.0	168.0	235.0	159.0	252.0	183.0	185.0	200.0	156.0	195.0	196.0	206.0	168.0	226.0	173.0	269.0	179.0	253.0	249.0	263.0	207.0	283.0	219.0	295.0	220.0	367.0	187.0	23
73.0	200.0	69.0	217.0	95.0	198.0	158.0	159.0	138.0	176.0	173.0	213.0	166.0	236.0	158.0	254.0	182.0	184.0	198.0	154.0	195.0	195.0	205.0	167.0	225.0	172.0	272.0	177.0	255.0	250.0	264.0	205.0	288.0	220.0	300.0	221.0	371.0	186.0	23
69.0	201.0	67.0	217.0	90.0	198.0	156.0	160.0	135.0	176.0	169.0	213.0	163.0	236.0	155.0	252.0	178.0	184.0	193.0	153.0	191.0	195.0	200.0	166.0	219.0	170.0	268.0	176.0	252.0	248.0	260.0	205.0	271.0	234.0	290.0	218.0	370.0	184.0	23
75.0	201.0	70.0	216.0	93.0	199.0	160.0	160.0	140.0	178.0	173.0	215.0	168.0	237.0	160.0	254.0	180.0	185.0	199.0	155.0	195.0	197.0	205.0	167.0	222.0	172.0	266.0	177.0	257.0	251.0	266.0	207.0	286.0	220.0	299.0	219.0	372.0	184.0	23
76.0	200.0	72.0	216.0	97.0	197.0	160.0	162.0	139.0	178.0	173.0	213.0	169.0	233.0	160.0	251.0	181.0	185.0	198.0	156.0	195.0	195.0	206.0	169.0	222.0	174.0	270.0	179.0	253.0	247.0	260.0	205.0	281.0	219.0	293.0	218.0	365.0	188.0	23
77.0	200.0	73.0	215.0	95.0	199.0	159.0	163.0	139.0	179.0	175.0	214.0	169.0	234.0	161.0	251.0	181.0	186.0	197.0	157.0	197.0	197.0	201.0	169.0	221.0	174.0	268.0	178.0	256.0	248.0	265.0	207.0	285.0	219.0	298.0	219.0	365.0	184.0	23
80.0	200.0	75.0	215.0	100.0	198.0	163.0	162.0	144.0	178.0	177.0	213.0	168.0	234.0	160.0	251.0	182.0	185.0	199.0	158.0	198.0	197.0	205.0	170.0	221.0	174.0	264.0	179.0	254.0	249.0	259.0	206.0	283.0	220.0	295.0	220.0	360.0	186.0	23
78.0	201.0	74.0	217.0	96.0	198.0	161.0	160.0	139.0	178.0	175.0	213.0	171.0	234.0	162.0	251.0	180.0	185.0	198.0	156.0	195.0	195.0	204.0	167.0	221.0	171.0	265.0	177.0	255.0	246.0	262.0	205.0	285.0	219.0	295.0	218.0	365.0	186.0	23
80.0	200.0	75.0	213.0	99.0	198.0	164.0	164.0	143.0	180.0	174.0	213.0	169.0	233.0	162.0	248.0	182.0	186.0	202.0	159.0	197.0	197.0	206.0	170.0	222.0	174.0	268.0	179.0	253.0	248.0	261.0	206.0	282.0	219.0	294.0	218.0	362.0	188.0	23
76.0	201.0	72.0	214.0	96.0	199.0	162.0	164.0	142.0	179.0	176.0	212.0	172.0	234.0	164.0	250.0	182.0	187.0	199.0	159.0	195.0	196.0	204.0	170.0	225.0	175.0	266.0	179.0	258.0	246.0	264.0	206.0	284.0	218.0	297.0	218.0	365.0	185.0	23
78.0	200.0	73.0	215.0	100.0	197.0	161.0	162.0	142.0	177.0	175.0	211.0	171.0	233.0	162.0	251.0	182.0	185.0	198.0	158.0	195.0	195.0	205.0	169.0	223.0	174.0	274.0	179.0	253.0	246.0	260.0	205.0	283.0	217.0	295.0	217.0	365.0	188.0	23
81.0	199.0	78.0	215.0	103.0	196.0	163.0	162.0	146.0	177.0	176.0	212.0	172.0	233.0	164.0	249.0	183.0	185.0	200.0	159.0	197.0	196.0	206.0	169.0	225.0	174.0	269.0	179.0	250.0	246.0	258.0	205.0	280.0	218.0	292.0	218.0	361.0	187.0	23
78.0	201.0	72.0	216.0	99.0	199.0	162.0	161.0	143.0	177.0	175.0	213.0	169.0	235.0	160.0	252.0	181.0	186.0	201.0	156.0	196.0	196.0	206.0	169.0	224.0	173.0	265.0	177.0	253.0	249.0	263.0	206.0	285.0	220.0	298.0	220.0	367.0	188.0	23
80.0	201.0	77.0	215.0	100.0	199.0	160.0	164.0	142.0	180.0	175.0	213.0	171.0	235.0	163.0	250.0	183.0	186.0	200.0	158.0	196.0	196.0	205.0	169.0	222.0	174.0	266.0	179.0	253.0	249.0	260.0	205.0	284.0	220.0	297.0	220.0	362.0	186.0	23
78.0	201.0	72.0	215.0	98.0	199.0	160.0	163.0	141.0	178.0	173.0	213.0	170.0	235.0	161.0	250.0	182.0	186.0	198.0	157.0	196.0	196.0	204.0	169.0	223.0	174.0	268.0	179.0	253.0	247.0	261.0	206.0	283.0	220.0	295.0	219.0	364.0	187.0	23
80.0	200.0	74.0	214.0	98.0	198.0	162.0	162.0	140.0	179.0	176.0	214.0	171.0	234.0	162.0	250.0	181.0	186.0	198.0	157.0	194.0	195.0	205.0	169.0	223.0	174.0	264.0	177.0	254.0	247.0	260.0	206.0	282.0	218.0	295.0	218.0	363.0	186.0	23
70.0	199.0	66.0	216.0	90.0	197.0	158.0	160.0	138.0	177.0	171.0	215.0	165.0	236.0	157.0	253.0	180.0	186.0	198.0	155.0	196.0	197.0	203.0	167.0	223.0	172.0	264.0	177.0	252.0	251.0	262.0	207.0	285.0	221.0	297.0	221.0	373.0	184.0	23
79.0	202.0	74.0	216.0	99.0	199.0	159.0	162.0	139.0	179.0	176.0	214.0	171.0	236.0	164.0	251.0	180.0	185.0	198.0	156.0	198.0	196.0	203.0	168.0	222.0	173.0	268.0	178.0	257.0	248.0	263.0	206.0	284.0	219.0	297.0	218.0	366.0	186.0	23
79.0	200.0	75.0	215.0	98.0	197.0	161.0	163.0	140.0	179.0	176.0	212.0	173.0	234.0	164.0	250.0	180.0	185.0	199.0	157.0	196.0	196.0	205.0	170.0	222.0	174.0	266.0	178.0	253.0	247.0	264.0	206.0	285.0	218.0	297.0	217.0	365.0	185.0	23
71.0	200.0	67.0	216.0	91.0	197.0	159.0	160.0	136.0	178.0	170.0	214.0	165.0	236.0	156.0	253.0	180.0	185.0	199.0	154.0	194.0	196.0	205.0	168.0	226.0	173.0	269.0	178.0	252.0	249.0	263.0	207.0	283.0	220.0	297.0	220.0	373.0	187.0	23
74.0	202.0	70.0	217.0	95.0	199.0	157.0	161.0	139.0	178.0	173.0	213.0	167.0	235.0	159.0	251.0	181.0	185.0	198.0	155.0	195.0	196.0	203.0	168.0	221.0	172.0	264.0	177.0	254.0	248.0	261.0	205.0	285.0	219.0	296.0	219.0	368.0	187.0	23
72.0	201.0	66.0	217.0	90.0	200.0	158.0	161.0	137.0	179.0	173.0	214.0	168.0	236.0	161.0	253.0	177.0	184.0	194.0	156.0	194.0	195.0	201.0	168.0	221.0	172.0	270.0	177.0	255.0	248.0	263.0	205.0	285.0	218.0	298.0	218.0	369.0	187.0	23
80.0	201.0	75.0	216.0	101.0	198.0	162.0	161.0	143.0	179.0	175.0	214.0	167.0	235.0	158.0	251.0	182.0	185.0	201.0	156.0	197.0	197.0	207.0	169.0	224.0	173.0	264.0	177.0	251.0	249.0	262.0	208.0	282.0	221.0	295.0	221.0	360.0	185.0	23
78.0	200.0	72.0	214.0	97.0	197.0	162.0	160.0	140.0	177.0	175.0	212.0	168.0	233.0	161.0	250.0	180.0	184.0	199.0	156.0	198.0	196.0	205.0	167.0	221.0	172.0	262.0	176.0	254.0	246.0	260.0	204.0	283.0	220.0	295.0	220.0	362.0	186.0	23
65.0	199.0	61.0	215.0	89.0	196.0	159.0	159.0	137.0	175.0	171.0	213.0	163.0	237.0	155.0	255.0	181.0	184.0	201.0	152.0	195.0	195.0	209.0	166.0	230.0	171.0	276.0	177.0	257.0	252.0	270.0	209.0	290.0	222.0	303.0	222.0	380.0	183.0	23
74.0	200.0	70.0	216.0	93.0	198.0	157.0	162.0	139.0	178.0	174.0	214.0	169.0	236.0	161.0	254.0	179.0	185.0	199.0	156.0	196.0	196.0	204.0	168.0	221.0	173.0	266.0	178.0	255.0	249.0	265.0	208.0	286.0	220.0	297.0	220.0	369.0	186.0	23
76.0	201.0	71.0	216.0	96.0	197.0	160.0	162.0	139.0	178.0	174.0	213.0	169.0	233.0	161.0	251.0	181.0	185.0	199.0	156.0	196.0	195.0	207.0	169.0	224.0	173.0	272.0	178.0	255.0	248.0	262.0	205.0	284.0	219.0	296.0	219.0	369.0	188.0	23
78.0	200.0	73.0	214.0	99.0	198.0	164.0	162.0	143.0	178.0	177.0	212.0	171.0	233.0	165.0	249.0	183.0	185.0	200.0	158.0	198.0	196.0	205.0	169.0	222.0	173.0	267.0	178.0	250.0	246.0	263.0	207.0	281.0	218.0	295.0	218.0	361.0	187.0	23
75.0	201.0	70.0	215.0	95.0	198.0	158.0	161.0	139.0	178.0	176.0	213.0	172.0	235.0	164.0	251.0	181.0	186.0	195.0	158.0	194.0	195.0	202.0	169.0	221.0	173.0	263.0	178.0	255.0	247.0	260.0	204.0	285.0	218.0	296.0	218.0	362.0	185.0	23
81.0	201.0	74.0	216.0	99.0	199.0	158.0	163.0	140.0	179.0	177.0	213.0	172.0	235.0	163.0	252.0	182.0	185.0	198.0	157.0	200.0	197.0	204.0	170.0	222.0	174.0	269.0	178.0	254.0	248.0	261.0	206.0	284.0	221.0	297.0	220.0	364.0	184.0	23
80.0	201.0	74.0	216.0	98.0	198.0	162.0	162.0	142.0	178.0	174.0	213.0	169.0	234.0	161.0	250.0	183.0	186.0	200.0	157.0	196.0	197.0	204.0	168.0	224.0	174.0	266.0	179.0	255.0	246.0	259.0	205.0	281.0	219.0	293.0	218.0	362.0	189.0	23
79.0	200.0	73.0	215.0	98.0	198.0	163.0	161.0	143.0	178.0	176.0	213.0	171.0	236.0	163.0	251.0	182.0	185.0	201.0	157.0	194.0	195.0	207.0	169.0	224.0	173.0	267.0	179.0	252.0	248.0	262.0	206.0	282.0	219.0	295.0	218.0	366.0	186.0	23
79.0	199.0	74.0	213.0	97.0	198.0	161.0	161.0	140.0	178.0	175.0	212.0	170.0	233.0	162.0	250.0	179.0	184.0	198.0	157.0	194.0	195.0	204.0	168.0	220.0	172.0	264.0	177.0	255.0	245.0	262.0	205.0	283.0	218.0	295.0	217.0	362.0	185.0	23
74.0	200.0	72.0	216.0	95.0	197.0	164.0	161.0	143.0	177.0	176.0	214.0	167.0	236.0	159.0	252.0	182.0	185.0	199.0	157.0	197.0	196.0	203.0	168.0	224.0	173.0	270.0	179.0	252.0	251.0	262.0	207.0	285.0	221.0	297.0	220.0	364.0	187.0	23
75.0	202.0	72.0	216.0	95.0	199.0	162.0	162.0	141.0	178.0	173.0	213.0	170.0	234.0	163.0	251.0	182.0	186.0	199.0	157.0	194.0	196.0	205.0	168.0	224.0	173.0	271.0	179.0	254.0	246.0	262.0	206.0	284.0	219.0	297.0	219.0	367.0	188.0	23
79.0	200.0	74.0	214.0	99.0	198.0	162.0	163.0	144.0	178.0	177.0	213.0	172.0	234.0	163.0	250.0	185.0	186.0	201.0	158.0	196.0	195.0	206.0	169.0	223.0	174.0	266.0	179.0	255.0	246.0	260.0	205.0	282.0	218.0	294.0	218.0	358.0	187.0	23
67.0	200.0	64.0	216.0	86.0	198.0	159.0	160.0	136.0	177.0	172.0	214.0	167.0	238.0	160.0	256.0	176.0	183.0	199.0	155.0	195.0	196.0	205.0	167.0	223.0	172.0	268.0	177.0	257.0	252.0	266.0	207.0	288.0	220.0	301.0	221.0	376.0	185.0	23
81.0	200.0	74.0	214.0	101.0	198.0	162.0	162.0	143.0	178.0	176.0	212.0	169.0	233.0	160.0	250.0	185.0	186.0	201.0	157.0	196.0	196.0	206.0	169.0	225.0	173.0	267.0	178.0	251.0	246.0	261.0	206.0	282.0	220.0	295.0	220.0	363.0	188.0	23
81.0	200.0	76.0	215.0	99.0	198.0	162.0	162.0	142.0	178.0	175.0	214.0	170.0	235.0	163.0	250.0	181.0	185.0	201.0	157.0	197.0	197.0	206.0	169.0	222.0	173.0	267.0	178.0	252.0	247.0	261.0	207.0	280.0	219.0	294.0	219.0	364.0	187.0	23
74.0	200.0	70.0	217.0	96.0	197.0	159.0	160.0	141.0	177.0	173.0	214.0	168.0	237.0	160.0	253.0	183.0	187.0	198.0	156.0	193.0	196.0	205.0	168.0	223.0	172.0	266.0	177.0	255.0	249.0	263.0	206.0	286.0	221.0	299.0	221.0	368.0	187.0	23
82.0	201.0	77.0	216.0	100.0	199.0	160.0	164.0	142.0	179.0	175.0	213.0	171.0	233.0	162.0	250.0	181.0	186.0	199.0	158.0	196.0	197.0	204.0	170.0	222.0	174.0	265.0	179.0	253.0	246.0	259.0	206.0	281.0	219.0	293.0	219.0	359.0	187.0	23
78.0	200.0	75.0	215.0	99.0	198.0	163.0	163.0	142.0	179.0	174.0	212.0	169.0	234.0	161.0	250.0	182.0	186.0	200.0	158.0	195.0	196.0	205.0	170.0	222.0	174.0	268.0	179.0	251.0	249.0	261.0	206.0	283.0	220.0	294.0	220.0	362.0	187.0	23
72.0	199.0	70.0	215.0	93.0	197.0	158.0	159.0	137.0	176.0	174.0	211.0	168.0	233.0	161.0	251.0	180.0	183.0	199.0	155.0	196.0	195.0	205.0	166.0	221.0	170.0	267.0	175.0	258.0	245.0	260.0	203.0	285.0	219.0	298.0	218.0	368.0	186.0	23
70.0	203.0	65.0	219.0	89.0	199.0	154.0	160.0	136.0	178.0	175.0	214.0	172.0	239.0	164.0	256.0	179.0	184.0	197.0	154.0	198.0	196.0	203.0	167.0	223.0	172.0	267.0	175.0	263.0	251.0	267.0	205.0	294.0	219.0	306.0	218.0	371.0	179.0	24
71.0	202.0	68.0	218.0	94.0	199.0	156.0	161.0	138.0	178.0	176.0	213.0	172.0	236.0	163.0	254.0	179.0	184.0	196.0	155.0	200.0	197.0	202.0	167.0	223.0	173.0	267.0	176.0	260.0	250.0	263.0	204.0	289.0	219.0	302.0	218.0	371.0	182.0	24
74.0	199.0	68.0	215.0	94.0	196.0	157.0	160.0	139.0	176.0	175.0	212.0	169.0	236.0	162.0	252.0	181.0	182.0	198.0	153.0	198.0	195.0	203.0	166.0	225.0	172.0	267.0	174.0	259.0	250.0	264.0	204.0	287.0	219.0	300.0	218.0	367.0	180.0	24
79.0	200.0	74.0	216.0	98.0	197.0	160.0	161.0	140.0	178.0	176.0	212.0	171.0	234.0	164.0	251.0	182.0	184.0	200.0	156.0	199.0	197.0	205.0	169.0	225.0	174.0	267.0	177.0	256.0	249.0	263.0	207.0	285.0	221.0	299.0	220.0	363.0	184.0	24
77.0	200.0	72.0	215.0	95.0	198.0	159.0	162.0	140.0	178.0	176.0	214.0	172.0	238.0	165.0	254.0	180.0	184.0	199.0	155.0	200.0	199.0	204.0	168.0	226.0	174.0	266.0	177.0	258.0	251.0	263.0	207.0	286.0	221.0	299.0	220.0	364.0	183.0	24
76.0	201.0	69.0	217.0	94.0	198.0	158.0	161.0	138.0	178.0	175.0	214.0	171.0	238.0	163.0	255.0	179.0	183.0	199.0	155.0	198.0	197.0	204.0	168.0	223.0	173.0	264.0	177.0	259.0	253.0	264.0	206.0	288.0	222.0	300.0	221.0	369.0	184.0	24
74.0	202.0	70.0	218.0	96.0	199.0	154.0	162.0	140.0	179.0	175.0	213.0	171.0	236.0	164.0	254.0	179.0	185.0	196.0	155.0	198.0	197.0	200.0	168.0	227.0	174.0	271.0	176.0	259.0	250.0	267.0	206.0	291.0	220.0	304.0	219.0	369.0	183.0	24
72.0	200.0	68.0	213.0	96.0	197.0	155.0	161.0	137.0	178.0	175.0	213.0	171.0	235.0	162.0	252.0	180.0	185.0	197.0	156.0	196.0	196.0	204.0	168.0	224.0	173.0	269.0	177.0	258.0	246.0	261.0	203.0	287.0	219.0	300.0	218.0	365.0	181.0	25
68.0	201.0	61.0	217.0	92.0	197.0	154.0	161.0	136.0	176.0	173.0	214.0	170.0	236.0	161.0	255.0	177.0	183.0	200.0	154.0	195.0	196.0	205.0	165.0	226.0	170.0	275.0	174.0	263.0	251.0	268.0	208.0	290.0	221.0	303.0	220.0	375.0	182.0	25
74.0	201.0	70.0	216.0	97.0	197.0	158.0	161.0	139.0	177.0	175.0	212.0	170.0	232.0	160.0	250.0	181.0	184.0	198.0	156.0	199.0	195.0	204.0	168.0	225.0	173.0	266.0	177.0	257.0	246.0	265.0	205.0	287.0	219.0	299.0	219.0	367.0	184.0	25
67.0	199.0	62.0	215.0	93.0	197.0	154.0	162.0	137.0	177.0	173.0	212.0	170.0	234.0	159.0	252.0	179.0	184.0	196.0	154.0	194.0	195.0	204.0	167.0	225.0	173.0	270.0	177.0	258.0	246.0	263.0	204.0	285.0	218.0	297.0	217.0	368.0	179.0	25
71.0	202.0	66.0	216.0	98.0	198.0	155.0	162.0	139.0	178.0	173.0	214.0	170.0	235.0	161.0	252.0	178.0	184.0	198.0	156.0	196.0	196.0	202.0	169.0	224.0	175.0	264.0	177.0	257.0	248.0	263.0	207.0	286.0	221.0	299.0	220.0	366.0	182.0	25
72.0	199.0	68.0	215.0	99.0	196.0	155.0	160.0	136.0	177.0	176.0	212.0	173.0	233.0	163.0	252.0	179.0	183.0	193.0	153.0	195.0	195.0	202.0	167.0	225.0	173.0	267.0	176.0	260.0	246.0	264.0	204.0	286.0	219.0	299.0	218.0	369.0	179.0	25
19.0	206.0	20.0	216.0	104.0	189.0	183.0	163.0	167.0	175.0	194.0	210.0	99.0	202.0	182.0	244.0	126.0	189.0	208.0	191.0	191.0	229.0	222.0	167.0	241.0	178.0	280.0	183.0	264.0	246.0	276.0	211.0	291.0	223.0	304.0	223.0	366.0	192.0	25
72.0	200.0	67.0	215.0	96.0	197.0	157.0	163.0	141.0	178.0	175.0	214.0	171.0	235.0	163.0	252.0	179.0	185.0	200.0	156.0	195.0	196.0	205.0	169.0	226.0	175.0	277.0	179.0	259.0	247.0	267.0	206.0	289.0	219.0	301.0	218.0	366.0	178.0	25
64.0	198.0	58.0	214.0	85.0	195.0	151.0	159.0	132.0	175.0	171.0	213.0	168.0	235.0	157.0	253.0	179.0	183.0	194.0	154.0	194.0	194.0	201.0	165.0	225.0	171.0	271.0	174.0	261.0	248.0	266.0	204.0	287.0	218.0	301.0	218.0	374.0	179.0	25
59.0	199.0	54.0	215.0	89.0	195.0	154.0	157.0	135.0	175.0	171.0	214.0	165.0	236.0	156.0	256.0	176.0	183.0	202.0	152.0	194.0	196.0	206.0	165.0	229.0	172.0	273.0	176.0	261.0	252.0	267.0	206.0	291.0	222.0	305.0	222.0	373.0	181.0	25
72.0	199.0	67.0	215.0	94.0	197.0	155.0	161.0	137.0	177.0	175.0	212.0	172.0	234.0	161.0	252.0	179.0	184.0	195.0	155.0	195.0	194.0	200.0	167.0	223.0	172.0	270.0	176.0	260.0	246.0	265.0	205.0	287.0	219.0	301.0	218.0	369.0	182.0	25
65.0	200.0	61.0	214.0	91.0	197.0	152.0	160.0	133.0	178.0	173.0	212.0	169.0	234.0	157.0	251.0	176.0	183.0	196.0	154.0	196.0	195.0	201.0	167.0	225.0	174.0	270.0	177.0	262.0	248.0	264.0	203.0	291.0	219.0	303.0	218.0	374.0	178.0	25
66.0	199.0	60.0	215.0	88.0	197.0	153.0	163.0	135.0	177.0	173.0	214.0	169.0	237.0	158.0	254.0	182.0	185.0	197.0	155.0	197.0	197.0	203.0	168.0	227.0	174.0	274.0	178.0	260.0	249.0	267.0	207.0	288.0	221.0	300.0	221.0	373.0	182.0	25
68.0	202.0	62.0	217.0	92.0	199.0	151.0	162.0	132.0	179.0	174.0	213.0	171.0	236.0	161.0	254.0	177.0	185.0	195.0	155.0	195.0	196.0	202.0	167.0	226.0	173.0	271.0	176.0	263.0	248.0	268.0	205.0	291.0	220.0	304.0	220.0	372.0	181.0	25
70.0	199.0	64.0	214.0	94.0	196.0	153.0	161.0	137.0	177.0	175.0	212.0	172.0	234.0	163.0	253.0	179.0	183.0	200.0	153.0	196.0	195.0	205.0	166.0	225.0	171.0	267.0	175.0	259.0	246.0	266.0	204.0	287.0	218.0	300.0	218.0	369.0	179.0	25
71.0	199.0	64.0	214.0	94.0	197.0	156.0	161.0	137.0	178.0	175.0	213.0	173.0	235.0	164.0	253.0	179.0	185.0	199.0	154.0	197.0	197.0	204.0	168.0	227.0	174.0	270.0	177.0	261.0	247.0	265.0	205.0	290.0	220.0	302.0	219.0	371.0	180.0	25
61.0	200.0	57.0	218.0	87.0	196.0	151.0	159.0	129.0	177.0	171.0	216.0	166.0	238.0	158.0	255.0	178.0	183.0	200.0	153.0	194.0	196.0	206.0	166.0	229.0	172.0	275.0	176.0	265.0	257.0	272.0	209.0	299.0	226.0	312.0	226.0	386.0	183.0	25
73.0	199.0	68.0	215.0	97.0	196.0	155.0	162.0	136.0	179.0	177.0	211.0	172.0	232.0	162.0	250.0	182.0	184.0	200.0	154.0	198.0	194.0	205.0	167.0	225.0	172.0	272.0	174.0	262.0	245.0	269.0	205.0	292.0	219.0	304.0	219.0	371.0	176.0	25
72.0	199.0	68.0	216.0	95.0	197.0	157.0	160.0	138.0	177.0	174.0	212.0	171.0	234.0	161.0	252.0	180.0	185.0	198.0	154.0	194.0	195.0	205.0	168.0	226.0	173.0	266.0	175.0	257.0	249.0	263.0	204.0	288.0	220.0	301.0	220.0	366.0	181.0	25
68.0	199.0	64.0	214.0	91.0	197.0	154.0	161.0	137.0	175.0	172.0	211.0	169.0	234.0	158.0	251.0	180.0	183.0	192.0	153.0	193.0	193.0	200.0	166.0	224.0	172.0	271.0	176.0	259.0	247.0	265.0	205.0	287.0	218.0	301.0	218.0	370.0	180.0	25
75.0	198.0	72.0	215.0	100.0	196.0	158.0	161.0	140.0	178.0	176.0	211.0	172.0	233.0	164.0	250.0	180.0	183.0	198.0	156.0	197.0	195.0	204.0	168.0	226.0	173.0	265.0	176.0	257.0	246.0	264.0	205.0	284.0	218.0	297.0	218.0	365.0	183.0	25
64.0	201.0	60.0	215.0	87.0	198.0	150.0	160.0	131.0	177.0	172.0	214.0	168.0	236.0	159.0	254.0	175.0	183.0	195.0	153.0	194.0	196.0	201.0	166.0	222.0	171.0	268.0	174.0	261.0	250.0	265.0	206.0	289.0	220.0	303.0	219.0	372.0	178.0	25
71.0	201.0	68.0	216.0	94.0	198.0	154.0	162.0	137.0	179.0	172.0	213.0	169.0	235.0	160.0	252.0	176.0	185.0	195.0	155.0	191.0	195.0	200.0	167.0	222.0	173.0	267.0	176.0	258.0	246.0	264.0	206.0	286.0	220.0	297.0	219.0	368.0	181.0	25
68.0	200.0	63.0	214.0	93.0	196.0	157.0	161.0	140.0	177.0	173.0	213.0	168.0	235.0	160.0	252.0	178.0	184.0	200.0	155.0	196.0	196.0	206.0	168.0	228.0	174.0	271.0	178.0	261.0	248.0	266.0	206.0	288.0	220.0	302.0	219.0	365.0	179.0	25
68.0	198.0	64.0	215.0	95.0	196.0	156.0	160.0	138.0	177.0	173.0	212.0	169.0	234.0	160.0	252.0	183.0	185.0	198.0	154.0	196.0	195.0	205.0	168.0	224.0	173.0	270.0	177.0	253.0	247.0	261.0	205.0	285.0	220.0	298.0	220.0	371.0	184.0	25
69.0	199.0	64.0	215.0	93.0	197.0	155.0	160.0	138.0	176.0	173.0	214.0	169.0	235.0	158.0	252.0	181.0	184.0	198.0	153.0	195.0	197.0	204.0	166.0	224.0	171.0	272.0	176.0	262.0	250.0	264.0	206.0	289.0	220.0	300.0	219.0	367.0	179.0	25
72.0	199.0	66.0	214.0	96.0	196.0	157.0	162.0	137.0	179.0	175.0	214.0	171.0	235.0	160.0	253.0	181.0	185.0	196.0	156.0	197.0	196.0	202.0	169.0	223.0	174.0	265.0	177.0	259.0	248.0	266.0	207.0	286.0	219.0	300.0	218.0	367.0	181.0	25
69.0	202.0	64.0	217.0	91.0	199.0	154.0	161.0	137.0	178.0	173.0	214.0	170.0	235.0	161.0	254.0	179.0	185.0	196.0	154.0	194.0	195.0	201.0	167.0	223.0	172.0	264.0	174.0	260.0	250.0	264.0	205.0	291.0	220.0	303.0	219.0	371.0	182.0	25
76.0	197.0	72.0	213.0	96.0	196.0	156.0	162.0	138.0	177.0	175.0	211.0	170.0	231.0	159.0	248.0	179.0	184.0	199.0	155.0	195.0	195.0	205.0	168.0	227.0	173.0	272.0	178.0	257.0	246.0	263.0	204.0	287.0	220.0	298.0	219.0	364.0	181.0	25
62.0	201.0	60.0	217.0	93.0	197.0	155.0	160.0	133.0	178.0	173.0	213.0	170.0	237.0	160.0	255.0	176.0	184.0	196.0	153.0	196.0	196.0	203.0	167.0	225.0	172.0	268.0	176.0	258.0	251.0	268.0	207.0	289.0	221.0	303.0	221.0	379.0	182.0	25
73.0	199.0	70.0	215.0	97.0	196.0	154.0	163.0	136.0	178.0	174.0	211.0	172.0	232.0	163.0	249.0	180.0	185.0	197.0	156.0	195.0	195.0	204.0	169.0	226.0	174.0	272.0	177.0	258.0	246.0	265.0	205.0	287.0	219.0	301.0	219.0	366.0	180.0	25
74.0	199.0	71.0	215.0	100.0	197.0	158.0	163.0	141.0	178.0	175.0	212.0	171.0	233.0	162.0	250.0	184.0	186.0	199.0	156.0	196.0	196.0	205.0	169.0	224.0	174.0	267.0	178.0	252.0	245.0	260.0	205.0	282.0	219.0	294.0	219.0	364.0	185.0	25
74.0	198.0	70.0	213.0	98.0	195.0	158.0	160.0	138.0	177.0	174.0	210.0	170.0	232.0	160.0	248.0	181.0	183.0	197.0	155.0	196.0	194.0	203.0	167.0	223.0	173.0	265.0	176.0	257.0	244.0	262.0	204.0	285.0	218.0	297.0	217.0	364.0	183.0	25
68.0	199.0	64.0	214.0	92.0	197.0	154.0	161.0	137.0	177.0	174.0	212.0	171.0	234.0	163.0	252.0	179.0	184.0	197.0	155.0	196.0	195.0	203.0	168.0	226.0	173.0	268.0	175.0	259.0	247.0	268.0	206.0	289.0	219.0	302.0	219.0	371.0	181.0	25
75.0	200.0	72.0	216.0	99.0	197.0	157.0	163.0	139.0	179.0	173.0	213.0	169.0	234.0	159.0	251.0	178.0	186.0	195.0	156.0	194.0	197.0	200.0	169.0	221.0	175.0	266.0	177.0	256.0	248.0	264.0	208.0	282.0	221.0	295.0	220.0	365.0	180.0	25
75.0	199.0	71.0	214.0	100.0	196.0	159.0	161.0	141.0	178.0	175.0	212.0	173.0	233.0	163.0	251.0	181.0	185.0	202.0	155.0	195.0	195.0	207.0	168.0	227.0	174.0	269.0	179.0	253.0	245.0	262.0	206.0	280.0	219.0	293.0	218.0	365.0	185.0	25
74.0	197.0	70.0	213.0	98.0	194.0	155.0	159.0	137.0	175.0	170.0	233.0	150.0	245.0	162.0	250.0	173.0	210.0	201.0	153.0	180.0	181.0	198.0	194.0	207.0	166.0	227.0	171.0	266.0	205.0	261.0	248.0	269.0	174.0	297.0	220.0	370.0	180.0	25
69.0	199.0	66.0	214.0	90.0	197.0	155.0	164.0	138.0	177.0	175.0	212.0	173.0	233.0	164.0	250.0	182.0	185.0	199.0	156.0	197.0	195.0	205.0	168.0	226.0	173.0	273.0	177.0	259.0	247.0	267.0	205.0	288.0	219.0	301.0	219.0	368.0	183.0	25
60.0	201.0	52.0	217.0	85.0	197.0	149.0	158.0	131.0	175.0	171.0	215.0	166.0	239.0	156.0	258.0	175.0	182.0	200.0	150.0	195.0	196.0	204.0	163.0	225.0	168.0	277.0	173.0	263.0	255.0	271.0	208.0	292.0	222.0	307.0	222.0	384.0	184.0	25
69.0	198.0	66.0	215.0	95.0	196.0	155.0	160.0	139.0	175.0	176.0	214.0	172.0	236.0	163.0	255.0	181.0	184.0	201.0	154.0	197.0	196.0	206.0	166.0	226.0	172.0	272.0	176.0	259.0	248.0	265.0	206.0	288.0	220.0	301.0	219.0	372.0	180.0	25
74.0	198.0	69.0	214.0	96.0	196.0	158.0	163.0	141.0	179.0	174.0	212.0	173.0	234.0	166.0	252.0	179.0	186.0	199.0	157.0	193.0	196.0	206.0	171.0	226.0	175.0	268.0	177.0	259.0	246.0	264.0	205.0	287.0	219.0	298.0	218.0	364.0	182.0	25
78.0	200.0	75.0	215.0	99.0	197.0	159.0	163.0	141.0	180.0	175.0	213.0	171.0	234.0	163.0	250.0	179.0	186.0	199.0	157.0	194.0	197.0	203.0	169.0	226.0	175.0	268.0	178.0	258.0	247.0	265.0	208.0	284.0	220.0	295.0	220.0	363.0	182.0	25
72.0	198.0	65.0	212.0	98.0	195.0	153.0	162.0	137.0	177.0	172.0	212.0	170.0	235.0	159.0	253.0	178.0	185.0	195.0	155.0	193.0	195.0	203.0	168.0	223.0	174.0	273.0	177.0	259.0	248.0	263.0	206.0	286.0	220.0	300.0	219.0	370.0	179.0	25
70.0	199.0	65.0	214.0	96.0	196.0	152.0	161.0	135.0	177.0	173.0	211.0	171.0	234.0	160.0	250.0	175.0	183.0	198.0	155.0	195.0	195.0	201.0	167.0	224.0	173.0	272.0	176.0	259.0	247.0	267.0	205.0	291.0	220.0	303.0	220.0	366.0	178.0	25
69.0	199.0	64.0	214.0	94.0	197.0	152.0	164.0	135.0	180.0	174.0	213.0	171.0	235.0	162.0	253.0	176.0	185.0	195.0	156.0	193.0	196.0	201.0	169.0	220.0	174.0	268.0	178.0	258.0	246.0	263.0	206.0	284.0	219.0	297.0	218.0	363.0	179.0	25
71.0	199.0	68.0	216.0	93.0	196.0	156.0	161.0	137.0	177.0	175.0	213.0	171.0	235.0	162.0	252.0	178.0	183.0	198.0	154.0	195.0	194.0	204.0	166.0	226.0	173.0	266.0	176.0	259.0	248.0	266.0	206.0	288.0	220.0	301.0	220.0	370.0	180.0	25
68.0	199.0	62.0	216.0	89.0	197.0	157.0	158.0	138.0	175.0	173.0	215.0	168.0	236.0	157.0	255.0	181.0	184.0	200.0	152.0	196.0	197.0	205.0	166.0	226.0	172.0	272.0	177.0	262.0	254.0	264.0	207.0	289.0	223.0	302.0	222.0	370.0	182.0	25
70.0	199.0	66.0	216.0	94.0	197.0	154.0	162.0	137.0	177.0	175.0	213.0	173.0	235.0	163.0	253.0	177.0	184.0	199.0	155.0	196.0	196.0	204.0	168.0	224.0	172.0	268.0	175.0	260.0	249.0	265.0	206.0	289.0	220.0	300.0	219.0	371.0	180.0	25
74.0	198.0	68.0	213.0	98.0	197.0	157.0	162.0	139.0	179.0	176.0	212.0	173.0	234.0	165.0	251.0	180.0	185.0	199.0	156.0	196.0	196.0	204.0	169.0	226.0	174.0	268.0	177.0	258.0	245.0	262.0	205.0	286.0	219.0	298.0	218.0	365.0	181.0	25
77.0	199.0	71.0	214.0	103.0	196.0	158.0	163.0	140.0	179.0	176.0	213.0	172.0	233.0	161.0	249.0	181.0	185.0	198.0	157.0	197.0	196.0	204.0	169.0	224.0	175.0	267.0	177.0	259.0	248.0	265.0	206.0	285.0	219.0	298.0	218.0	363.0	181.0	25
67.0	199.0	63.0	216.0	96.0	196.0	154.0	162.0	135.0	178.0	174.0	214.0	170.0	235.0	159.0	254.0	176.0	185.0	195.0	154.0	195.0	196.0	200.0	167.0	220.0	171.0	269.0	175.0	257.0	250.0	265.0	206.0	287.0	219.0	300.0	219.0	365.0	178.0	25
57.0	202.0	52.0	219.0	82.0	199.0	153.0	158.0	132.0	178.0	171.0	216.0	168.0	240.0	158.0	259.0	177.0	184.0	197.0	150.0	195.0	196.0	204.0	165.0	226.0	170.0	272.0	173.0	267.0	255.0	271.0	206.0	301.0	223.0	314.0	221.0	387.0	180.0	25
73.0	199.0	69.0	215.0	93.0	197.0	154.0	160.0	136.0	177.0	174.0	213.0	170.0	234.0	160.0	253.0	177.0	183.0	198.0	153.0	194.0	195.0	204.0	165.0	225.0	171.0	271.0	174.0	261.0	248.0	263.0	204.0	289.0	220.0	301.0	220.0	370.0	177.0	25
67.0	199.0	61.0	216.0	91.0	197.0	155.0	161.0	136.0	177.0	173.0	214.0	171.0	237.0	161.0	256.0	177.0	184.0	197.0	154.0	196.0	196.0	203.0	167.0	226.0	173.0	268.0	176.0	260.0	250.0	264.0	206.0	288.0	220.0	300.0	220.0	370.0	180.0	25
66.0	200.0	62.0	216.0	92.0	197.0	153.0	159.0	134.0	177.0	172.0	214.0	170.0	236.0	158.0	254.0	177.0	183.0	197.0	153.0	193.0	195.0	201.0	166.0	222.0	172.0	270.0	177.0	257.0	249.0	265.0	207.0	284.0	220.0	299.0	220.0	371.0	182.0	25
73.0	198.0	67.0	213.0	96.0	196.0	156.0	163.0	141.0	178.0	175.0	212.0	172.0	234.0	164.0	252.0	182.0	185.0	199.0	156.0	196.0	196.0	205.0	169.0	226.0	174.0	267.0	177.0	258.0	246.0	264.0	205.0	285.0	219.0	299.0	219.0	364.0	180.0	25
70.0	200.0	65.0	214.0	92.0	198.0	153.0	161.0	134.0	178.0	173.0	214.0	169.0	237.0	159.0	255.0	179.0	185.0	197.0	154.0	195.0	196.0	205.0	168.0	225.0	172.0	275.0	177.0	258.0	249.0	265.0	207.0	290.0	221.0	302.0	220.0	369.0	180.0	25
71.0	200.0	68.0	215.0	91.0	198.0	157.0	163.0	139.0	178.0	175.0	213.0	172.0	235.0	164.0	252.0	181.0	185.0	200.0	157.0	197.0	195.0	204.0	169.0	225.0	174.0	271.0	177.0	261.0	249.0	267.0	206.0	290.0	220.0	303.0	219.0	370.0	182.0	25
71.0	199.0	65.0	215.0	92.0	197.0	155.0	161.0	137.0	177.0	172.0	214.0	167.0	236.0	157.0	253.0	180.0	184.0	202.0	155.0	195.0	195.0	205.0	166.0	227.0	172.0	272.0	176.0	260.0	253.0	264.0	206.0	290.0	223.0	303.0	223.0	372.0	183.0	26
70.0	199.0	64.0	215.0	91.0	198.0	156.0	164.0	138.0	178.0	170.0	215.0	165.0	237.0	156.0	255.0	178.0	186.0	200.0	164.0	192.0	198.0	211.0	180.0	231.0	180.0	261.0	163.0	257.0	256.0	260.0	209.0	267.0	180.0	292.0	226.0	372.0	191.0	26
64.0	198.0	59.0	215.0	87.0	197.0	153.0	162.0	134.0	177.0	168.0	216.0	161.0	238.0	149.0	255.0	173.0	185.0	200.0	156.0	193.0	199.0	203.0	168.0	229.0	175.0	263.0	173.0	258.0	258.0	265.0	210.0	291.0	228.0	302.0	227.0	378.0	189.0	26
76.0	201.0	71.0	216.0	98.0	198.0	157.0	165.0	140.0	179.0	173.0	213.0	169.0	235.0	161.0	251.0	178.0	185.0	201.0	165.0	194.0	196.0	221.0	175.0	260.0	205.0	264.0	177.0	256.0	248.0	282.0	219.0	296.0	219.0	359.0	183.0	395.0	214.0	26
74.0	199.0	69.0	214.0	98.0	197.0	159.0	163.0	144.0	177.0	173.0	213.0	168.0	234.0	158.0	251.0	182.0	185.0	202.0	157.0	199.0	197.0	205.0	168.0	224.0	174.0	266.0	177.0	257.0	251.0	264.0	206.0	287.0	222.0	299.0	221.0	365.0	183.0	26
72.0	200.0	66.0	216.0	95.0	197.0	155.0	162.0	138.0	177.0	173.0	215.0	167.0	238.0	157.0	255.0	178.0	183.0	201.0	156.0	195.0	196.0	205.0	167.0	228.0	173.0	276.0	177.0	262.0	254.0	268.0	207.0	294.0	223.0	305.0	222.0	375.0	184.0	26
77.0	197.0	71.0	214.0	98.0	196.0	159.0	163.0	142.0	177.0	174.0	213.0	168.0	234.0	157.0	250.0	181.0	185.0	202.0	158.0	196.0	197.0	204.0	169.0	226.0	175.0	271.0	179.0	255.0	250.0	262.0	206.0	285.0	222.0	299.0	222.0	365.0	184.0	26
76.0	198.0	72.0	214.0	100.0	196.0	158.0	163.0	141.0	178.0	173.0	213.0	168.0	234.0	159.0	251.0	181.0	185.0	204.0	156.0	196.0	195.0	207.0	168.0	228.0	173.0	271.0	179.0	255.0	251.0	263.0	206.0	285.0	221.0	297.0	221.0	366.0	188.0	26
77.0	199.0	71.0	213.0	99.0	197.0	160.0	165.0	141.0	179.0	176.0	213.0	171.0	234.0	161.0	251.0	180.0	184.0	203.0	159.0	198.0	197.0	206.0	170.0	227.0	175.0	268.0	178.0	259.0	250.0	266.0	208.0	288.0	222.0	299.0	221.0	369.0	185.0	26
77.0	198.0	71.0	214.0	100.0	196.0	157.0	163.0	140.0	178.0	173.0	214.0	168.0	236.0	159.0	253.0	180.0	185.0	200.0	157.0	195.0	197.0	202.0	169.0	223.0	174.0	268.0	178.0	259.0	252.0	264.0	207.0	289.0	222.0	301.0	221.0	367.0	181.0	26
76.0	203.0	72.0	220.0	94.0	201.0	134.0	160.0	153.0	165.0	169.0	236.0	173.0	214.0	159.0	253.0	137.0	180.0	200.0	163.0	179.0	185.0	195.0	197.0	223.0	173.0	267.0	176.0	260.0	251.0	262.0	205.0	293.0	220.0	315.0	220.0	365.0	179.0	26
69.0	196.0	63.0	211.0	92.0	194.0	154.0	162.0	137.0	176.0	169.0	213.0	162.0	234.0	151.0	252.0	176.0	183.0	203.0	163.0	192.0	197.0	225.0	175.0	253.0	255.0	267.0	180.0	260.0	210.0	282.0	226.0	295.0	226.0	303.0	165.0	367.0	188.0	26
65.0	198.0	59.0	214.0	88.0	196.0	151.0	160.0	134.0	176.0	170.0	215.0	165.0	236.0	154.0	255.0	176.0	184.0	199.0	154.0	195.0	198.0	201.0	166.0	225.0	172.0	269.0	176.0	261.0	255.0	266.0	208.0	294.0	224.0	305.0	223.0	378.0	181.0	26
51.0	204.0	51.0	222.0	77.0	212.0	167.0	162.0	146.0	177.0	176.0	233.0	105.0	195.0	164.0	249.0	83.0	195.0	190.0	183.0	182.0	211.0	203.0	195.0	212.0	162.0	234.0	175.0	269.0	205.0	264.0	252.0	279.0	179.0	303.0	224.0	372.0	189.0	26
73.0	199.0	68.0	214.0	94.0	197.0	160.0	163.0	139.0	177.0	174.0	214.0	170.0	236.0	160.0	253.0	182.0	184.0	204.0	157.0	200.0	198.0	208.0	168.0	227.0	173.0	272.0	177.0	259.0	252.0	269.0	208.0	292.0	222.0	303.0	221.0	372.0	184.0	26
75.0	199.0	71.0	215.0	98.0	197.0	158.0	165.0	141.0	179.0	175.0	214.0	171.0	234.0	162.0	252.0	182.0	185.0	202.0	159.0	198.0	197.0	206.0	170.0	226.0	175.0	266.0	178.0	258.0	250.0	264.0	207.0	285.0	222.0	297.0	221.0	366.0	184.0	26
77.0	199.0	74.0	214.0	100.0	196.0	158.0	163.0	140.0	178.0	175.0	212.0	170.0	233.0	160.0	250.0	180.0	185.0	201.0	157.0	196.0	197.0	204.0	168.0	225.0	174.0	266.0	178.0	259.0	249.0	263.0	207.0	286.0	221.0	297.0	220.0	364.0	183.0	26
68.0	199.0	62.0	215.0	89.0	196.0	147.0	157.0	131.0	176.0	165.0	211.0	161.0	233.0	154.0	251.0	171.0	182.0	190.0	152.0	186.0	192.0	195.0	165.0	217.0	170.0	264.0	174.0	247.0	246.0	257.0	199.0	283.0	216.0	359.0	180.0	389.0	203.0	26
53.0	199.0	47.0	216.0	82.0	195.0	151.0	155.0	128.0	175.0	168.0	216.0	164.0	241.0	153.0	260.0	176.0	182.0	198.0	148.0	193.0	196.0	204.0	162.0	226.0	168.0	279.0	171.0	264.0	258.0	274.0	207.0	297.0	222.0	314.0	223.0	389.0	177.0	26
75.0	200.0	68.0	214.0	96.0	198.0	159.0	162.0	141.0	178.0	173.0	213.0	170.0	235.0	158.0	253.0	181.0	185.0	198.0	156.0	197.0	197.0	203.0	168.0	227.0	175.0	266.0	178.0	257.0	249.0	263.0	205.0	287.0	220.0	300.0	220.0	368.0	184.0	26
72.0	199.0	67.0	215.0	96.0	196.0	157.0	160.0	138.0	177.0	171.0	213.0	166.0	234.0	157.0	252.0	180.0	183.0	201.0	153.0	194.0	194.0	206.0	165.0	228.0	171.0	272.0	176.0	257.0	251.0	265.0	205.0	287.0	220.0	299.0	220.0	372.0	183.0	26
69.0	203.0	67.0	220.0	95.0	199.0	155.0	163.0	139.0	179.0	175.0	212.0	174.0	234.0	166.0	255.0	181.0	185.0	198.0	155.0	197.0	195.0	206.0	168.0	227.0	172.0	271.0	175.0	262.0	245.0	267.0	204.0	290.0	219.0	304.0	218.0	371.0	185.0	26
48.0	170.0	81.0	203.0	76.0	218.0	159.0	163.0	143.0	179.0	172.0	236.0	176.0	214.0	163.0	253.0	103.0	199.0	200.0	156.0	181.0	185.0	198.0	196.0	205.0	168.0	228.0	174.0	267.0	205.0	262.0	249.0	273.0	176.0	296.0	218.0	367.0	180.0	26
73.0	200.0	67.0	216.0	95.0	197.0	158.0	161.0	140.0	175.0	173.0	213.0	168.0	234.0	158.0	252.0	183.0	184.0	201.0	154.0	196.0	195.0	207.0	166.0	228.0	172.0	269.0	175.0	258.0	250.0	265.0	206.0	287.0	221.0	300.0	221.0	373.0	183.0	26
72.0	198.0	66.0	214.0	94.0	195.0	157.0	162.0	139.0	176.0	171.0	212.0	165.0	234.0	155.0	251.0	179.0	183.0	198.0	155.0	194.0	196.0	203.0	167.0	224.0	174.0	270.0	177.0	256.0	250.0	263.0	206.0	286.0	221.0	300.0	221.0	366.0	179.0	26
75.0	200.0	71.0	216.0	94.0	197.0	157.0	161.0	139.0	177.0	171.0	212.0	165.0	233.0	156.0	251.0	178.0	184.0	195.0	155.0	193.0	195.0	201.0	167.0	223.0	173.0	267.0	176.0	248.0	248.0	259.0	207.0	281.0	221.0	295.0	221.0	359.0	185.0	26
74.0	200.0	69.0	215.0	96.0	198.0	156.0	161.0	138.0	177.0	173.0	212.0	169.0	235.0	160.0	253.0	178.0	183.0	196.0	154.0	195.0	195.0	204.0	166.0	225.0	173.0	265.0	177.0	254.0	246.0	260.0	205.0	281.0	220.0	294.0	220.0	366.0	185.0	26
69.0	199.0	62.0	214.0	92.0	197.0	155.0	160.0	137.0	177.0	171.0	214.0	167.0	238.0	156.0	256.0	176.0	183.0	198.0	152.0	196.0	197.0	205.0	166.0	225.0	172.0	270.0	177.0	254.0	253.0	263.0	205.0	288.0	221.0	301.0	220.0	370.0	181.0	26
66.0	200.0	63.0	217.0	91.0	197.0	153.0	161.0	133.0	178.0	168.0	214.0	164.0	237.0	156.0	253.0	175.0	183.0	196.0	152.0	191.0	195.0	202.0	165.0	221.0	170.0	270.0	175.0	256.0	254.0	265.0	208.0	287.0	222.0	299.0	223.0	373.0	181.0	26
69.0	200.0	65.0	216.0	89.0	198.0	153.0	160.0	134.0	177.0	171.0	213.0	166.0	235.0	155.0	253.0	177.0	183.0	196.0	153.0	194.0	194.0	202.0	165.0	223.0	171.0	269.0	174.0	261.0	253.0	263.0	206.0	289.0	222.0	302.0	222.0	371.0	179.0	26
72.0	201.0	68.0	217.0	92.0	198.0	158.0	160.0	138.0	177.0	174.0	215.0	169.0	237.0	160.0	255.0	181.0	185.0	196.0	154.0	196.0	196.0	204.0	167.0	225.0	172.0	268.0	176.0	255.0	252.0	265.0	207.0	289.0	224.0	303.0	224.0	370.0	183.0	26
66.0	201.0	60.0	216.0	90.0	198.0	151.0	160.0	136.0	177.0	171.0	213.0	165.0	236.0	155.0	255.0	179.0	184.0	193.0	153.0	195.0	196.0	200.0	165.0	225.0	171.0	273.0	176.0	261.0	250.0	265.0	204.0	291.0	220.0	304.0	219.0	371.0	180.0	26
74.0	200.0	71.0	215.0	96.0	197.0	159.0	161.0	141.0	178.0	176.0	214.0	171.0	236.0	161.0	253.0	182.0	186.0	197.0	156.0	196.0	197.0	205.0	168.0	226.0	174.0	272.0	178.0	254.0	250.0	260.0	206.0	283.0	220.0	297.0	220.0	367.0	185.0	26
76.0	200.0	73.0	216.0	100.0	197.0	159.0	160.0	140.0	177.0	174.0	213.0	170.0	235.0	160.0	252.0	181.0	183.0	201.0	153.0	197.0	195.0	206.0	166.0	226.0	171.0	272.0	176.0	258.0	252.0	266.0	206.0	289.0	221.0	301.0	222.0	370.0	179.0	26
72.0	200.0	68.0	215.0	95.0	197.0	154.0	162.0	135.0	179.0	175.0	213.0	172.0	235.0	164.0	254.0	181.0	185.0	198.0	155.0	198.0	196.0	204.0	168.0	225.0	173.0	272.0	176.0	262.0	249.0	268.0	205.0	290.0	219.0	304.0	219.0	374.0	180.0	26
65.0	198.0	60.0	213.0	91.0	195.0	156.0	161.0	137.0	175.0	168.0	213.0	162.0	235.0	152.0	253.0	177.0	183.0	197.0	154.0	194.0	196.0	202.0	166.0	221.0	172.0	265.0	176.0	255.0	253.0	263.0	207.0	286.0	223.0	298.0	223.0	366.0	179.0	26
71.0	198.0	66.0	214.0	96.0	194.0	157.0	159.0	139.0	175.0	173.0	212.0	169.0	235.0	159.0	253.0	177.0	181.0	203.0	153.0	193.0	194.0	208.0	166.0	228.0	171.0	275.0	177.0	258.0	252.0	264.0	205.0	287.0	221.0	301.0	222.0	369.0	185.0	26
69.0	197.0	65.0	212.0	93.0	195.0	155.0	161.0	137.0	176.0	170.0	212.0	164.0	233.0	154.0	251.0	176.0	182.0	199.0	155.0	192.0	195.0	203.0	166.0	224.0	173.0	267.0	176.0	256.0	252.0	261.0	207.0	284.0	222.0	296.0	222.0	367.0	178.0	26
71.0	200.0	65.0	216.0	94.0	197.0	155.0	159.0	137.0	177.0	172.0	214.0	167.0	237.0	157.0	254.0	177.0	183.0	198.0	154.0	194.0	195.0	204.0	166.0	227.0	172.0	274.0	176.0	261.0	252.0	267.0	206.0	293.0	221.0	303.0	220.0	373.0	181.0	26
78.0	197.0	73.0	214.0	100.0	194.0	165.0	159.0	145.0	176.0	179.0	213.0	175.0	236.0	166.0	254.0	184.0	183.0	207.0	154.0	199.0	195.0	214.0	167.0	233.0	172.0	280.0	178.0	264.0	254.0	270.0	208.0	293.0	223.0	307.0	223.0	376.0	188.0	26
70.0	198.0	64.0	213.0	96.0	194.0	161.0	157.0	140.0	175.0	172.0	212.0	168.0	238.0	158.0	255.0	184.0	183.0	202.0	152.0	196.0	195.0	209.0	165.0	228.0	171.0	275.0	174.0	261.0	253.0	268.0	205.0	293.0	221.0	305.0	220.0	378.0	179.0	26
75.0	202.0	71.0	217.0	97.0	198.0	158.0	160.0	139.0	178.0	173.0	212.0	170.0	235.0	161.0	255.0	179.0	184.0	195.0	153.0	193.0	195.0	202.0	166.0	222.0	172.0	270.0	176.0	257.0	250.0	264.0	206.0	286.0	220.0	299.0	220.0	370.0	182.0	26
67.0	198.0	62.0	215.0	94.0	195.0	156.0	160.0	136.0	177.0	171.0	215.0	168.0	237.0	158.0	254.0	178.0	183.0	200.0	153.0	195.0	196.0	205.0	165.0	225.0	171.0	273.0	175.0	258.0	253.0	268.0	207.0	289.0	221.0	303.0	222.0	373.0	180.0	26
75.0	200.0	71.0	216.0	97.0	199.0	160.0	161.0	142.0	179.0	174.0	214.0	170.0	235.0	159.0	253.0	182.0	186.0	198.0	154.0	195.0	196.0	204.0	168.0	226.0	174.0	267.0	178.0	255.0	252.0	261.0	206.0	286.0	222.0	300.0	222.0	366.0	182.0	26
74.0	198.0	69.0	214.0	96.0	195.0	160.0	159.0	141.0	176.0	174.0	212.0	170.0	234.0	161.0	252.0	180.0	183.0	201.0	156.0	196.0	195.0	204.0	168.0	224.0	172.0	268.0	176.0	259.0	249.0	265.0	205.0	287.0	220.0	301.0	221.0	368.0	184.0	26
71.0	201.0	66.0	217.0	94.0	198.0	157.0	161.0	139.0	178.0	172.0	215.0	166.0	236.0	156.0	253.0	177.0	184.0	199.0	154.0	195.0	197.0	204.0	167.0	229.0	173.0	272.0	176.0	262.0	252.0	267.0	206.0	291.0	221.0	302.0	221.0	374.0	181.0	26
73.0	199.0	67.0	215.0	97.0	196.0	156.0	161.0	138.0	177.0	172.0	213.0	167.0	236.0	160.0	254.0	179.0	184.0	197.0	154.0	194.0	196.0	202.0	166.0	223.0	172.0	268.0	175.0	263.0	250.0	266.0	206.0	291.0	221.0	304.0	220.0	371.0	177.0	26
82.0	202.0	78.0	216.0	100.0	199.0	164.0	162.0	147.0	178.0	178.0	211.0	174.0	232.0	166.0	250.0	183.0	185.0	200.0	157.0	198.0	195.0	206.0	169.0	228.0	175.0	269.0	177.0	258.0	245.0	263.0	205.0	286.0	219.0	300.0	218.0	359.0	187.0	26
79.0	200.0	74.0	215.0	97.0	198.0	161.0	162.0	144.0	178.0	174.0	212.0	170.0	235.0	159.0	253.0	179.0	185.0	197.0	156.0	194.0	196.0	204.0	168.0	224.0	174.0	267.0	178.0	251.0	249.0	261.0	206.0	282.0	221.0	294.0	221.0	361.0	186.0	26
78.0	203.0	72.0	220.0	98.0	200.0	163.0	158.0	142.0	176.0	178.0	214.0	174.0	237.0	164.0	257.0	185.0	184.0	203.0	151.0	199.0	194.0	211.0	164.0	232.0	169.0	278.0	173.0	263.0	251.0	272.0	204.0	296.0	219.0	312.0	220.0	398.0	195.0	26
68.0	200.0	63.0	217.0	90.0	198.0	155.0	160.0	135.0	177.0	172.0	214.0	166.0	235.0	158.0	254.0	179.0	183.0	199.0	152.0	194.0	194.0	204.0	164.0	226.0	170.0	271.0	173.0	263.0	252.0	266.0	205.0	292.0	221.0	304.0	221.0	375.0	178.0	26
73.0	203.0	71.0	220.0	94.0	200.0	160.0	160.0	141.0	177.0	176.0	213.0	173.0	236.0	162.0	254.0	180.0	182.0	201.0	154.0	196.0	194.0	206.0	166.0	227.0	171.0	274.0	175.0	260.0	250.0	268.0	207.0	290.0	221.0	305.0	222.0	372.0	185.0	26
68.0	202.0	67.0	219.0	91.0	199.0	157.0	159.0	139.0	177.0	173.0	214.0	170.0	236.0	160.0	257.0	179.0	184.0	196.0	152.0	195.0	195.0	205.0	166.0	227.0	172.0	274.0	176.0	254.0	250.0	266.0	206.0	288.0	223.0	305.0	224.0	377.0	186.0	26
72.0	198.0	68.0	214.0	95.0	196.0	157.0	161.0	139.0	176.0	174.0	212.0	170.0	233.0	161.0	251.0	181.0	183.0	199.0	155.0	197.0	194.0	206.0	167.0	226.0	172.0	268.0	174.0	260.0	248.0	266.0	205.0	288.0	219.0	300.0	219.0	371.0	178.0	26
72.0	203.0	68.0	218.0	95.0	200.0	154.0	161.0	137.0	179.0	172.0	212.0	169.0	235.0	160.0	253.0	182.0	185.0	197.0	154.0	196.0	195.0	202.0	166.0	228.0	173.0	267.0	176.0	258.0	247.0	264.0	204.0	290.0	221.0	301.0	220.0	369.0	186.0	26
67.0	200.0	63.0	216.0	92.0	197.0	152.0	161.0	132.0	179.0	174.0	213.0	171.0	235.0	161.0	255.0	180.0	185.0	197.0	154.0	198.0	196.0	203.0	167.0	225.0	172.0	273.0	175.0	263.0	251.0	269.0	205.0	291.0	220.0	305.0	220.0	377.0	180.0	26
92.0	176.0	19.0	219.0	106.0	176.0	144.0	144.0	129.0	192.0	122.0	223.0	171.0	229.0	195.0	236.0	207.0	204.0	224.0	216.0	203.0	251.0	235.0	162.0	232.0	185.0	246.0	144.0	247.0	244.0	269.0	225.0	320.0	203.0	351.0	186.0	346.0	202.0	27
80.0	200.0	76.0	215.0	103.0	197.0	161.0	164.0	144.0	180.0	174.0	212.0	171.0	233.0	161.0	250.0	182.0	186.0	203.0	158.0	192.0	195.0	205.0	169.0	227.0	175.0	266.0	178.0	251.0	249.0	263.0	206.0	284.0	221.0	295.0	221.0	364.0	187.0	27
77.0	199.0	70.0	214.0	98.0	198.0	159.0	162.0	141.0	178.0	176.0	214.0	172.0	236.0	163.0	253.0	177.0	184.0	202.0	156.0	196.0	197.0	206.0	168.0	228.0	174.0	269.0	178.0	259.0	252.0	268.0	208.0	291.0	223.0	303.0	224.0	365.0	185.0	27
84.0	201.0	79.0	216.0	106.0	198.0	165.0	163.0	146.0	179.0	177.0	212.0	175.0	235.0	166.0	251.0	182.0	186.0	204.0	157.0	199.0	197.0	208.0	169.0	227.0	175.0	266.0	178.0	256.0	248.0	259.0	205.0	282.0	220.0	294.0	220.0	362.0	185.0	27
64.0	198.0	59.0	213.0	87.0	196.0	153.0	158.0	134.0	176.0	170.0	213.0	167.0	236.0	158.0	254.0	178.0	184.0	199.0	152.0	195.0	197.0	205.0	166.0	226.0	172.0	273.0	176.0	256.0	251.0	266.0	206.0	291.0	221.0	302.0	221.0	372.0	179.0	27
77.0	201.0	73.0	216.0	100.0	199.0	161.0	162.0	143.0	179.0	174.0	213.0	172.0	235.0	163.0	252.0	182.0	185.0	202.0	156.0	194.0	195.0	204.0	168.0	226.0	174.0	262.0	177.0	256.0	248.0	260.0	206.0	283.0	220.0	294.0	220.0	362.0	186.0	27
71.0	201.0	65.0	216.0	97.0	198.0	156.0	163.0	137.0	179.0	173.0	215.0	170.0	236.0	159.0	255.0	181.0	186.0	199.0	156.0	195.0	197.0	202.0	167.0	225.0	173.0	271.0	177.0	259.0	251.0	265.0	206.0	289.0	221.0	302.0	220.0	371.0	182.0	27
75.0	200.0	70.0	215.0	100.0	198.0	156.0	164.0	139.0	179.0	174.0	213.0	171.0	235.0	159.0	253.0	180.0	185.0	198.0	156.0	195.0	196.0	203.0	169.0	223.0	174.0	262.0	177.0	257.0	251.0	261.0	205.0	285.0	220.0	299.0	220.0	362.0	181.0	27
79.0	202.0	74.0	217.0	102.0	199.0	157.0	163.0	140.0	180.0	174.0	213.0	170.0	233.0	161.0	250.0	181.0	185.0	197.0	156.0	193.0	195.0	203.0	169.0	221.0	173.0	267.0	175.0	256.0	248.0	261.0	205.0	287.0	221.0	300.0	220.0	365.0	182.0	27
74.0	199.0	70.0	215.0	98.0	196.0	159.0	161.0	141.0	178.0	174.0	212.0	171.0	234.0	161.0	252.0	184.0	185.0	201.0	155.0	197.0	195.0	206.0	168.0	227.0	174.0	271.0	177.0	256.0	249.0	265.0	205.0	287.0	220.0	298.0	220.0	364.0	181.0	27
69.0	198.0	64.0	213.0	94.0	195.0	158.0	160.0	141.0	177.0	172.0	211.0	167.0	233.0	158.0	252.0	179.0	184.0	200.0	153.0	193.0	194.0	207.0	167.0	228.0	173.0	272.0	176.0	255.0	252.0	267.0	208.0	286.0	222.0	301.0	222.0	378.0	182.0	27
70.0	200.0	65.0	215.0	92.0	199.0	159.0	162.0	138.0	178.0	172.0	214.0	170.0	237.0	159.0	256.0	182.0	185.0	200.0	154.0	196.0	197.0	205.0	168.0	224.0	172.0	270.0	176.0	255.0	253.0	266.0	206.0	291.0	221.0	302.0	221.0	373.0	184.0	27
68.0	200.0	63.0	215.0	91.0	197.0	152.0	162.0	135.0	178.0	171.0	213.0	168.0	235.0	157.0	252.0	179.0	185.0	197.0	154.0	195.0	196.0	203.0	167.0	225.0	172.0	278.0	178.0	258.0	250.0	267.0	205.0	293.0	221.0	304.0	221.0	373.0	180.0	27
82.0	197.0	77.0	212.0	105.0	194.0	165.0	162.0	147.0	177.0	177.0	211.0	172.0	231.0	163.0	247.0	184.0	183.0	205.0	157.0	197.0	194.0	210.0	168.0	229.0	174.0	270.0	179.0	253.0	248.0	265.0	208.0	284.0	222.0	297.0	222.0	368.0	190.0	27
81.0	201.0	77.0	216.0	102.0	198.0	160.0	166.0	144.0	180.0	177.0	211.0	174.0	233.0	166.0	250.0	183.0	187.0	200.0	160.0	195.0	195.0	203.0	171.0	222.0	176.0	268.0	178.0	255.0	245.0	262.0	205.0	281.0	217.0	294.0	218.0	357.0	187.0	27
72.0	200.0	66.0	216.0	96.0	198.0	160.0	163.0	145.0	177.0	175.0	214.0	169.0	236.0	159.0	253.0	182.0	184.0	202.0	156.0	195.0	196.0	207.0	168.0	225.0	174.0	269.0	178.0	255.0	251.0	266.0	207.0	289.0	221.0	301.0	221.0	369.0	185.0	27
72.0	200.0	68.0	214.0	96.0	197.0	158.0	162.0	141.0	179.0	173.0	214.0	168.0	234.0	160.0	251.0	179.0	186.0	199.0	157.0	192.0	196.0	205.0	170.0	228.0	176.0	269.0	177.0	258.0	249.0	262.0	205.0	287.0	220.0	299.0	219.0	367.0	180.0	27
72.0	198.0	66.0	214.0	96.0	196.0	159.0	163.0	143.0	177.0	173.0	212.0	169.0	235.0	160.0	254.0	182.0	185.0	202.0	156.0	197.0	197.0	206.0	169.0	226.0	174.0	267.0	176.0	259.0	252.0	266.0	206.0	288.0	220.0	303.0	220.0	373.0	182.0	27
67.0	198.0	62.0	214.0	94.0	197.0	155.0	161.0	139.0	178.0	171.0	214.0	169.0	235.0	159.0	252.0	177.0	184.0	201.0	156.0	194.0	196.0	205.0	168.0	226.0	173.0	270.0	177.0	255.0	251.0	267.0	209.0	286.0	221.0	299.0	221.0	371.0	179.0	27
75.0	200.0	71.0	215.0	98.0	197.0	158.0	160.0	142.0	177.0	175.0	211.0	173.0	234.0	163.0	251.0	179.0	182.0	199.0	156.0	194.0	193.0	204.0	167.0	225.0	173.0	273.0	177.0	259.0	246.0	263.0	202.0	285.0	218.0	299.0	219.0	364.0	186.0	27
70.0	199.0	63.0	215.0	95.0	196.0	153.0	161.0	137.0	177.0	171.0	214.0	169.0	238.0	159.0	256.0	177.0	184.0	198.0	154.0	193.0	195.0	203.0	167.0	223.0	173.0	268.0	176.0	258.0	251.0	265.0	206.0	286.0	220.0	300.0	220.0	371.0	179.0	27
77.0	198.0	71.0	214.0	101.0	196.0	164.0	163.0	144.0	179.0	180.0	214.0	176.0	235.0	166.0	254.0	185.0	185.0	206.0	156.0	205.0	207.0	212.0	168.0	231.0	173.0	276.0	176.0	269.0	252.0	274.0	208.0	299.0	222.0	312.0	223.0	384.0	181.0	27
69.0	201.0	65.0	217.0	92.0	199.0	158.0	161.0	142.0	176.0	174.0	214.0	168.0	236.0	156.0	255.0	182.0	184.0	200.0	154.0	197.0	196.0	205.0	168.0	226.0	174.0	267.0	177.0	257.0	255.0	266.0	206.0	292.0	223.0	304.0	223.0	370.0	181.0	27
78.0	201.0	74.0	216.0	100.0	198.0	158.0	162.0	140.0	179.0	173.0	213.0	172.0	235.0	165.0	254.0	179.0	185.0	200.0	156.0	192.0	195.0	205.0	169.0	224.0	174.0	266.0	176.0	258.0	250.0	264.0	206.0	287.0	220.0	299.0	220.0	365.0	182.0	27
68.0	200.0	62.0	217.0	95.0	197.0	154.0	161.0	138.0	177.0	172.0	214.0	167.0	236.0	156.0	256.0	180.0	185.0	200.0	154.0	194.0	196.0	204.0	167.0	229.0	174.0	273.0	176.0	260.0	252.0	268.0	206.0	292.0	222.0	304.0	221.0	378.0	183.0	27
66.0	200.0	61.0	216.0	90.0	198.0	157.0	159.0	135.0	176.0	172.0	212.0	168.0	237.0	157.0	255.0	179.0	183.0	200.0	152.0	192.0	194.0	206.0	166.0	230.0	172.0	271.0	175.0	260.0	251.0	265.0	205.0	289.0	222.0	301.0	221.0	371.0	183.0	27
80.0	200.0	74.0	215.0	104.0	197.0	159.0	163.0	143.0	178.0	174.0	213.0	170.0	233.0	160.0	251.0	182.0	186.0	200.0	158.0	195.0	197.0	204.0	170.0	227.0	176.0	267.0	178.0	256.0	247.0	262.0	206.0	285.0	220.0	295.0	219.0	363.0	184.0	27
64.0	199.0	59.0	215.0	89.0	197.0	153.0	160.0	136.0	177.0	171.0	214.0	168.0	238.0	158.0	257.0	179.0	184.0	200.0	154.0	193.0	196.0	206.0	167.0	226.0	173.0	271.0	176.0	258.0	257.0	268.0	207.0	292.0	222.0	307.0	222.0	380.0	180.0	27
72.0	201.0	67.0	216.0	95.0	199.0	160.0	161.0	139.0	179.0	176.0	216.0	171.0	237.0	160.0	255.0	182.0	184.0	203.0	155.0	200.0	197.0	207.0	167.0	228.0	173.0	274.0	178.0	262.0	255.0	270.0	207.0	293.0	223.0	309.0	224.0	379.0	186.0	27
77.0	199.0	72.0	213.0	101.0	197.0	160.0	165.0	143.0	179.0	174.0	214.0	170.0	234.0	160.0	252.0	181.0	185.0	202.0	157.0	195.0	195.0	204.0	169.0	225.0	175.0	265.0	177.0	254.0	251.0	261.0	205.0	286.0	220.0	297.0	220.0	358.0	182.0	27
71.0	203.0	68.0	219.0	98.0	200.0	158.0	162.0	138.0	179.0	174.0	214.0	171.0	236.0	162.0	255.0	179.0	186.0	198.0	155.0	194.0	197.0	203.0	167.0	226.0	173.0	270.0	176.0	259.0	250.0	266.0	207.0	287.0	221.0	300.0	221.0	368.0	183.0	27
67.0	199.0	64.0	215.0	92.0	196.0	153.0	161.0	136.0	176.0	173.0	213.0	171.0	236.0	162.0	254.0	176.0	182.0	200.0	151.0	192.0	193.0	206.0	164.0	226.0	169.0	274.0	174.0	262.0	252.0	269.0	204.0	294.0	219.0	307.0	219.0	376.0	176.0	27
77.0	200.0	73.0	217.0	96.0	197.0	154.0	162.0	137.0	178.0	173.0	214.0	171.0	236.0	163.0	254.0	180.0	185.0	195.0	154.0	192.0	195.0	201.0	167.0	221.0	172.0	268.0	176.0	257.0	251.0	264.0	205.0	288.0	220.0	301.0	220.0	369.0	181.0	27
72.0	199.0	66.0	213.0	98.0	197.0	158.0	162.0	141.0	178.0	172.0	212.0	169.0	234.0	159.0	250.0	179.0	184.0	201.0	155.0	195.0	197.0	206.0	167.0	230.0	174.0	276.0	179.0	253.0	249.0	265.0	207.0	289.0	222.0	299.0	222.0	370.0	186.0	27
70.0	201.0	65.0	216.0	94.0	198.0	156.0	160.0	137.0	178.0	173.0	214.0	169.0	236.0	159.0	253.0	178.0	184.0	199.0	154.0	193.0	194.0	205.0	167.0	225.0	172.0	271.0	177.0	257.0	253.0	264.0	206.0	288.0	222.0	302.0	223.0	371.0	181.0	27
63.0	202.0	59.0	211.0	90.0	199.0	154.0	161.0	137.0	178.0	171.0	213.0	168.0	235.0	157.0	254.0	180.0	185.0	198.0	155.0	192.0	195.0	203.0	167.0	220.0	173.0	268.0	176.0	255.0	251.0	263.0	206.0	285.0	220.0	299.0	221.0	371.0	181.0	27
70.0	200.0	64.0	217.0	92.0	198.0	157.0	161.0	138.0	177.0	170.0	214.0	167.0	238.0	157.0	257.0	182.0	185.0	198.0	154.0	193.0	194.0	204.0	166.0	224.0	171.0	270.0	176.0	258.0	254.0	264.0	204.0	293.0	222.0	305.0	221.0	375.0	183.0	27
66.0	200.0	61.0	217.0	89.0	198.0	153.0	160.0	135.0	177.0	173.0	216.0	168.0	238.0	157.0	256.0	176.0	183.0	198.0	151.0	196.0	197.0	204.0	164.0	229.0	171.0	275.0	174.0	257.0	254.0	272.0	209.0	292.0	223.0	304.0	223.0	374.0	180.0	27
74.0	200.0	71.0	216.0	99.0	197.0	161.0	160.0	141.0	178.0	174.0	212.0	171.0	233.0	161.0	251.0	183.0	185.0	199.0	154.0	196.0	195.0	204.0	167.0	226.0	173.0	272.0	177.0	256.0	247.0	269.0	207.0	288.0	220.0	301.0	220.0	365.0	181.0	27
76.0	201.0	73.0	217.0	98.0	198.0	160.0	162.0	140.0	178.0	176.0	212.0	174.0	235.0	166.0	252.0	181.0	184.0	201.0	156.0	196.0	194.0	205.0	167.0	227.0	173.0	274.0	176.0	260.0	247.0	266.0	204.0	288.0	218.0	301.0	218.0	367.0	184.0	27
78.0	199.0	72.0	214.0	101.0	197.0	161.0	163.0	143.0	179.0	175.0	213.0	171.0	234.0	163.0	250.0	183.0	186.0	200.0	158.0	198.0	197.0	205.0	170.0	226.0	175.0	269.0	179.0	256.0	248.0	263.0	206.0	285.0	221.0	297.0	221.0	362.0	184.0	27
79.0	202.0	72.0	216.0	103.0	198.0	159.0	163.0	144.0	179.0	173.0	212.0	170.0	234.0	161.0	252.0	179.0	185.0	201.0	156.0	194.0	196.0	205.0	169.0	223.0	174.0	264.0	178.0	252.0	249.0	263.0	207.0	285.0	221.0	297.0	221.0	362.0	186.0	27
63.0	198.0	58.0	212.0	85.0	195.0	153.0	158.0	133.0	177.0	169.0	212.0	167.0	235.0	157.0	251.0	177.0	183.0	199.0	153.0	193.0	195.0	204.0	166.0	227.0	172.0	281.0	179.0	258.0	250.0	268.0	206.0	295.0	223.0	305.0	222.0	375.0	185.0	27
75.0	201.0	71.0	217.0	96.0	198.0	158.0	163.0	139.0	179.0	174.0	213.0	171.0	236.0	162.0	254.0	177.0	184.0	199.0	157.0	194.0	196.0	204.0	168.0	223.0	174.0	266.0	177.0	256.0	249.0	264.0	206.0	286.0	220.0	297.0	219.0	367.0	183.0	27
74.0	199.0	72.0	215.0	96.0	196.0	158.0	162.0	140.0	178.0	174.0	212.0	172.0	235.0	163.0	252.0	179.0	184.0	201.0	157.0	195.0	196.0	206.0	168.0	230.0	174.0	273.0	178.0	256.0	250.0	267.0	207.0	286.0	220.0	298.0	220.0	369.0	183.0	27
71.0	200.0	67.0	215.0	94.0	197.0	158.0	160.0	137.0	177.0	173.0	213.0	170.0	236.0	159.0	255.0	179.0	184.0	199.0	154.0	194.0	195.0	204.0	167.0	224.0	172.0	272.0	177.0	257.0	251.0	266.0	205.0	288.0	220.0	301.0	220.0	370.0	183.0	27
71.0	199.0	66.0	214.0	95.0	197.0	158.0	161.0	140.0	178.0	174.0	213.0	170.0	234.0	160.0	252.0	181.0	184.0	199.0	155.0	196.0	196.0	203.0	167.0	223.0	172.0	268.0	174.0	262.0	250.0	265.0	204.0	294.0	221.0	306.0	221.0	378.0	179.0	27
80.0	201.0	78.0	217.0	101.0	198.0	158.0	163.0	141.0	179.0	173.0	212.0	170.0	234.0	160.0	249.0	181.0	185.0	196.0	156.0	193.0	195.0	202.0	168.0	223.0	174.0	265.0	177.0	255.0	248.0	261.0	205.0	285.0	220.0	297.0	220.0	364.0	182.0	27
70.0	200.0	63.0	216.0	95.0	198.0	158.0	161.0	139.0	178.0	173.0	216.0	169.0	238.0	159.0	256.0	178.0	184.0	200.0	154.0	197.0	197.0	204.0	167.0	224.0	172.0	267.0	175.0	259.0	254.0	268.0	207.0	294.0	222.0	304.0	221.0	371.0	181.0	27
64.0	198.0	59.0	215.0	86.0	197.0	154.0	160.0	135.0	176.0	172.0	216.0	168.0	238.0	157.0	257.0	179.0	183.0	201.0	152.0	196.0	196.0	205.0	164.0	227.0	171.0	274.0	176.0	259.0	254.0	268.0	206.0	292.0	222.0	303.0	222.0	376.0	183.0	27
77.0	201.0	75.0	217.0	99.0	199.0	157.0	162.0	140.0	178.0	175.0	213.0	169.0	235.0	159.0	252.0	181.0	185.0	198.0	155.0	194.0	195.0	203.0	167.0	223.0	173.0	268.0	176.0	260.0	252.0	262.0	205.0	291.0	222.0	303.0	222.0	366.0	181.0	27
79.0	200.0	76.0	216.0	98.0	198.0	158.0	164.0	141.0	180.0	175.0	213.0	172.0	233.0	165.0	250.0	179.0	185.0	199.0	158.0	194.0	196.0	203.0	169.0	221.0	173.0	266.0	176.0	258.0	247.0	264.0	206.0	286.0	219.0	299.0	219.0	362.0	182.0	27
68.0	201.0	64.0	216.0	93.0	197.0	151.0	163.0	136.0	178.0	170.0	213.0	167.0	235.0	158.0	254.0	178.0	185.0	195.0	155.0	191.0	194.0	201.0	168.0	221.0	173.0	268.0	176.0	260.0	249.0	266.0	205.0	292.0	220.0	307.0	221.0	376.0	179.0	27
76.0	200.0	70.0	215.0	98.0	197.0	159.0	163.0	137.0	180.0	174.0	215.0	169.0	236.0	159.0	253.0	181.0	185.0	202.0	156.0	197.0	197.0	205.0	168.0	227.0	174.0	268.0	176.0	256.0	251.0	265.0	206.0	288.0	221.0	301.0	220.0	370.0	183.0	27
62.0	201.0	57.0	217.0	89.0	197.0	152.0	161.0	132.0	178.0	172.0	214.0	169.0	237.0	158.0	257.0	180.0	185.0	196.0	153.0	193.0	196.0	203.0	167.0	222.0	171.0	272.0	173.0	266.0	252.0	270.0	205.0	293.0	219.0	308.0	219.0	377.0	178.0	27
75.0	201.0	69.0	214.0	97.0	198.0	158.0	162.0	139.0	180.0	174.0	212.0	171.0	234.0	162.0	250.0	180.0	185.0	199.0	157.0	196.0	195.0	204.0	169.0	227.0	174.0	274.0	178.0	256.0	248.0	268.0	207.0	287.0	219.0	299.0	219.0	365.0	181.0	27
66.0	201.0	61.0	216.0	90.0	198.0	151.0	162.0	134.0	178.0	170.0	213.0	167.0	236.0	157.0	253.0	179.0	184.0	196.0	154.0	194.0	196.0	202.0	166.0	225.0	172.0	278.0	177.0	258.0	250.0	267.0	205.0	293.0	221.0	304.0	221.0	374.0	180.0	27
81.0	198.0	75.0	211.0	104.0	196.0	166.0	163.0	148.0	179.0	176.0	212.0	172.0	232.0	163.0	249.0	186.0	186.0	206.0	159.0	199.0	196.0	210.0	171.0	230.0	177.0	271.0	182.0	253.0	252.0	266.0	211.0	284.0	224.0	298.0	224.0	370.0	192.0	27
80.0	203.0	76.0	218.0	99.0	200.0	159.0	163.0	138.0	180.0	175.0	213.0	171.0	236.0	163.0	253.0	181.0	185.0	202.0	156.0	196.0	196.0	204.0	167.0	225.0	174.0	269.0	177.0	257.0	248.0	264.0	206.0	285.0	221.0	297.0	221.0	365.0	188.0	27
67.0	199.0	63.0	215.0	89.0	198.0	155.0	161.0	136.0	179.0	171.0	214.0	168.0	236.0	158.0	253.0	182.0	186.0	198.0	154.0	196.0	197.0	205.0	168.0	227.0	174.0	277.0	179.0	256.0	251.0	266.0	206.0	289.0	221.0	302.0	221.0	372.0	182.0	27
73.0	200.0	69.0	216.0	95.0	198.0	158.0	161.0	137.0	178.0	174.0	214.0	170.0	236.0	161.0	255.0	180.0	184.0	200.0	154.0	194.0	194.0	204.0	166.0	225.0	172.0	268.0	175.0	255.0	252.0	264.0	204.0	290.0	222.0	302.0	222.0	368.0	182.0	27
69.0	198.0	64.0	214.0	94.0	196.0	157.0	160.0	139.0	176.0	173.0	212.0	170.0	234.0	161.0	253.0	178.0	182.0	195.0	153.0	193.0	193.0	202.0	165.0	229.0	172.0	272.0	175.0	257.0	250.0	264.0	204.0	287.0	219.0	301.0	220.0	371.0	178.0	27
80.0	201.0	77.0	217.0	101.0	198.0	162.0	162.0	143.0	177.0	176.0	213.0	171.0	234.0	163.0	253.0	180.0	184.0	201.0	156.0	196.0	196.0	204.0	167.0	226.0	174.0	269.0	177.0	256.0	249.0	263.0	206.0	284.0	221.0	296.0	221.0	365.0	185.0	27
81.0	200.0	77.0	216.0	102.0	196.0	160.0	163.0	142.0	179.0	175.0	212.0	171.0	233.0	162.0	250.0	181.0	185.0	201.0	158.0	195.0	196.0	205.0	169.0	224.0	174.0	268.0	178.0	254.0	246.0	262.0	206.0	282.0	220.0	294.0	220.0	357.0	185.0	27
81.0	201.0	77.0	216.0	102.0	198.0	158.0	163.0	139.0	179.0	175.0	213.0	172.0	235.0	163.0	250.0	181.0	185.0	197.0	158.0	193.0	195.0	203.0	169.0	224.0	174.0	264.0	177.0	254.0	248.0	262.0	206.0	285.0	220.0	298.0	220.0	363.0	181.0	27
75.0	200.0	71.0	217.0	96.0	197.0	159.0	163.0	140.0	178.0	174.0	212.0	170.0	234.0	161.0	252.0	181.0	184.0	201.0	156.0	196.0	196.0	204.0	167.0	225.0	173.0	266.0	174.0	257.0	248.0	264.0	206.0	287.0	221.0	299.0	220.0	367.0	182.0	27
77.0	198.0	71.0	213.0	95.0	197.0	161.0	160.0	142.0	177.0	174.0	213.0	170.0	234.0	161.0	251.0	181.0	185.0	203.0	155.0	196.0	196.0	208.0	167.0	228.0	173.0	275.0	179.0	254.0	250.0	267.0	208.0	285.0	221.0	298.0	222.0	366.0	182.0	27
66.0	199.0	60.0	215.0	89.0	197.0	151.0	159.0	133.0	177.0	170.0	213.0	166.0	236.0	157.0	255.0	178.0	184.0	200.0	153.0	192.0	195.0	203.0	166.0	224.0	171.0	271.0	173.0	265.0	252.0	270.0	204.0	299.0	220.0	312.0	220.0	386.0	179.0	27
69.0	201.0	64.0	216.0	94.0	199.0	157.0	162.0	139.0	178.0	172.0	214.0	170.0	236.0	160.0	254.0	180.0	186.0	195.0	155.0	192.0	196.0	201.0	169.0	221.0	175.0	266.0	178.0	259.0	251.0	264.0	207.0	289.0	222.0	302.0	221.0	370.0	178.0	27
74.0	200.0	68.0	215.0	98.0	197.0	159.0	162.0	141.0	179.0	174.0	215.0	170.0	235.0	160.0	253.0	182.0	185.0	201.0	156.0	197.0	197.0	205.0	168.0	227.0	174.0	270.0	178.0	254.0	250.0	262.0	206.0	285.0	221.0	298.0	220.0	364.0	184.0	27
77.0	201.0	73.0	217.0	95.0	198.0	158.0	163.0	136.0	179.0	174.0	212.0	171.0	235.0	163.0	253.0	178.0	185.0	200.0	155.0	193.0	196.0	204.0	167.0	225.0	172.0	268.0	174.0	259.0	249.0	266.0	206.0	287.0	220.0	299.0	219.0	369.0	183.0	27
71.0	201.0	68.0	215.0	92.0	198.0	156.0	161.0	137.0	176.0	173.0	213.0	168.0	236.0	160.0	254.0	176.0	183.0	198.0	155.0	191.0	195.0	203.0	166.0	226.0	172.0	272.0	176.0	256.0	251.0	264.0	206.0	285.0	220.0	299.0	221.0	370.0	181.0	27
73.0	200.0	69.0	215.0	97.0	197.0	160.0	161.0	138.0	178.0	172.0	213.0	169.0	236.0	160.0	254.0	179.0	186.0	200.0	155.0	193.0	196.0	204.0	168.0	226.0	174.0	269.0	175.0	256.0	252.0	266.0	206.0	288.0	221.0	302.0	221.0	373.0	182.0	27
72.0	201.0	67.0	216.0	93.0	199.0	155.0	161.0	136.0	178.0	173.0	215.0	170.0	237.0	159.0	256.0	180.0	184.0	200.0	154.0	196.0	195.0	204.0	167.0	224.0	172.0	270.0	177.0	259.0	252.0	266.0	205.0	291.0	222.0	305.0	221.0	371.0	182.0	27
81.0	201.0	78.0	216.0	105.0	197.0	158.0	164.0	144.0	179.0	175.0	211.0	172.0	232.0	162.0	249.0	182.0	186.0	198.0	157.0	193.0	195.0	203.0	169.0	224.0	174.0	269.0	179.0	255.0	246.0	259.0	204.0	284.0	220.0	296.0	219.0	361.0	185.0	27
71.0	199.0	66.0	215.0	98.0	196.0	157.0	159.0	137.0	178.0	171.0	212.0	168.0	233.0	158.0	251.0	179.0	184.0	199.0	155.0	192.0	194.0	204.0	167.0	223.0	173.0	271.0	177.0	255.0	251.0	263.0	206.0	287.0	221.0	300.0	222.0	371.0	182.0	27
73.0	199.0	68.0	214.0	98.0	198.0	155.0	162.0	138.0	179.0	173.0	215.0	169.0	236.0	159.0	253.0	178.0	184.0	201.0	155.0	196.0	196.0	205.0	167.0	227.0	174.0	267.0	177.0	260.0	252.0	266.0	207.0	288.0	220.0	301.0	220.0	365.0	181.0	27
81.0	198.0	75.0	212.0	102.0	195.0	162.0	163.0	146.0	177.0	172.0	210.0	170.0	232.0	160.0	249.0	182.0	184.0	202.0	158.0	196.0	195.0	206.0	170.0	225.0	175.0	266.0	179.0	254.0	248.0	260.0	207.0	283.0	222.0	295.0	221.0	363.0	186.0	27
74.0	199.0	68.0	214.0	98.0	197.0	159.0	162.0	142.0	179.0	173.0	214.0	168.0	235.0	159.0	252.0	181.0	185.0	202.0	156.0	197.0	196.0	205.0	168.0	227.0	175.0	268.0	178.0	256.0	252.0	264.0	206.0	287.0	221.0	299.0	221.0	363.0	181.0	27
77.0	200.0	71.0	215.0	97.0	198.0	158.0	163.0	141.0	179.0	173.0	212.0	169.0	235.0	159.0	252.0	182.0	185.0	200.0	156.0	195.0	196.0	205.0	168.0	225.0	173.0	268.0	177.0	256.0	250.0	263.0	205.0	288.0	221.0	299.0	222.0	365.0	183.0	27
71.0	199.0	65.0	215.0	96.0	197.0	157.0	162.0	139.0	179.0	171.0	214.0	169.0	235.0	159.0	253.0	180.0	184.0	201.0	155.0	196.0	196.0	206.0	167.0	225.0	173.0	267.0	176.0	257.0	251.0	266.0	206.0	289.0	221.0	301.0	220.0	366.0	182.0	27
67.0	198.0	63.0	215.0	91.0	197.0	159.0	160.0	141.0	176.0	173.0	213.0	170.0	236.0	160.0	256.0	182.0	183.0	202.0	154.0	197.0	195.0	209.0	167.0	227.0	173.0	273.0	177.0	257.0	253.0	268.0	208.0	287.0	220.0	301.0	221.0	372.0	182.0	27
76.0	200.0	72.0	216.0	97.0	197.0	155.0	161.0	136.0	179.0	173.0	213.0	170.0	237.0	162.0	255.0	177.0	183.0	197.0	154.0	196.0	196.0	202.0	166.0	222.0	171.0	265.0	173.0	258.0	252.0	267.0	206.0	290.0	221.0	301.0	221.0	366.0	179.0	27
80.0	201.0	76.0	216.0	99.0	198.0	162.0	162.0	141.0	179.0	174.0	213.0	172.0	235.0	163.0	252.0	181.0	185.0	200.0	156.0	195.0	196.0	203.0	168.0	224.0	173.0	267.0	177.0	255.0	248.0	264.0	207.0	283.0	220.0	295.0	220.0	361.0	186.0	27
71.0	200.0	67.0	215.0	95.0	198.0	161.0	160.0	140.0	177.0	174.0	213.0	170.0	236.0	160.0	253.0	180.0	184.0	199.0	156.0	197.0	196.0	204.0	167.0	228.0	174.0	272.0	178.0	260.0	251.0	263.0	205.0	287.0	221.0	299.0	220.0	367.0	183.0	27
72.0	200.0	68.0	216.0	98.0	196.0	156.0	163.0	139.0	178.0	174.0	214.0	171.0	236.0	162.0	254.0	181.0	186.0	199.0	156.0	195.0	196.0	202.0	168.0	224.0	173.0	272.0	177.0	257.0	251.0	266.0	206.0	290.0	220.0	301.0	220.0	368.0	182.0	27
73.0	198.0	66.0	214.0	97.0	196.0	157.0	161.0	139.0	177.0	172.0	212.0	168.0	233.0	159.0	253.0	180.0	184.0	199.0	156.0	194.0	196.0	205.0	168.0	225.0	173.0	266.0	177.0	254.0	251.0	262.0	207.0	283.0	221.0	296.0	221.0	365.0	181.0	27
72.0	200.0	67.0	216.0	98.0	197.0	156.0	160.0	138.0	178.0	172.0	213.0	168.0	234.0	158.0	252.0	179.0	184.0	200.0	155.0	192.0	195.0	205.0	168.0	224.0	173.0	272.0	177.0	257.0	250.0	264.0	206.0	288.0	221.0	302.0	222.0	372.0	182.0	27
74.0	202.0	68.0	218.0	100.0	198.0	157.0	163.0	140.0	179.0	174.0	213.0	171.0	235.0	162.0	252.0	182.0	186.0	197.0	156.0	194.0	195.0	202.0	168.0	223.0	173.0	272.0	177.0	258.0	249.0	267.0	206.0	291.0	221.0	303.0	220.0	369.0	180.0	27
64.0	201.0	60.0	217.0	90.0	197.0	152.0	161.0	132.0	178.0	171.0	213.0	169.0	237.0	158.0	256.0	178.0	184.0	199.0	154.0	192.0	194.0	203.0	166.0	226.0	172.0	273.0	175.0	262.0	251.0	268.0	206.0	289.0	221.0	304.0	221.0	376.0	185.0	27
75.0	200.0	71.0	216.0	100.0	197.0	164.0	162.0	147.0	177.0	177.0	213.0	173.0	235.0	164.0	253.0	185.0	185.0	203.0	156.0	200.0	196.0	207.0	169.0	230.0	175.0	271.0	178.0	259.0	251.0	271.0	207.0	292.0	222.0	303.0	222.0	371.0	186.0	27
70.0	202.0	68.0	219.0	89.0	198.0	157.0	161.0	137.0	177.0	173.0	214.0	171.0	238.0	162.0	256.0	180.0	184.0	200.0	154.0	194.0	196.0	206.0	167.0	224.0	172.0	273.0	176.0	260.0	252.0	265.0	206.0	291.0	221.0	302.0	221.0	372.0	184.0	27
75.0	201.0	70.0	216.0	95.0	198.0	158.0	164.0	140.0	179.0	173.0	213.0	171.0	235.0	162.0	252.0	182.0	186.0	199.0	157.0	193.0	195.0	202.0	169.0	225.0	175.0	264.0	178.0	258.0	249.0	263.0	205.0	288.0	221.0	300.0	220.0	367.0	182.0	27
69.0	199.0	62.0	215.0	93.0	196.0	152.0	161.0	136.0	177.0	171.0	214.0	168.0	238.0	158.0	257.0	177.0	184.0	197.0	154.0	193.0	195.0	202.0	167.0	223.0	173.0	268.0	176.0	258.0	252.0	265.0	206.0	286.0	220.0	300.0	220.0	372.0	179.0	27
80.0	199.0	74.0	214.0	100.0	197.0	161.0	163.0	144.0	178.0	175.0	213.0	172.0	235.0	163.0	254.0	182.0	185.0	201.0	158.0	197.0	197.0	206.0	170.0	226.0	175.0	266.0	177.0	254.0	251.0	264.0	206.0	285.0	220.0	299.0	220.0	366.0	182.0	27
92.0	200.0	86.0	214.0	114.0	197.0	162.0	167.0	147.0	181.0	176.0	211.0	173.0	230.0	164.0	245.0	182.0	187.0	197.0	161.0	196.0	197.0	202.0	172.0	219.0	177.0	259.0	180.0	247.0	242.0	255.0	205.0	275.0	218.0	286.0	218.0	346.0	185.0	27
76.0	200.0	70.0	216.0	97.0	198.0	159.0	161.0	142.0	177.0	174.0	214.0	171.0	237.0	162.0	255.0	179.0	183.0	203.0	155.0	194.0	195.0	205.0	167.0	226.0	173.0	270.0	177.0	256.0	251.0	263.0	206.0	288.0	222.0	301.0	221.0	369.0	185.0	27
70.0	201.0	64.0	217.0	94.0	198.0	159.0	160.0	142.0	176.0	171.0	214.0	168.0	237.0	158.0	256.0	179.0	183.0	201.0	153.0	195.0	195.0	206.0	167.0	225.0	172.0	268.0	176.0	255.0	254.0	264.0	207.0	289.0	223.0	303.0	222.0	375.0	183.0	27
74.0	201.0	68.0	216.0	95.0	198.0	159.0	161.0	139.0	178.0	173.0	213.0	170.0	235.0	158.0	254.0	179.0	184.0	198.0	154.0	196.0	196.0	203.0	168.0	224.0	173.0	273.0	177.0	257.0	251.0	266.0	206.0	288.0	221.0	302.0	221.0	371.0	182.0	27
68.0	199.0	64.0	215.0	91.0	196.0	159.0	160.0	141.0	177.0	172.0	214.0	168.0	237.0	159.0	256.0	182.0	184.0	199.0	153.0	195.0	196.0	206.0	167.0	226.0	172.0	271.0	176.0	257.0	251.0	266.0	206.0	290.0	223.0	302.0	223.0	373.0	181.0	27
78.0	201.0	74.0	217.0	99.0	197.0	159.0	161.0	143.0	177.0	174.0	213.0	170.0	234.0	162.0	252.0	179.0	184.0	198.0	154.0	195.0	195.0	202.0	167.0	222.0	172.0	266.0	176.0	257.0	250.0	263.0	206.0	287.0	221.0	300.0	221.0	366.0	183.0	27
101.0	187.0	59.0	258.0	119.0	141.0	203.0	156.0	137.0	183.0	189.0	191.0	151.0	209.0	158.0	293.0	213.0	128.0	221.0	157.0	216.0	189.0	236.0	255.0	251.0	258.0	255.0	165.0	253.0	302.0	250.0	280.0	261.0	142.0	287.0	103.0	351.0	265.0	27
82.0	200.0	78.0	216.0	100.0	197.0	160.0	165.0	140.0	179.0	177.0	212.0	174.0	234.0	166.0	251.0	181.0	185.0	200.0	159.0	196.0	197.0	204.0	170.0	227.0	175.0	270.0	178.0	256.0	246.0	264.0	206.0	282.0	218.0	295.0	218.0	359.0	186.0	27
79.0	200.0	73.0	215.0	100.0	198.0	160.0	164.0	140.0	180.0	175.0	213.0	171.0	234.0	162.0	252.0	179.0	185.0	202.0	157.0	194.0	196.0	205.0	168.0	225.0	173.0	271.0	178.0	258.0	247.0	266.0	207.0	285.0	220.0	298.0	219.0	364.0	185.0	27
66.0	199.0	61.0	216.0	92.0	196.0	153.0	160.0	138.0	175.0	173.0	214.0	170.0	236.0	160.0	257.0	179.0	183.0	200.0	154.0	194.0	195.0	205.0	168.0	227.0	173.0	273.0	177.0	259.0	252.0	267.0	205.0	292.0	222.0	304.0	222.0	377.0	182.0	27
71.0	198.0	66.0	213.0	96.0	195.0	155.0	161.0	137.0	177.0	168.0	214.0	163.0	236.0	154.0	253.0	174.0	185.0	202.0	164.0	190.0	198.0	223.0	177.0	249.0	254.0	277.0	163.0	261.0	210.0	268.0	182.0	282.0	226.0	295.0	227.0	360.0	188.0	27
80.0	201.0	78.0	215.0	99.0	198.0	158.0	165.0	141.0	181.0	175.0	213.0	172.0	232.0	165.0	249.0	179.0	185.0	197.0	159.0	193.0	196.0	203.0	170.0	220.0	174.0	264.0	177.0	256.0	246.0	262.0	206.0	283.0	219.0	297.0	219.0	359.0	182.0	27
73.0	199.0	67.0	214.0	95.0	197.0	156.0	161.0	139.0	179.0	173.0	215.0	168.0	236.0	158.0	253.0	180.0	185.0	202.0	154.0	196.0	196.0	205.0	167.0	226.0	173.0	267.0	177.0	258.0	253.0	266.0	207.0	290.0	221.0	301.0	221.0	367.0	180.0	27
73.0	201.0	69.0	216.0	96.0	198.0	158.0	163.0	139.0	178.0	174.0	213.0	172.0	236.0	163.0	254.0	181.0	186.0	201.0	155.0	192.0	194.0	205.0	168.0	227.0	174.0	273.0	178.0	260.0	249.0	265.0	205.0	287.0	219.0	300.0	220.0	370.0	187.0	27
78.0	200.0	72.0	216.0	102.0	197.0	159.0	163.0	142.0	179.0	174.0	214.0	170.0	235.0	162.0	252.0	179.0	185.0	198.0	156.0	193.0	196.0	204.0	168.0	225.0	174.0	267.0	176.0	256.0	250.0	264.0	207.0	288.0	221.0	299.0	221.0	363.0	181.0	27
76.0	199.0	71.0	215.0	97.0	197.0	159.0	162.0	141.0	177.0	174.0	213.0	170.0	234.0	161.0	251.0	182.0	185.0	200.0	155.0	194.0	195.0	205.0	168.0	223.0	172.0	268.0	176.0	255.0	249.0	260.0	204.0	286.0	220.0	299.0	220.0	367.0	182.0	27
78.0	200.0	74.0	214.0	101.0	197.0	159.0	162.0	142.0	179.0	175.0	213.0	171.0	233.0	162.0	250.0	180.0	184.0	201.0	157.0	197.0	196.0	204.0	168.0	225.0	174.0	269.0	178.0	255.0	250.0	261.0	205.0	285.0	219.0	296.0	219.0	360.0	183.0	27
73.0	199.0	66.0	215.0	96.0	197.0	161.0	162.0	140.0	179.0	173.0	213.0	169.0	236.0	159.0	254.0	182.0	185.0	202.0	155.0	194.0	195.0	207.0	168.0	234.0	175.0	273.0	178.0	258.0	252.0	266.0	207.0	288.0	221.0	298.0	221.0	368.0	186.0	27
71.0	201.0	65.0	216.0	96.0	199.0	157.0	163.0	142.0	179.0	174.0	214.0	169.0	235.0	159.0	253.0	181.0	184.0	200.0	156.0	196.0	195.0	205.0	168.0	229.0	175.0	268.0	177.0	258.0	251.0	269.0	207.0	291.0	222.0	304.0	222.0	372.0	182.0	27
72.0	200.0	67.0	217.0	96.0	198.0	156.0	162.0	138.0	178.0	174.0	214.0	171.0	236.0	161.0	254.0	181.0	184.0	203.0	156.0	196.0	195.0	206.0	166.0	228.0	173.0	273.0	178.0	260.0	251.0	269.0	206.0	291.0	220.0	303.0	221.0	369.0	184.0	27
72.0	198.0	64.0	212.0	91.0	195.0	156.0	160.0	138.0	177.0	172.0	212.0	170.0	234.0	159.0	251.0	182.0	185.0	200.0	154.0	196.0	196.0	205.0	168.0	230.0	174.0	276.0	180.0	256.0	251.0	266.0	206.0	290.0	222.0	302.0	222.0	371.0	184.0	27
85.0	199.0	77.0	212.0	108.0	196.0	164.0	163.0	147.0	179.0	177.0	214.0	174.0	235.0	165.0	252.0	187.0	187.0	204.0	160.0	198.0	197.0	209.0	170.0	228.0	176.0	270.0	180.0	257.0	249.0	264.0	209.0	286.0	223.0	298.0	223.0	366.0	188.0	27
61.0	202.0	56.0	212.0	88.0	200.0	152.0	161.0	136.0	178.0	170.0	214.0	168.0	236.0	156.0	255.0	179.0	184.0	197.0	155.0	192.0	195.0	202.0	167.0	220.0	172.0	268.0	176.0	255.0	251.0	264.0	206.0	286.0	221.0	300.0	221.0	373.0	180.0	27
